1645247428272 1 3.999999 1787 346799 0.1675 -7.684099999999999
1645247430884 2 5.391513 0 500350 0.2414 0.000174418604651283
1645247433627 2 6.649641000000001 0 545518 0.2637 0.00027906976744174194
1645247436549 2 7.727729 0 584100 0.2819 0.00027906976744174194
1645247439123 2 9.155608999999998 0 512169 0.2472 0.00027906976744174194
1645247442015 2 10.262326999999999 0 578121 0.2791 0.00027906976744174194
1645247445184 2 11.094016 0 636691 0.30670000000000003 0.00027906976744174194
1645247448308 2 11.985306999999999 0 519743 0.251 0.00027906976744174194
1645247452563 2 11.723582000000004 0 653153 0.3154 0.00027906976744174194
1645247456736 2 11.714246000000003 0 531618 0.2566 0.00027906976744174194
1645247460681 2 11.708820000000003 0 588952 0.284 0.00027906976744174194
1645247464559 2 11.949429000000002 0 575427 0.2779 0.00027906976744174194
1645247468471 2 11.941610000000004 0 582800 0.2812 0.00027906976744174194
1645247472563 2 11.934032000000002 0 619183 0.2987 0.00027906976744174194
1645247476528 2 11.928655 0 592095 0.2862 0.00027906976744174194
1645247480470 2 11.919139000000001 0 588643 0.2839 0.00027906976744174194
1645247484493 2 11.910696999999999 0 604781 0.2924 0.00027906976744174194
1645247488528 2 11.901933 0 504428 0.2435 0.00027906976744174194
1645247492568 2 11.890472000000003 0 608117 0.294 0.00027906976744174194
1645247496780 2 11.631118999999998 0 645520 0.3108 0.00027906976744174194
1645247500573 2 11.867655999999997 0 557793 0.2691 0.00027906976744174194
1645247504748 2 11.610745000000009 0 635530 0.3073 0.00027906976744174194
1645247508862 2 11.599294 0 520041 0.2509 0.00027906976744174194
1645247512641 2 11.843388000000004 0 656205 0.3177 0.00027906976744174194
1645247516729 2 11.584060000000008 0 516287 0.24860000000000002 0.00027906976744174194
1645247520883 2 11.577595000000002 0 627180 0.3041 0.00027906976744174194
1645247524916 2 11.565027999999998 0 603841 0.29209999999999997 0.00027906976744174194
1645247528832 2 11.550697 0 582703 0.2813 0.00027906976744174194
1645247532952 2 11.543114000000003 0 626605 0.3023 0.00027906976744174194
1645247536642 2 11.783364000000006 0 535113 0.2584 0.00027906976744174194
1645247540831 2 11.525413 0 638212 0.3079 0.00027906976744174194
1645247544895 2 11.517807000000005 0 615017 0.2964 0.00027906976744174194
1645247548569 2 11.762839 0 533736 0.2577 0.00027906976744174194
1645247552863 2 11.500482000000005 0 661250 0.3191 0.00027906976744174194
1645247556605 2 11.744592000000011 0 547682 0.2638 0.00027906976744174194
1645247560573 2 11.733508999999998 0 594286 0.2873 0.00027906976744174194
1645247564572 2 11.725896000000006 0 599508 0.2892 0.00027906976744174194
1645247568579 2 11.715449000000007 0 599347 0.2899 0.00027906976744174194
1645247572641 2 11.705241999999998 0 609977 0.2949 0.00027906976744174194
1645247576662 2 11.699076999999988 0 604926 0.2918 0.00027906976744174194
1645247580641 2 11.69116600000001 0 594986 0.2878 0.00027906976744174194
1645247584579 2 11.936782999999991 0 588726 0.2842 0.00027906976744174194
1645247588710 2 11.677594 0 523106 0.2532 0.00027906976744174194
1645247592802 2 11.669112000000013 0 618775 0.2987 0.00027906976744174194
1645247596496 2 11.90751499999999 0 642262 0.3094 0.00027906976744174194
1645247600769 2 11.651218 0 553119 0.26680000000000004 0.00027906976744174194
1645247604459 2 11.889873999999992 0 640678 0.3084 0.00027906976744174194
1645247608646 2 11.878971000000007 0 535087 0.25880000000000003 0.00027906976744174194
1645247612856 2 11.615631000000008 0 645101 0.31110000000000004 0.00027906976744174194
1645247616578 2 11.85584399999999 0 542740 0.2624 0.00027906976744174194
1645247620741 2 11.590832000000006 0 635250 0.3066 0.00027906976744174194
1645247624771 2 11.582547000000005 0 607370 0.2935 0.00027906976744174194
1645247628788 2 11.573318999999998 0 601045 0.2911 0.00027906976744174194
1645247632806 2 11.563721000000015 0 605033 0.29209999999999997 0.00027906976744174194
1645247636971 2 11.553334000000007 0 530643 0.2562 0.00027906976744174194
1645247640724 2 11.756132000000008 0 652691 0.3154 0.00027906976744174194
1645247644760 2 11.533456999999999 0 609815 0.2938 0.00027906976744174194
1645247648993 2 11.52633800000001 0 544612 0.2631 0.00027906976744174194
1645247652640 2 11.765050000000002 0 632508 0.30510000000000004 0.00027906976744174194
1645247656555 2 11.757914 0 583029 0.2811 0.00027906976744174194
1645247660587 2 11.731274000000013 0 609324 0.29359999999999997 0.00027906976744174194
1645247664554 2 11.970158999999995 0 593619 0.2871 0.00027906976744174194
1645247668625 2 11.704577 0 613859 0.2967 0.00027906976744174194
1645247672673 2 11.697279000000009 0 608720 0.2941 0.00027906976744174194
1645247676715 2 11.687339000000009 0 606705 0.29369999999999996 0.00027906976744174194
1645247680676 2 11.671196000000009 0 593343 0.2863 0.00027906976744174194
1645247684606 2 11.911113999999998 0 587405 0.2834 0.00027906976744174194
1645247688660 2 11.647481000000028 0 509910 0.24580000000000002 0.00027906976744174194
1645247692777 2 11.639017000000024 0 624112 0.3014 0.00027906976744174194
1645247696434 2 11.881107999999983 0 631553 0.3053 0.00027906976744174194
1645247700731 2 11.622859000000005 0 558385 0.2699 0.00027906976744174194
1645247704434 2 11.866822000000013 0 642127 0.31 0.00027906976744174194
1645247708589 2 11.855695000000026 0 530123 0.2559 0.00027906976744174194
1645247712818 2 11.600599999999986 0 646460 0.3125 0.00027906976744174194
1645247716543 2 11.841638999999986 0 544018 0.2624 0.00027906976744174194
1645247720745 2 11.583225000000027 0 639772 0.3096 0.00027906976744174194
1645247724820 2 11.575128000000007 0 616543 0.2975 0.00027906976744174194
1645247728743 2 11.564208000000008 0 585544 0.2827 0.00027906976744174194
1645247732784 2 11.557590000000005 0 607252 0.29359999999999997 0.00027906976744174194
1645247736966 2 11.550771999999995 0 534940 0.2579 0.00027906976744174194
1645247740643 2 11.789395000000013 0 638300 0.3073 0.00027906976744174194
1645247744779 2 11.52873199999999 0 626429 0.30310000000000004 0.00027906976744174194
1645247748980 2 11.52249999999998 0 538866 0.2602 0.00027906976744174194
1645247752654 2 11.766385000000014 0 636237 0.3069 0.00027906976744174194

