1645254479134 1 3.999999 998 346799 0.089 -4.291399999999999
1645254481284 3 5.860056999999999 0 755039 0.19390000000000002 0.000174418604651283
1645254483531 3 7.611912000000001 0 835161 0.2141 0.00043023255813956496
1645254485960 3 9.182382 0 908792 0.2331 0.00043023255813956496
1645254488127 3 11.018018999999999 0 804438 0.2057 0.00043023255813956496
1645254491358 3 11.975829999999998 0 828659 0.21269999999999997 0.00043023255813956496
1645254495370 3 11.963936999999998 0 937332 0.2408 0.00043023255813956496
1645254499482 3 11.707259 0 776416 0.1996 0.00043023255813956496
1645254503237 3 11.950590000000002 0 1025687 0.2629 0.00043023255813956496
1645254507432 3 11.941200000000002 0 815426 0.209 0.00043023255813956496
1645254511313 3 11.933228 0 884625 0.2264 0.00043023255813956496
1645254515250 3 11.925079000000004 0 904952 0.23210000000000003 0.00043023255813956496
1645254519302 3 11.913135000000004 0 954418 0.24500000000000002 0.00043023255813956496
1645254523733 3 11.65831 0 910446 0.23370000000000002 0.00043023255813956496
1645254527704 3 11.646925000000003 0 922454 0.23690000000000003 0.00043023255813956496
1645254531734 3 11.639054000000002 0 942842 0.2424 0.00043023255813956496
1645254535609 3 11.624711000000005 0 884128 0.22719999999999999 0.00043023255813956496
1645254539337 3 11.860418000000003 0 828263 0.2122 0.00043023255813956496
1645254543465 3 11.846924000000001 0 981175 0.2522 0.00043023255813956496
1645254547484 3 11.840266999999997 0 939007 0.2411 0.00043023255813956496
1645254551752 3 11.582795000000004 0 841370 0.2162 0.00043023255813956496
1645254555786 3 11.576478000000009 0 947658 0.24289999999999998 0.00043023255813956496
1645254559552 3 11.808751999999998 0 828958 0.2133 0.00043023255813956496
1645254563664 3 11.550583000000003 0 977791 0.251 0.00043023255813956496
1645254567447 3 11.792077000000006 0 847215 0.21810000000000002 0.00043023255813956496
1645254571563 3 11.782652999999996 0 978032 0.2511 0.00043023255813956496
1645254575575 3 11.77722 0 934237 0.23969999999999997 0.00043023255813956496
1645254579460 3 11.76876 0 889600 0.22810000000000002 0.00043023255813956496
1645254583601 3 11.762595000000005 0 988774 0.2539 0.00043023255813956496
1645254587785 3 11.500358000000006 0 808061 0.20800000000000002 0.00043023255813956496
1645254591447 3 11.742353000000008 0 995677 0.256 0.00043023255813956496
1645254597306 3 9.837604999999996 0 924757 0.5757 0.00043023255813956496
1645254599644 3 11.500478000000001 0 808228 0.21389999999999998 0.00043023255813956496
1645254603348 3 11.960557000000009 0 1014212 0.2597 0.00043023255813956496
1645254607621 3 11.700627999999995 0 845218 0.21680000000000002 0.00043023255813956496
1645254611591 3 11.69305399999999 0 910767 0.236 0.00043023255813956496
1645254615517 3 11.680553000000003 0 901777 0.2313 0.00043023255813956496
1645254619609 3 11.667864000000009 0 967347 0.24860000000000002 0.00043023255813956496
1645254623615 3 11.662742000000009 0 935273 0.24089999999999998 0.00043023255813956496
1645254627602 3 11.660573999999997 0 916928 0.2353 0.00043023255813956496
1645254631615 3 11.65025399999999 0 940743 0.24169999999999997 0.00043023255813956496
1645254635477 3 11.895733000000007 0 877888 0.2258 0.00043023255813956496
1645254639754 3 11.637351999999993 0 839766 0.21539999999999998 0.00043023255813956496
1645254643360 3 11.881198000000012 0 976062 0.2508 0.00043023255813956496
1645254649528 3 9.616105000000005 0 958353 0.6017 0.00043023255813956496
1645254651929 3 11.214696000000004 0 836268 0.2205 0.00043023255813956496
1645254655527 3 11.856636000000009 0 968967 0.2493 0.00043023255813956496
1645254659753 3 11.595898000000005 0 825839 0.2118 0.00043023255813956496
1645254663386 3 11.837139000000008 0 974212 0.2519 0.00043023255813956496
1645254667716 3 11.57987399999999 0 867483 0.223 0.00043023255813956496
1645254671353 3 11.820842999999996 0 987232 0.25379999999999997 0.00043023255813956496
1645254675826 3 11.563798999999989 0 921956 0.2367 0.00043023255813956496
1645254679779 3 11.553359 0 913803 0.23450000000000001 0.00043023255813956496
1645254683841 3 11.546695 0 958215 0.246 0.00043023255813956496
1645254687578 3 11.787898000000013 0 832934 0.21389999999999998 0.00043023255813956496
1645254691757 3 11.53232700000001 0 1005593 0.2578 0.00043023255813956496
1645254695759 3 11.52784299999999 0 935985 0.24020000000000002 0.00043023255813956496
1645254699424 3 11.763975000000016 0 802415 0.2063 0.00043023255813956496
1645254703594 3 11.754070000000013 0 999009 0.2565 0.00043023255813956496
1645254707428 3 11.749254000000008 0 869418 0.2233 0.00043023255813956496
1645254711338 3 11.989799000000005 0 897686 0.2305 0.00043023255813956496
1645254715421 3 11.730345999999997 0 960141 0.2467 0.00043023255813956496
1645254719368 3 11.974316000000016 0 914618 0.23479999999999998 0.00043023255813956496
1645254723409 3 11.963341000000014 0 949031 0.24409999999999998 0.00043023255813956496
1645254727373 3 11.954070999999999 0 919929 0.23650000000000002 0.00043023255813956496
1645254731360 3 11.947913999999997 0 930570 0.2383 0.00043023255813956496
1645254735254 3 11.937827000000027 0 894188 0.2294 0.00043023255813956496
1645254739508 3 11.682641999999987 0 835562 0.2156 0.00043023255813956496
1645254743650 3 11.672437000000002 0 986170 0.2539 0.00043023255813956496
1645254747712 3 11.666419000000019 0 955812 0.24580000000000002 0.00043023255813956496
1645254751467 3 11.903740000000028 0 837688 0.21509999999999999 0.00043023255813956496
1645254755575 3 11.641255000000001 0 972932 0.24969999999999998 0.00043023255813956496
1645254759757 3 11.62913100000003 0 807690 0.2082 0.00043023255813956496
1645254763340 3 11.870835999999997 0 968173 0.2484 0.00043023255813956496
1645254767679 3 11.61505900000003 0 872734 0.2238 0.00043023255813956496
1645254771326 3 11.854210000000023 0 991679 0.2549 0.00043023255813956496
1645254775318 3 11.840008000000012 0 930061 0.23900000000000002 0.00043023255813956496
1645254779694 3 11.579627000000016 0 884740 0.227 0.00043023255813956496
1645254783791 3 11.574183000000005 0 968599 0.2492 0.00043023255813956496
1645254787568 3 11.815737000000013 0 848189 0.21749999999999997 0.00043023255813956496
1645254791706 3 11.555482999999981 0 989262 0.2542 0.00043023255813956496
1645254795692 3 11.549576000000002 0 929927 0.23889999999999997 0.00043023255813956496
1645254799472 3 11.792854999999975 0 845977 0.2172 0.00043023255813956496
1645254803673 3 11.537715999999989 0 1009703 0.259 0.00043023255813956496
1645254807502 3 11.782461000000012 0 861836 0.2218 0.00043023255813956496

