1645229775203 1 3.999999 1818 346799 0.172 -7.817399999999999
1645229777901 2 5.315912 0 500350 0.2488 0.000174418604651283
1645229780718 2 6.498607000000001 0 545518 0.27149999999999996 0.00027906976744174194
1645229783724 2 7.4930340000000015 0 584100 0.2911 0.00027906976744174194
1645229786379 2 8.837461999999999 0 512169 0.2552 0.00027906976744174194
1645229789361 2 9.858241 0 578121 0.28809999999999997 0.00027906976744174194
1645229792640 2 10.579315999999999 0 636691 0.3174 0.00027906976744174194
1645229795336 2 11.880551999999998 0 519743 0.25880000000000003 0.00027906976744174194
1645229799692 2 11.542205000000003 0 653153 0.32530000000000003 0.00027906976744174194
1645229803441 2 11.786544000000003 0 531618 0.26480000000000004 0.00027906976744174194
1645229807469 2 11.779898000000003 0 588952 0.2924 0.00027906976744174194
1645229811936 2 11.524429000000005 0 575427 0.28650000000000003 0.00027906976744174194
1645229815943 2 11.514320000000005 0 582800 0.2895 0.00027906976744174194
1645229819631 2 11.758094 0 619183 0.3083 0.00027906976744174194
1645229823670 2 11.750787000000003 0 592095 0.2947 0.00027906976744174194
1645229827698 2 11.744633 0 588643 0.2927 0.00027906976744174194
1645229831305 2 11.984871000000005 0 604781 0.3007 0.00027906976744174194
1645229835412 2 11.978336000000006 0 504428 0.2504 0.00027906976744174194
1645229839541 2 11.723933000000002 0 608117 0.303 0.00027906976744174194
1645229843349 2 11.964801000000008 0 645520 0.3209 0.00027906976744174194
1645229847723 2 11.707772000000006 0 557793 0.27749999999999997 0.00027906976744174194
1645229851492 2 11.949984 0 635530 0.3168 0.00027906976744174194
1645229855678 2 11.691489000000004 0 520041 0.259 0.00027906976744174194
1645229859548 2 11.681964000000008 0 656205 0.3267 0.00027906976744174194
1645229863710 2 11.674221000000003 0 516287 0.2561 0.00027906976744174194
1645229867432 2 11.917679000000007 0 627180 0.3129 0.00027906976744174194
1645229871553 2 11.910300000000007 0 603841 0.3008 0.00027906976744174194
1645229875548 2 11.898147000000009 0 582703 0.28969999999999996 0.00027906976744174194
1645229879763 2 11.636130000000009 0 626605 0.31120000000000003 0.00027906976744174194
1645229883521 2 11.878141999999997 0 535113 0.2658 0.00027906976744174194
1645229887803 2 11.620942 0 638212 0.318 0.00027906976744174194
1645229891469 2 11.860383999999996 0 615017 0.3061 0.00027906976744174194
1645229895728 2 11.604701000000006 0 533736 0.2656 0.00027906976744174194
1645229899620 2 11.598055000000002 0 661250 0.3291 0.00027906976744174194
1645229903445 2 11.842261000000008 0 547682 0.2723 0.00027906976744174194
1645229907497 2 11.833100000000002 0 594286 0.29569999999999996 0.00027906976744174194
1645229911582 2 11.828980999999999 0 599508 0.2985 0.00027906976744174194
1645229915673 2 11.567900000000009 0 599347 0.2993 0.00027906976744174194
1645229919809 2 11.558996000000008 0 609977 0.30379999999999996 0.00027906976744174194
1645229923417 2 11.801735000000008 0 604926 0.3008 0.00027906976744174194
1645229927484 2 11.792451 0 594986 0.2959 0.00027906976744174194
1645229931513 2 11.786912000000001 0 588726 0.2928 0.00027906976744174194
1645229935715 2 11.528679000000011 0 523106 0.2605 0.00027906976744174194
1645229939899 2 11.519277000000017 0 618775 0.3084 0.00027906976744174194
1645229943694 2 11.762835999999993 0 642262 0.3198 0.00027906976744174194
1645229947550 2 11.753683999999993 0 553119 0.2759 0.00027906976744174194
1645229951347 2 11.998926000000012 0 640678 0.31989999999999996 0.00027906976744174194
1645229955597 2 11.741253 0 535087 0.2653 0.00027906976744174194
1645229959400 2 11.982950000000017 0 645101 0.3206 0.00027906976744174194
1645229963701 2 11.722362000000004 0 542740 0.2702 0.00027906976744174194
1645229967467 2 11.965812999999997 0 635250 0.3164 0.00027906976744174194
1645229971600 2 11.700818999999996 0 607370 0.3024 0.00027906976744174194
1645229975701 2 11.690705000000008 0 601045 0.29969999999999997 0.00027906976744174194
1645229979318 2 11.936188000000016 0 605033 0.3014 0.00027906976744174194
1645229983565 2 11.668126999999998 0 530643 0.2638 0.00027906976744174194
1645229987410 2 11.920098999999993 0 652691 0.3246 0.00027906976744174194
1645229991547 2 11.913051999999993 0 609815 0.3035 0.00027906976744174194
1645229995361 2 11.903358999999995 0 544612 0.2707 0.00027906976744174194
1645229999599 2 11.644723999999997 0 632508 0.3142 0.00027906976744174194
1645230003595 2 11.638677999999999 0 583029 0.28959999999999997 0.00027906976744174194
1645230007725 2 11.633226000000008 0 609324 0.3028 0.00027906976744174194
1645230011787 2 11.625294999999994 0 593619 0.2962 0.00027906976744174194
1645230015445 2 11.868941000000007 0 613859 0.306 0.00027906976744174194
1645230019578 2 11.857621999999992 0 608720 0.303 0.00027906976744174194
1645230023695 2 11.598568999999998 0 606705 0.30179999999999996 0.00027906976744174194
1645230027743 2 11.587117000000006 0 593343 0.29510000000000003 0.00027906976744174194
1645230031774 2 11.575017000000003 0 587405 0.2928 0.00027906976744174194
1645230035423 2 11.817977999999982 0 509910 0.2544 0.00027906976744174194
1645230039644 2 11.808219000000008 0 624112 0.3114 0.00027906976744174194
1645230043889 2 11.550978999999984 0 631553 0.3149 0.00027906976744174194
1645230047780 2 11.540680000000009 0 558385 0.2786 0.00027906976744174194
1645230051576 2 11.78395999999998 0 642127 0.3198 0.00027906976744174194
1645230055815 2 11.527930000000026 0 530123 0.26389999999999997 0.00027906976744174194
1645230059630 2 11.773989000000029 0 646460 0.3218 0.00027906976744174194
1645230063940 2 11.516493000000025 0 544018 0.27080000000000004 0.00027906976744174194
1645230067224 2 11.991802000000007 0 639772 0.31829999999999997 0.00027906976744174194
1645230071892 2 11.50473599999998 0 616543 0.3065 0.00027906976744174194
1645230075904 2 11.498527000000024 0 585544 0.2913 0.00027906976744174194
1645230079523 2 11.738835999999992 0 607252 0.30219999999999997 0.00027906976744174194
1645230083287 2 11.983634999999992 0 534940 0.2664 0.00027906976744174194
1645230087569 2 11.728617999999983 0 638300 0.318 0.00027906976744174194
1645230091290 2 11.969927999999982 0 626429 0.3121 0.00027906976744174194
1645230095573 2 11.708950000000016 0 538866 0.268 0.00027906976744174194
1645230099339 2 11.947895000000017 0 636237 0.3162 0.00027906976744174194
1645230103370 2 11.93481700000001 0 590006 0.2931 0.00027906976744174194

