1645257132913 1 3.999999 1702 346799 0.1578 -7.318599999999999
1645257134676 1 6.241878 0 363755 0.1656 0.00017441860465117198
1645257136428 1 8.489462000000001 0 362842 0.16519999999999999 0.00017441860465117198
1645257138284 1 10.636905 0 384791 0.1757 0.00017441860465117198
1645257141446 1 11.682296999999998 0 339137 0.155 0.00017441860465117198
1645257145335 1 11.676692999999998 0 393219 0.1789 0.00017441860465117198
1645257149283 1 11.664573 0 406206 0.1852 0.00017441860465117198
1645257153271 1 11.656537999999998 0 303135 0.1381 0.00017441860465117198
1645257157266 1 11.900849000000001 0 414092 0.1888 0.00017441860465117198
1645257161397 1 11.636004000000003 0 337705 0.1535 0.00017441860465117198
1645257165173 1 11.877604000000005 0 366374 0.1673 0.00017441860465117198
1645257169382 1 11.617878000000005 0 352030 0.1603 0.00017441860465117198
1645257173177 1 11.8555 0 371605 0.16899999999999998 0.00017441860465117198
1645257177541 1 11.594102 0 385670 0.17629999999999998 0.00017441860465117198
1645257181352 1 11.583255000000001 0 374050 0.1709 0.00017441860465117198
1645257185126 1 11.826591 0 367058 0.1676 0.00017441860465117198
1645257189452 1 11.567966000000006 0 377983 0.1721 0.00017441860465117198
1645257193545 1 11.561108000000004 0 326924 0.149 0.00017441860465117198
1645257197416 1 11.546166999999997 0 388939 0.1768 0.00017441860465117198
1645257201305 1 11.791475000000005 0 392939 0.179 0.00017441860465117198
1645257205558 1 11.531303000000008 0 362131 0.1655 0.00017441860465117198
1645257209498 1 11.521107 0 402712 0.18380000000000002 0.00017441860465117198
1645257213600 1 11.50466800000001 0 327400 0.1494 0.00017441860465117198
1645257217026 1 11.986457999999999 0 401133 0.18309999999999998 0.00017441860465117198
1645257221077 1 11.979031000000006 0 317452 0.1449 0.00017441860465117198
1645257224967 1 11.968542 0 391753 0.1784 0.00017441860465117198
1645257229326 1 11.708753000000002 0 384934 0.1756 0.00017441860465117198
1645257233106 1 11.94671600000001 0 367179 0.1675 0.00017441860465117198
1645257236984 1 11.940190999999999 0 387965 0.1769 0.00017441860465117198
1645257241105 1 11.929761999999997 0 333821 0.1523 0.00017441860465117198
1645257245006 1 11.913117999999997 0 394452 0.17980000000000002 0.00017441860465117198
1645257249469 1 11.654275999999996 0 409513 0.1864 0.00017441860465117198
1645257253465 1 11.642303999999996 0 307174 0.1399 0.00017441860465117198
1645257257472 1 11.634136999999996 0 420407 0.1913 0.00017441860465117198
1645257261126 1 11.877532000000002 0 340231 0.1551 0.00017441860465117198
1645257265437 1 11.617390999999998 0 374730 0.17099999999999999 0.00017441860465117198
1645257269140 1 11.862402000000003 0 353022 0.1605 0.00017441860465117198
1645257273534 1 11.606643999999989 0 393253 0.1789 0.00017441860465117198
1645257277304 1 11.851044000000002 0 368813 0.1675 0.00017441860465117198
1645257281605 1 11.471536000000015 0 372578 0.1703 0.00017441860465117198
1645257285419 1 11.550419000000005 0 374507 0.1711 0.00017441860465117198
1645257289218 1 11.788410999999996 0 372824 0.1694 0.00017441860465117198
1645257293314 1 11.708077000000003 0 326437 0.1491 0.00017441860465117198
1645257297165 1 11.95092600000001 0 383127 0.1749 0.00017441860465117198
1645257301092 1 11.939512000000008 0 400632 0.1825 0.00017441860465117198
1645257305257 1 11.673946 0 342596 0.15660000000000002 0.00017441860465117198
1645257309220 1 11.915526999999997 0 407655 0.186 0.00017441860465117198
1645257313363 1 11.658898999999991 0 337450 0.1538 0.00017441860465117198
1645257317310 1 11.646771000000001 0 404220 0.1843 0.00017441860465117198
1645257321433 1 11.636719 0 331794 0.1514 0.00017441860465117198
1645257325315 1 11.844298000000009 0 390086 0.17450000000000002 0.00017441860465117198
1645257329177 1 11.82968600000001 0 387516 0.176 0.00017441860465117198
1645257333453 1 11.571031000000005 0 365827 0.1668 0.00017441860465117198
1645257337357 1 11.803449 0 392579 0.1794 0.00017441860465117198
1645257341498 1 11.510780000000011 0 337939 0.1542 0.00017441860465117198
1645257345465 1 11.523015000000015 0 406896 0.186 0.00017441860465117198
1645257349345 1 11.756597 0 390582 0.1778 0.00017441860465117198
1645257352958 1 11.990183000000002 0 328479 0.1507 0.00017441860465117198
1645257357384 1 11.72300899999999 0 399016 0.18180000000000002 0.00017441860465117198
1645257361177 1 11.963578000000012 0 370990 0.1683 0.00017441860465117198
1645257364986 1 11.951805000000007 0 371149 0.1698 0.00017441860465117198
1645257369293 1 11.688715000000002 0 372261 0.1692 0.00017441860465117198
1645257373194 1 11.933007000000003 0 394237 0.1797 0.00017441860465117198
1645257377476 1 11.670976999999993 0 368311 0.1672 0.00017441860465117198
1645257381323 1 11.65892500000001 0 381418 0.173 0.00017441860465117198
1645257385113 1 11.892808000000002 0 368451 0.1682 0.00017441860465117198
1645257389420 1 11.631974000000014 0 371908 0.1699 0.00017441860465117198
1645257393525 1 11.61215900000002 0 328352 0.14930000000000002 0.00017441860465117198
1645257397357 1 11.599109999999996 0 379027 0.1726 0.00017441860465117198
1645257401325 1 11.735682999999995 0 407465 0.18560000000000001 0.00017441860465117198
1645257405468 1 11.56367899999998 0 333046 0.1527 0.00017441860465117198
1645257409530 1 11.553349000000026 0 416856 0.1906 0.00017441860465117198
1645257413170 1 11.791833999999994 0 335171 0.15289999999999998 0.00017441860465117198
1645257417627 1 11.524765000000002 0 401613 0.184 0.00017441860465117198
1645257421271 1 11.758882000000028 0 337330 0.15360000000000001 0.00017441860465117198
1645257425157 1 11.998813999999982 0 391244 0.1782 0.00017441860465117198
1645257429030 1 11.988157999999999 0 387864 0.17729999999999999 0.00017441860465117198
1645257433299 1 11.722864000000015 0 363813 0.1661 0.00017441860465117198
1645257437190 1 11.960481000000016 0 391839 0.179 0.00017441860465117198
1645257441341 1 11.699809000000016 0 336898 0.1535 0.00017441860465117198
1645257445187 1 11.938619000000017 0 381135 0.1742 0.00017441860465117198
1645257449085 1 11.92794200000003 0 386654 0.1767 0.00017441860465117198
1645257453323 1 11.659273999999982 0 347396 0.1587 0.00017441860465117198
1645257457220 1 11.880158999999992 0 392538 0.1789 0.00017441860465117198

