1645240432696 1 3.999999 1314 346799 0.119 -5.6502
1645240434057 1 6.651781 0 363755 0.1246 0.00017441860465117198
1645240435401 1 9.308264000000001 0 362842 0.12430000000000001 0.00017441860465117198
1645240436825 1 11.881386000000001 0 384791 0.1323 0.00017441860465117198
1645240441293 3 11.554715999999999 0 804438 0.2759 0.000174418604651283
1645240445241 3 11.550650999999998 0 828659 0.2843 0.00043023255813956496
1645240449058 3 11.790730999999997 0 937332 0.3216 0.00043023255813956496
1645240453314 3 11.528554999999997 0 776416 0.2662 0.00043023255813956496
1645240456946 3 11.766945000000003 0 1025687 0.3519 0.00043023255813956496
1645240461345 3 11.510629000000002 0 815426 0.2799 0.00043023255813956496
1645240464983 3 11.753255000000003 0 884625 0.3039 0.00043023255813956496
1645240470820 3 9.890544000000006 0 904952 0.5730999999999999 0.00043023255813956496
1645240472828 1 11.987443000000006 0 371605 0.1312 0.00043023255813956496
1645240477061 3 11.732671000000003 0 910446 0.3125 0.000174418604651283
1645240480829 3 11.977786000000002 0 922454 0.3168 0.00043023255813956496
1645240485165 3 11.713315000000001 0 942842 0.32320000000000004 0.00043023255813956496
1645240488795 3 11.957653 0 884128 0.3033 0.00043023255813956496
1645240493242 3 11.697612 0 828263 0.2846 0.00043023255813956496
1645240497208 3 11.691280000000006 0 981175 0.3366 0.00043023255813956496
1645240501042 3 11.681654000000009 0 939007 0.3225 0.00043023255813956496
1645240506743 3 9.966001000000006 0 841370 0.5597000000000001 0.00043023255813956496
1645240508862 1 11.915886 0 402712 0.1419 0.00043023255813956496
1645240512853 3 11.909683000000001 0 828958 0.2841 0.000174418604651283
1645240516813 3 11.902898000000008 0 977791 0.3348 0.00043023255813956496
1645240520830 3 11.894683 0 847215 0.2906 0.00043023255813956496
1645240525287 3 11.637450999999999 0 978032 0.3357 0.00043023255813956496
1645240529090 3 11.63213900000001 0 934237 0.32080000000000003 0.00043023255813956496
1645240533243 3 11.623446999999999 0 889600 0.3052 0.00043023255813956496
1645240536746 3 11.962480999999997 0 988774 0.3397 0.00043023255813956496
1645240541134 3 11.608823000000001 0 808061 0.2774 0.00043023255813956496
1645240545151 3 11.600121000000001 0 995677 0.3413 0.00043023255813956496
1645240548925 3 11.844156999999996 0 924757 0.3177 0.00043023255813956496
1645240553298 3 11.585954999999998 0 808228 0.2773 0.00043023255813956496
1645240556890 3 11.827128000000002 0 1014212 0.3484 0.00043023255813956496
1645240560892 3 11.823021000000011 0 845218 0.2899 0.00043023255813956496
1645240565124 3 11.814695 0 910767 0.3128 0.00043023255813956496
1645240569318 3 11.554123000000004 0 901777 0.30920000000000003 0.00043023255813956496
1645240572743 3 11.964985000000013 0 967347 0.3321 0.00043023255813956496
1645240577057 3 11.785396999999989 0 935273 0.3214 0.00043023255813956496
1645240581311 3 11.425831000000017 0 916928 0.315 0.00043023255813956496
1645240585145 3 11.76916399999999 0 940743 0.3235 0.00043023255813956496
1645240589267 3 11.509105000000005 0 877888 0.3019 0.00043023255813956496
1645240593252 3 11.503536999999994 0 839766 0.2882 0.00043023255813956496
1645240597205 3 11.718350000000015 0 976062 0.3352 0.00043023255813956496
1645240601097 3 11.73589100000001 0 958353 0.3286 0.00043023255813956496
1645240605069 3 11.727868 0 836268 0.28700000000000003 0.00043023255813956496
1645240608992 3 11.964391000000006 0 968967 0.33199999999999996 0.00043023255813956496
1645240612934 3 11.956832999999989 0 825839 0.2835 0.00043023255813956496
1645240616884 3 11.948098000000016 0 974212 0.3344 0.00043023255813956496
1645240620965 3 11.938778000000013 0 867483 0.2974 0.00043023255813956496
1645240624955 3 11.932618999999988 0 987232 0.3392 0.00043023255813956496
1645240629221 3 11.669180000000011 0 921956 0.3164 0.00043023255813956496
1645240632966 3 11.916043000000002 0 913803 0.314 0.00043023255813956496
1645240636853 3 11.907533999999998 0 958215 0.3289 0.00043023255813956496
1645240640829 3 11.902148000000011 0 832934 0.2859 0.00043023255813956496
1645240644886 3 11.894993 0 1005593 0.346 0.00043023255813956496
1645240649205 3 11.634848000000005 0 935985 0.32130000000000003 0.00043023255813956496
1645240653061 3 11.87366800000001 0 802415 0.27549999999999997 0.00043023255813956496
1645240657095 3 11.617958000000016 0 999009 0.3431 0.00043023255813956496
1645240661191 3 11.606604000000004 0 869418 0.2983 0.00043023255813956496
1645240664889 3 11.852532999999994 0 897686 0.3086 0.00043023255813956496
1645240669289 3 11.592067000000014 0 960141 0.3295 0.00043023255813956496
1645240673038 3 11.834393000000006 0 914618 0.3142 0.00043023255813956496
1645240679132 3 9.584791999999993 0 949031 0.5988 0.00043023255813956496
1645240681199 1 11.560268000000008 0 381418 0.1341 0.00043023255813956496
1645240685003 3 11.802728000000002 0 930570 0.3186 0.000174418604651283
1645240689182 3 11.53501399999999 0 894188 0.2995 0.00043023255813956496
1645240693150 3 11.776351999999974 0 835562 0.2864 0.00043023255813956496
1645240697136 3 11.751863000000014 0 986170 0.3388 0.00043023255813956496
1645240701030 3 11.763195999999994 0 955812 0.3283 0.00043023255813956496
1645240705011 3 11.754887999999994 0 837688 0.28809999999999997 0.00043023255813956496
1645240708956 3 11.994164000000012 0 972932 0.3343 0.00043023255813956496
1645240712825 3 11.988809000000003 0 807690 0.27690000000000003 0.00043023255813956496
1645240716748 3 11.978466000000026 0 968173 0.3321 0.00043023255813956496
1645240720853 3 11.969655999999986 0 872734 0.3 0.00043023255813956496
1645240724881 3 11.958597999999995 0 991679 0.34009999999999996 0.00043023255813956496
1645240729187 3 11.694965000000025 0 930061 0.3197 0.00043023255813956496
1645240740286 3 4.423519999999996 0 884740 1.0928 0.00043023255813956496
1645240741882 1 6.826746000000014 0 391839 0.1379 0.00043023255813956496
1645240743139 1 9.569823999999983 0 336898 0.1147 0.00017441860465117198
1645240745050 1 11.665182000000016 0 381135 0.1302 0.00017441860465117198
1645240748849 3 11.90999800000003 0 929927 0.31880000000000003 0.000174418604651283
1645240752856 3 11.899547999999982 0 845977 0.2907 0.00043023255813956496
1645240756936 3 11.881302000000005 0 1009703 0.3464 0.00043023255813956496
1645240761008 3 11.87545 0 861836 0.2959 0.00043023255813956496

