1645233654295 1 3.999999 800 346799 0.06760000000000001 -3.44
1645233657069 4 5.242566999999999 0 1312552 0.2566 0.000174418604651283
1645233659900 4 6.413414 0 1383123 0.2719 0.000662790697674609
1645233662855 4 7.457474000000001 0 1451767 0.2847 0.000662790697674609
1645233665530 4 8.78559 0 1308083 0.257 0.000662790697674609
1645233668180 4 10.130923 0 1299338 0.2546 0.000662790697674609
1645233671150 4 11.185644999999997 0 1453833 0.28559999999999997 0.000662790697674609
1645233674782 4 11.573321 0 1280990 0.2517 0.000662790697674609
1645233678557 4 11.813635000000001 0 1612910 0.3174 0.000662790697674609
1645233682539 4 11.807571000000003 0 1213987 0.2384 0.000662790697674609
1645233686851 4 11.549863000000002 0 1380918 0.271 0.000662790697674609
1645233690577 4 11.795218000000006 0 1334467 0.262 0.000662790697674609
1645233694548 4 11.786624000000003 0 1463126 0.2874 0.000662790697674609
1645233698945 4 11.524246000000005 0 1421742 0.2792 0.000662790697674609
1645233702877 4 11.512556000000004 0 1436771 0.2822 0.000662790697674609
1645233706784 4 11.759032000000005 0 1425347 0.2799 0.000662790697674609
1645233710574 4 11.979839000000005 0 1366001 0.2686 0.000662790697674609
1645233714859 4 11.568565 0 1281785 0.25179999999999997 0.000662790697674609
1645233718934 4 11.561335 0 1514044 0.2974 0.000662790697674609
1645233722855 4 11.549383000000006 0 1432783 0.2813 0.000662790697674609
1645233726713 4 11.79598 0 1401397 0.2742 0.000662790697674609
1645233730676 4 11.780913999999996 0 1450362 0.2832 0.000662790697674609
1645233736121 4 10.209147999999999 0 1266375 0.5347999999999999 0.000662790697674609
1645233739343 4 10.995869999999996 0 1497932 0.3023 0.000662790697674609
1645233743013 4 11.502271000000007 0 1308773 0.257 0.000662790697674609
1645233746595 4 11.744258000000002 0 1516715 0.2979 0.000662790697674609
1645233750472 4 11.982573000000002 0 1407805 0.2757 0.000662790697674609
1645233754808 4 11.725350000000006 0 1394624 0.2738 0.000662790697674609
1645233758862 4 11.715139000000008 0 1502056 0.2952 0.000662790697674609
1645233762476 4 11.961364000000003 0 1276395 0.2508 0.000662790697674609
1645233766488 4 11.950761999999997 0 1480768 0.2909 0.000662790697674609
1645233770495 4 11.946506999999997 0 1473992 0.28969999999999996 0.000662790697674609
1645233774662 4 11.684516000000002 0 1306146 0.2561 0.000662790697674609
1645233778850 4 11.678954000000004 0 1565699 0.3088 0.000662790697674609
1645233782447 4 11.917046999999997 0 1268922 0.24969999999999998 0.000662790697674609
1645233786817 4 11.651668999999998 0 1406335 0.2764 0.000662790697674609
1645233790632 4 11.896429000000012 0 1381377 0.2712 0.000662790697674609
1645233794630 4 11.886132000000003 0 1475162 0.2895 0.000662790697674609
1645233798547 4 11.874423000000007 0 1430482 0.2807 0.000662790697674609
1645233802475 4 11.867437999999993 0 1439994 0.2828 0.000662790697674609
1645233806840 4 11.605036000000013 0 1405476 0.2763 0.000662790697674609
1645233810661 4 11.84795600000001 0 1382866 0.2717 0.000662790697674609
1645233814822 4 11.58441400000001 0 1303196 0.2559 0.000662790697674609
1645233818947 4 11.574329000000006 0 1538814 0.30219999999999997 0.000662790697674609
1645233822847 4 11.564783000000006 0 1423261 0.2798 0.000662790697674609
1645233826662 4 11.802749000000006 0 1377859 0.2707 0.000662790697674609
1645233831010 4 11.544841999999989 0 1396488 0.27440000000000003 0.000662790697674609
1645233834597 4 11.789017999999999 0 1265878 0.24900000000000003 0.000662790697674609
1645233838603 4 11.781140999999991 0 1474721 0.2902 0.000662790697674609
1645233842877 4 11.52082200000001 0 1357016 0.26739999999999997 0.000662790697674609
1645233846947 4 11.510095000000007 0 1508969 0.2961 0.000662790697674609
1645233850846 4 11.502894999999995 0 1420161 0.2788 0.000662790697674609
1645233854709 4 11.748651999999993 0 1394798 0.2736 0.000662790697674609
1645233858757 4 11.735858000000007 0 1499654 0.29369999999999996 0.000662790697674609
1645233862454 4 11.978048000000001 0 1323592 0.2601 0.000662790697674609
1645233866462 4 11.967470999999989 0 1477260 0.2903 0.000662790697674609
1645233870460 4 11.955218000000002 0 1474833 0.28959999999999997 0.000662790697674609
1645233874610 4 11.945888999999994 0 1299401 0.255 0.000662790697674609
1645233878856 4 11.687546999999995 0 1595638 0.3135 0.000662790697674609
1645233882471 4 11.925488999999999 0 1282380 0.2522 0.000662790697674609
1645233886829 4 11.665311000000003 0 1402228 0.2758 0.000662790697674609
1645233890688 4 11.654597999999993 0 1404885 0.2757 0.000662790697674609
1645233894641 4 11.890142999999995 0 1453425 0.2859 0.000662790697674609
1645233898598 4 11.886560000000003 0 1453998 0.28559999999999997 0.000662790697674609
1645233902491 4 11.875858999999991 0 1424197 0.27949999999999997 0.000662790697674609
1645233906860 4 11.622366 0 1409895 0.27690000000000003 0.000662790697674609
1645233910673 4 11.86656099999999 0 1381516 0.2714 0.000662790697674609
1645233914827 4 11.605942000000027 0 1298461 0.25470000000000004 0.000662790697674609
1645233918929 4 11.593299000000002 0 1530017 0.3003 0.000662790697674609
1645233922869 4 11.587901999999985 0 1437352 0.2821 0.000662790697674609
1645233926604 4 11.829245000000014 0 1344879 0.264 0.000662790697674609
1645233930627 4 11.82041300000003 0 1490910 0.2924 0.000662790697674609
1645233934708 4 11.809979999999996 0 1264017 0.2481 0.000662790697674609
1645233938676 4 11.802057999999988 0 1458446 0.28690000000000004 0.000662790697674609
1645233942989 4 11.543141999999989 0 1366050 0.2685 0.000662790697674609
1645233946619 4 11.788591999999994 0 1540108 0.3023 0.000662790697674609
1645233951006 4 11.526526999999987 0 1421303 0.27890000000000004 0.000662790697674609
1645233954774 4 11.771885999999995 0 1359213 0.26680000000000004 0.000662790697674609
1645233958854 4 11.511746000000016 0 1514199 0.2974 0.000662790697674609
1645233963004 4 11.504399999999976 0 1296661 0.2543 0.000662790697674609
1645233966738 4 11.744367000000011 0 1340186 0.2632 0.000662790697674609
1645233970775 4 11.741197999999997 0 1478975 0.2903 0.000662790697674609
1645233974518 4 11.987697000000026 0 1342511 0.26389999999999997 0.000662790697674609
1645233978623 4 11.729573000000016 0 1527618 0.3003 0.000662790697674609
1645233982774 4 11.722312999999986 0 1297467 0.2551 0.000662790697674609

