1645232929688 1 3.999999 963 346799 0.0828 -4.140899999999999
1645232931696 3 5.983124 0 755039 0.1799 0.000174418604651283
1645232933810 3 7.877099000000001 0 835161 0.1972 0.00043023255813956496
1645232936133 3 9.553607 0 908792 0.2186 0.00043023255813956496
1645232938161 3 11.517181999999998 0 804438 0.191 0.00043023255813956496
1645232942250 3 11.666386999999999 0 828659 0.1981 0.00043023255813956496
1645232946101 3 11.662236 0 937332 0.22440000000000002 0.00043023255813956496
1645232950060 3 11.654397 0 776416 0.1861 0.00043023255813956496
1645232954113 3 11.630756000000002 0 1025687 0.2447 0.00043023255813956496
1645232958167 3 11.623516000000002 0 815426 0.1951 0.00043023255813956496
1645232961888 3 11.864656000000004 0 884625 0.2116 0.00043023255813956496
1645232966153 3 11.608744999999999 0 904952 0.2166 0.00043023255813956496
1645232970039 3 11.851001000000004 0 954418 0.22820000000000001 0.00043023255813956496
1645232973830 3 11.846109000000006 0 910446 0.217 0.00043023255813956496
1645232978150 3 11.586279000000005 0 922454 0.2205 0.00043023255813956496
1645232982021 3 11.831078000000005 0 942842 0.22599999999999998 0.00043023255813956496
1645232986239 3 11.570598000000004 0 884128 0.2113 0.00043023255813956496
1645232990328 3 11.566430000000004 0 828263 0.1978 0.00043023255813956496
1645232994281 3 11.56241 0 981175 0.2347 0.00043023255813956496
1645232998138 3 11.549216999999999 0 939007 0.22360000000000002 0.00043023255813956496
1645233002286 3 11.541847000000004 0 841370 0.20139999999999997 0.00043023255813956496
1645233006156 3 11.534853999999996 0 947658 0.2264 0.00043023255813956496
1645233010329 3 11.531945000000007 0 828958 0.1984 0.00043023255813956496
1645233014278 3 11.522699000000003 0 977791 0.23370000000000002 0.00043023255813956496
1645233017924 3 11.762659 0 847215 0.20270000000000002 0.00043023255813956496
1645233022378 3 11.504044000000007 0 978032 0.2338 0.00043023255813956496
1645233025720 3 11.998945000000006 0 934237 0.2237 0.00043023255813956496
1645233029951 3 11.743182000000004 0 889600 0.21280000000000002 0.00043023255813956496
1645233033918 3 11.98294 0 988774 0.23650000000000002 0.00043023255813956496
1645233037962 3 11.718339999999998 0 808061 0.1938 0.00043023255813956496
1645233041959 3 11.963428000000008 0 995677 0.2383 0.00043023255813956496
1645233045776 3 11.95080800000001 0 924757 0.22080000000000002 0.00043023255813956496
1645233049816 3 11.94336700000001 0 808228 0.1938 0.00043023255813956496
1645233053846 3 11.935878000000002 0 1014212 0.2426 0.00043023255813956496
1645233057963 3 11.921227000000016 0 845218 0.202 0.00043023255813956496
1645233062246 3 11.660391000000004 0 910767 0.21749999999999997 0.00043023255813956496
1645233066010 3 11.900668999999994 0 901777 0.2156 0.00043023255813956496
1645233069926 3 11.882492000000013 0 967347 0.2318 0.00043023255813956496
1645233074263 3 11.621562000000011 0 935273 0.22349999999999998 0.00043023255813956496
1645233078073 3 11.617318000000012 0 916928 0.21939999999999998 0.00043023255813956496
1645233081922 3 11.861184000000009 0 940743 0.22469999999999998 0.00043023255813956496
1645233086122 3 11.602982999999995 0 877888 0.2102 0.00043023255813956496
1645233090233 3 11.595490000000012 0 839766 0.2011 0.00043023255813956496
1645233094181 3 11.586383000000012 0 976062 0.2326 0.00043023255813956496
1645233098076 3 11.826628 0 958353 0.2293 0.00043023255813956496
1645233102174 3 11.567350000000005 0 836268 0.19990000000000002 0.00043023255813956496
1645233106090 3 11.808728000000002 0 968967 0.2311 0.00043023255813956496
1645233110168 3 11.546307000000013 0 825839 0.1978 0.00043023255813956496
1645233114098 3 11.788348000000013 0 974212 0.2332 0.00043023255813956496
1645233118275 3 11.53432699999999 0 867483 0.20739999999999997 0.00043023255813956496
1645233122232 3 11.522206000000011 0 987232 0.2359 0.00043023255813956496
1645233126035 3 11.762279000000007 0 921956 0.2204 0.00043023255813956496
1645233130331 3 11.496935000000008 0 913803 0.21880000000000002 0.00043023255813956496
1645233133726 3 11.984491999999989 0 958215 0.229 0.00043023255813956496
1645233137899 3 11.976494000000002 0 832934 0.1992 0.00043023255813956496
1645233141905 3 11.969172000000015 0 1005593 0.2406 0.00043023255813956496
1645233145747 3 11.958371999999997 0 935985 0.2237 0.00043023255813956496
1645233149765 3 11.947858999999994 0 802415 0.192 0.00043023255813956496
1645233153760 3 11.937382000000014 0 999009 0.23929999999999998 0.00043023255813956496
1645233157943 3 11.929786000000007 0 869418 0.20790000000000003 0.00043023255813956496
1645233162203 3 11.672150000000016 0 897686 0.2144 0.00043023255813956496
1645233166113 3 11.667761000000013 0 960141 0.2294 0.00043023255813956496
1645233169894 3 11.907960000000003 0 914618 0.2185 0.00043023255813956496
1645233174275 3 11.650571000000014 0 949031 0.22690000000000002 0.00043023255813956496
1645233178098 3 11.633917999999994 0 919929 0.22010000000000002 0.00043023255813956496
1645233181930 3 11.875540999999998 0 930570 0.22280000000000003 0.00043023255813956496
1645233186170 3 11.61238400000002 0 894188 0.2136 0.00043023255813956496
1645233190272 3 11.608159999999998 0 835562 0.1996 0.00043023255813956496
1645233194268 3 11.597692999999992 0 986170 0.2358 0.00043023255813956496
1645233198156 3 11.592227999999977 0 955812 0.22799999999999998 0.00043023255813956496
1645233202267 3 11.587225999999987 0 837688 0.2002 0.00043023255813956496
1645233206205 3 11.57532100000003 0 972932 0.23220000000000002 0.00043023255813956496
1645233210233 3 11.570831999999996 0 807690 0.19290000000000002 0.00043023255813956496
1645233214154 3 11.559835000000021 0 968173 0.23149999999999998 0.00043023255813956496
1645233218348 3 11.555747999999994 0 872734 0.2085 0.00043023255813956496
1645233222319 3 11.542977000000008 0 991679 0.2375 0.00043023255813956496
1645233226155 3 11.534628999999995 0 930061 0.2223 0.00043023255813956496
1645233230374 3 11.523563000000024 0 884740 0.2116 0.00043023255813956496
1645233234296 3 11.517867000000024 0 968599 0.23199999999999998 0.00043023255813956496
1645233237918 3 11.761333999999977 0 848189 0.2021 0.00043023255813956496
1645233242387 3 11.505889000000025 0 989262 0.2366 0.00043023255813956496
1645233245720 3 11.995672000000013 0 929927 0.22269999999999998 0.00043023255813956496
1645233249838 3 11.991219999999998 0 845977 0.2021 0.00043023255813956496
1645233253857 3 11.983321999999987 0 1009703 0.24180000000000001 0.00043023255813956496
1645233258027 3 11.725923000000023 0 861836 0.20590000000000003 0.00043023255813956496

