1645251658692 1 3.999999 1446 346799 0.1326 -6.2178
1645251661791 3 4.899632 0 755039 0.2898 0.000174418604651283
1645251665092 3 5.598089000000001 0 835161 0.3198 0.00043023255813956496
1645251668676 3 6.015030000000001 0 908792 0.3478 0.00043023255813956496
1645251671866 3 6.826147999999998 0 804438 0.3079 0.00043023255813956496
1645251675157 3 7.537557 0 828659 0.3173 0.00043023255813956496
1645251681082 3 5.614723999999999 0 937332 0.5809 0.00043023255813956496
1645251684279 3 6.411282999999997 0 776416 0.30019999999999997 0.00043023255813956496
1645251688310 3 6.3809010000000015 0 1025687 0.39249999999999996 0.00043023255813956496
1645251691542 3 7.151495000000004 0 815426 0.3125 0.00043023255813956496
1645251695041 3 7.656419 0 884625 0.3387 0.00043023255813956496
1645251698611 3 8.080339000000002 0 904952 0.3471 0.00043023255813956496
1645251702409 3 8.281045000000006 0 954418 0.3657 0.00043023255813956496
1645251706002 3 8.689601000000003 0 910446 0.3492 0.00043023255813956496
1645251709644 3 9.047209000000002 0 922454 0.3537 0.00043023255813956496
1645251713362 3 9.330122000000003 0 942842 0.36150000000000004 0.00043023255813956496
1645251716844 3 9.846287000000004 0 884128 0.3383 0.00043023255813956496
1645251720120 3 10.572372000000001 0 828263 0.3174 0.00043023255813956496
1645251723979 3 10.712112000000005 0 981175 0.3758 0.00043023255813956496
1645251727685 3 11.009419000000008 0 939007 0.3598 0.00043023255813956496
1645251731010 3 11.679815000000005 0 841370 0.3227 0.00043023255813956496
1645251734744 3 11.948214000000007 0 947658 0.3634 0.00043023255813956496
1645251740441 3 10.249537000000004 0 828958 0.5575 0.00043023255813956496
1645251744424 3 10.267389000000009 0 977791 0.37839999999999996 0.00043023255813956496
1645251747775 3 10.915656999999996 0 847215 0.3245 0.00043023255813956496
1645251751625 3 11.064851000000004 0 978032 0.37429999999999997 0.00043023255813956496
1645251755311 3 11.380144999999999 0 934237 0.358 0.00043023255813956496
1645251758822 3 11.867902999999998 0 889600 0.3406 0.00043023255813956496
1645251762718 3 11.974851000000001 0 988774 0.379 0.00043023255813956496
1645251766922 3 11.962896 0 808061 0.3099 0.00043023255813956496
1645251770832 3 11.860493000000005 0 995677 0.38130000000000003 0.00043023255813956496
1645251774974 3 11.948716000000005 0 924757 0.35419999999999996 0.00043023255813956496
1645251779175 3 11.693335000000005 0 808228 0.3102 0.00043023255813956496
1645251783166 3 11.524758000000006 0 1014212 0.389 0.00043023255813956496
1645251787003 3 11.899729000000008 0 845218 0.3241 0.00043023255813956496
1645251791100 3 11.666055 0 910767 0.3497 0.00043023255813956496
1645251795148 3 11.661681000000016 0 901777 0.3452 0.00043023255813956496
1645251798961 3 11.72960900000001 0 967347 0.3714 0.00043023255813956496
1645251803152 3 11.643238999999994 0 935273 0.3589 0.00043023255813956496
1645251806786 3 11.906133000000011 0 916928 0.35259999999999997 0.00043023255813956496
1645251811010 3 11.869801999999993 0 940743 0.3607 0.00043023255813956496
1645251814981 3 11.86281600000001 0 877888 0.3365 0.00043023255813956496
1645251819309 3 11.603351000000004 0 839766 0.3223 0.00043023255813956496
1645251823149 3 11.541510000000017 0 976062 0.37429999999999997 0.00043023255813956496
1645251826924 3 11.766209000000003 0 958353 0.368 0.00043023255813956496
1645251831226 3 11.576139000000012 0 836268 0.3203 0.00043023255813956496
1645251835043 3 11.647145999999992 0 968967 0.3715 0.00043023255813956496
1645251839307 3 11.552797999999996 0 825839 0.3165 0.00043023255813956496
1645251843148 3 11.541843999999998 0 974212 0.3734 0.00043023255813956496
1645251847090 3 11.769777000000005 0 867483 0.333 0.00043023255813956496
1645251850970 3 11.720429999999993 0 987232 0.3779 0.00043023255813956496
1645251855107 3 11.753807999999992 0 921956 0.3536 0.00043023255813956496
1645251858708 3 11.983119000000016 0 913803 0.3503 0.00043023255813956496
1645251862987 3 11.736433000000005 0 958215 0.3669 0.00043023255813956496
1645251866790 3 11.980985000000004 0 832934 0.3194 0.00043023255813956496
1645251870750 3 11.940561000000002 0 1005593 0.38580000000000003 0.00043023255813956496
1645251874952 3 11.903553000000016 0 935985 0.3588 0.00043023255813956496
1645251879140 3 11.700421000000006 0 802415 0.3074 0.00043023255813956496
1645251883073 3 11.617290999999994 0 999009 0.38330000000000003 0.00043023255813956496
1645251887004 3 11.685324000000008 0 869418 0.3332 0.00043023255813956496
1645251891044 3 11.674942000000016 0 897686 0.3446 0.00043023255813956496
1645251894829 3 11.865752000000015 0 960141 0.3678 0.00043023255813956496
1645251898932 3 11.911214000000001 0 914618 0.35009999999999997 0.00043023255813956496
1645251903168 3 11.650636999999989 0 949031 0.364 0.00043023255813956496
1645251906801 3 11.889466999999996 0 919929 0.3532 0.00043023255813956496
1645251912554 3 10.136729000000003 0 930570 0.5650999999999999 0.00043023255813956496
1645251916229 3 10.471821999999975 0 894188 0.3457 0.00043023255813956496
1645251919544 3 11.15085700000003 0 835562 0.3201 0.00043023255813956496
1645251923429 3 11.261618999999996 0 986170 0.3776 0.00043023255813956496
1645251927212 3 11.478624000000025 0 955812 0.367 0.00043023255813956496
1645251931028 3 11.831848999999977 0 837688 0.32080000000000003 0.00043023255813956496
1645251934861 3 11.83057100000002 0 972932 0.3731 0.00043023255813956496
1645251940311 3 10.380406999999991 0 807690 0.5349 0.00043023255813956496
1645251944243 3 10.44729000000001 0 968173 0.37370000000000003 0.00043023255813956496
1645251947685 3 11.005944 0 872734 0.333 0.00043023255813956496
1645251951614 3 11.076782999999978 0 991679 0.3807 0.00043023255813956496
1645251955286 3 11.405417999999997 0 930061 0.3558 0.00043023255813956496
1645251958782 3 11.908874000000026 0 884740 0.3393 0.00043023255813956496
1645251963100 3 11.751405999999974 0 968599 0.3706 0.00043023255813956496
1645251966946 3 11.990132000000017 0 848189 0.32480000000000003 0.00043023255813956496
1645251970846 3 11.845080999999993 0 989262 0.3794 0.00043023255813956496
1645251975020 3 11.720418999999993 0 929927 0.35619999999999996 0.00043023255813956496
1645251978882 3 11.956357000000025 0 845977 0.3244 0.00043023255813956496
1645251982865 3 11.826007000000004 0 1009703 0.387 0.00043023255813956496
1645251986768 3 11.941287999999986 0 861836 0.3301 0.00043023255813956496

