1645230471404 1 3.999999 2088 346799 0.1956 -8.978399999999999
1645230472810 0 6.604367 0 213385 0.1203 0.00017441860465117198
1645230473707 0 9.707070000000002 0 141806 0.08020000000000001 0.00006976744186043549
1645230475933 0 11.559299000000001 0 112578 0.063 0.00006976744186043549
1645230479990 0 11.552430999999999 0 80671 0.0453 0.00006976744186043549
1645230483981 0 11.548115999999998 0 68729 0.039400000000000004 0.00006976744186043549
1645230487868 0 11.789026 0 137895 0.07730000000000001 0.00006976744186043549
1645230492117 0 11.532232 0 114138 0.0648 0.00006976744186043549
1645230495944 0 11.526602000000004 0 126013 0.0718 0.00006976744186043549
1645230499785 0 11.768856000000003 0 217236 0.1236 0.00006976744186043549
1645230504137 0 11.502353 0 219398 0.1236 0.00006976744186043549
1645230507755 0 11.735155000000006 0 177648 0.0997 0.00006976744186043549
1645230511816 0 11.720011 0 166856 0.09509999999999999 0.00006976744186043549
1645230515710 0 11.951185000000002 0 223685 0.127 0.00006976744186043549
1645230519492 0 11.932250000000003 0 206455 0.1169 0.00006976744186043549
1645230523811 0 11.655830000000002 0 121534 0.0693 0.00006976744186043549
1645230528006 0 11.646474000000005 0 105092 0.0596 0.00006976744186043549
1645230531975 0 11.636994000000001 0 63086 0.0366 0.00006976744186043549
1645230535579 0 11.875718000000006 0 87739 0.0495 0.00006976744186043549
1645230539560 0 11.868300000000005 0 152905 0.0872 0.00006976744186043549
1645230543733 0 11.847642000000008 0 100587 0.0566 0.00006976744186043549
1645230547903 0 11.571037000000004 0 186001 0.1055 0.00006976744186043549
1645230551667 0 11.808576000000002 0 201620 0.1149 0.00006976744186043549
1645230555998 0 11.54539100000001 0 218012 0.12290000000000001 0.00006976744186043549
1645230559806 0 11.785660000000007 0 123058 0.0698 0.00006976744186043549
1645230564034 0 11.524588000000008 0 198856 0.11259999999999999 0.00006976744186043549
1645230567493 0 11.923730000000006 0 223061 0.1263 0.00006976744186043549
1645230571910 0 11.66516 0 143385 0.0813 0.00006976744186043549
1645230575677 0 11.905620999999996 0 117021 0.0656 0.00006976744186043549
1645230579769 0 11.894441999999998 0 83595 0.0477 0.00006976744186043549
1645230583770 0 11.876373999999998 0 68011 0.0391 0.00006976744186043549
1645230587637 0 11.867840999999999 0 134264 0.0758 0.00006976744186043549
1645230591882 0 11.606638000000004 0 113722 0.0644 0.00006976744186043549
1645230595680 0 11.844803999999996 0 122694 0.06989999999999999 0.00006976744186043549
1645230600003 0 11.589593000000008 0 215146 0.1212 0.00006976744186043549
1645230603815 0 11.832727000000006 0 213339 0.12090000000000001 0.00006976744186043549
1645230607911 0 11.574835000000007 0 176949 0.0998 0.00006976744186043549
1645230611903 0 11.568870000000004 0 158356 0.0887 0.00006976744186043549
1645230615748 0 11.80934099999999 0 219852 0.124 0.00006976744186043549
1645230619966 0 11.549057000000005 0 196864 0.1119 0.00006976744186043549
1645230623721 0 11.792089000000004 0 116610 0.06570000000000001 0.00006976744186043549
1645230627933 0 11.533305000000013 0 107223 0.0608 0.00006976744186043549
1645230631894 0 11.526596000000012 0 64332 0.0356 0.00006976744186043549
1645230636006 0 11.518181999999996 0 88753 0.0508 0.00006976744186043549
1645230639983 0 11.512325000000004 0 153489 0.087 0.00006976744186043549
1645230643674 0 11.756777999999997 0 101805 0.058399999999999994 0.00006976744186043549
1645230647837 0 11.751215000000002 0 186822 0.10600000000000001 0.00006976744186043549
1645230651571 0 11.996321999999992 0 200149 0.11359999999999999 0.00006976744186043549
1645230655888 0 11.737392999999997 0 215305 0.1212 0.00006976744186043549
1645230659727 0 11.726788999999997 0 128759 0.0731 0.00006976744186043549
1645230663469 0 11.972076000000015 0 199367 0.1132 0.00006976744186043549
1645230667819 0 11.710764000000012 0 220759 0.12430000000000001 0.00006976744186043549
1645230671767 0 11.706783999999999 0 149511 0.08449999999999999 0.00006976744186043549
1645230675545 0 11.951099 0 118879 0.0675 0.00006976744186043549
1645230679633 0 11.909977999999995 0 85418 0.0485 0.00006976744186043549
1645230683620 0 11.934096000000011 0 68807 0.0393 0.00006976744186043549
1645230687976 0 11.67677900000001 0 132565 0.0752 0.00006976744186043549
1645230691738 0 11.921402999999998 0 117262 0.0666 0.00006976744186043549
1645230696000 0 11.66173599999999 0 116418 0.0656 0.00006976744186043549
1645230699874 0 11.654510000000016 0 223024 0.1272 0.00006976744186043549
1645230703682 0 11.898246999999998 0 214538 0.1212 0.00006976744186043549
1645230707790 0 11.641317000000015 0 178191 0.1002 0.00006976744186043549
1645230711800 0 11.632476999999994 0 161454 0.09140000000000001 0.00006976744186043549
1645230715598 0 11.873809999999992 0 212225 0.1202 0.00006976744186043549
1645230719809 0 11.614917999999989 0 195858 0.1111 0.00006976744186043549
1645230723575 0 11.860112000000015 0 119665 0.0665 0.00006976744186043549
1645230727800 0 11.851053999999976 0 108667 0.0615 0.00006976744186043549
1645230731771 0 11.842942999999991 0 64782 0.036699999999999997 0.00006976744186043549
1645230735878 0 11.58685300000002 0 87523 0.0498 0.00006976744186043549
1645230739861 0 11.58080799999999 0 155607 0.0879 0.00006976744186043549
1645230744033 0 11.575688000000014 0 100404 0.056299999999999996 0.00006976744186043549
1645230747675 0 11.820333000000005 0 183614 0.1034 0.00006976744186043549
1645230751890 0 11.56383599999998 0 197686 0.1111 0.00006976744186043549
1645230755723 0 11.805127000000027 0 217520 0.123 0.00006976744186043549
1645230760072 0 11.548070999999993 0 132353 0.0742 0.00006976744186043549
1645230763807 0 11.790500000000009 0 199853 0.1135 0.00006976744186043549
1645230767678 0 11.780644999999993 0 225614 0.1273 0.00006976744186043549
1645230772128 0 11.521680000000003 0 150477 0.0853 0.00006976744186043549
1645230775893 0 11.764786000000015 0 117995 0.0665 0.00006976744186043549
1645230779981 0 11.504953 0 86503 0.0487 0.00006976744186043549
1645230783458 0 11.995344999999986 0 67335 0.0374 0.00006976744186043549
1645230787817 0 11.734834999999975 0 132169 0.0754 0.00006976744186043549
1645230791590 0 11.979073000000028 0 118800 0.0675 0.00006976744186043549
1645230795859 0 11.720255000000009 0 116618 0.06620000000000001 0.00006976744186043549

