1645239372810 1 3.999999 1737 346799 0.1625 -7.469099999999999
1645239374613 1 6.220388 0 363755 0.1702 0.00017441860465117198
1645239376413 1 8.420968 0 362842 0.1704 0.00017441860465117198
1645239378318 1 10.517915 0 384791 0.1799 0.00017441860465117198
1645239381003 1 11.996806 0 339137 0.1588 0.00017441860465117198
1645239384953 1 11.986693999999998 0 393219 0.1844 0.00017441860465117198
1645239388960 1 11.980563 0 406206 0.1906 0.00017441860465117198
1645239392979 1 11.976585999999998 0 303135 0.1421 0.00017441860465117198
1645239397027 1 11.962429000000004 0 414092 0.1941 0.00017441860465117198
1645239401206 1 11.696682000000003 0 337705 0.1583 0.00017441860465117198
1645239405031 1 11.939464000000001 0 366374 0.17170000000000002 0.00017441860465117198
1645239409286 1 11.678561000000002 0 352030 0.1655 0.00017441860465117198
1645239413124 1 11.914658000000003 0 371605 0.17370000000000002 0.00017441860465117198
1645239417033 1 11.906120000000001 0 385670 0.1807 0.00017441860465117198
1645239421386 1 11.645928000000005 0 374050 0.175 0.00017441860465117198
1645239425208 1 11.637132000000001 0 367058 0.1719 0.00017441860465117198
1645239429083 1 11.884260000000005 0 377983 0.17729999999999999 0.00017441860465117198
1645239433239 1 11.619562000000002 0 326924 0.1557 0.00017441860465117198
1645239437167 1 11.862668 0 388939 0.1824 0.00017441860465117198
1645239441116 1 11.85319100000001 0 392939 0.1842 0.00017441860465117198
1645239445421 1 11.59038600000001 0 362131 0.16999999999999998 0.00017441860465117198
1645239449416 1 11.578524000000002 0 402712 0.1893 0.00017441860465117198
1645239453070 1 11.820204000000004 0 327400 0.1538 0.00017441860465117198
1645239457052 1 11.814385999999999 0 401133 0.1885 0.00017441860465117198
1645239461146 1 11.805785999999998 0 317452 0.149 0.00017441860465117198
1645239465085 1 11.795321000000001 0 391753 0.18380000000000002 0.00017441860465117198
1645239469497 1 11.539434 0 384934 0.1814 0.00017441860465117198
1645239473313 1 11.532802000000004 0 367179 0.17170000000000002 0.00017441860465117198
1645239477234 1 11.776719999999997 0 387965 0.1819 0.00017441860465117198
1645239481393 1 11.518141 0 333821 0.156 0.00017441860465117198
1645239485348 1 11.501383000000004 0 394452 0.185 0.00017441860465117198
1645239488871 1 11.995599999999996 0 409513 0.192 0.00017441860465117198
1645239492921 1 11.984290000000001 0 307174 0.1442 0.00017441860465117198
1645239496992 1 11.978435000000005 0 420407 0.1971 0.00017441860465117198
1645239501191 1 11.718025000000011 0 340231 0.15960000000000002 0.00017441860465117198
1645239505057 1 11.957188000000002 0 374730 0.1759 0.00017441860465117198
1645239509319 1 11.696912999999995 0 353022 0.1653 0.00017441860465117198
1645239513265 1 11.688669000000004 0 393253 0.18409999999999999 0.00017441860465117198
1645239517096 1 11.932255999999995 0 368813 0.1732 0.00017441860465117198
1645239520952 1 11.921433000000007 0 372578 0.175 0.00017441860465117198
1645239525301 1 11.664267999999993 0 374507 0.17509999999999998 0.00017441860465117198
1645239529152 1 11.90661 0 372824 0.1752 0.00017441860465117198
1645239533287 1 11.649451 0 326437 0.1534 0.00017441860465117198
1645239537186 1 11.895908999999989 0 383127 0.17980000000000002 0.00017441860465117198
1645239541166 1 11.887744999999995 0 400632 0.1879 0.00017441860465117198
1645239545363 1 11.627335000000016 0 342596 0.1602 0.00017441860465117198
1645239549380 1 11.620923000000005 0 407655 0.1914 0.00017441860465117198
1645239553060 1 11.86232799999999 0 337450 0.1581 0.00017441860465117198
1645239557056 1 11.85069200000001 0 404220 0.1901 0.00017441860465117198
1645239561214 1 11.842465000000004 0 331794 0.1552 0.00017441860465117198
1645239565146 1 11.837606999999991 0 390086 0.18309999999999998 0.00017441860465117198
1645239569057 1 11.827712999999989 0 387516 0.1807 0.00017441860465117198
1645239573364 1 11.571247 0 365827 0.1708 0.00017441860465117198
1645239577310 1 11.566974000000016 0 392579 0.18460000000000001 0.00017441860465117198
1645239581492 1 11.561928999999992 0 337939 0.1588 0.00017441860465117198
1645239585505 1 11.548295999999993 0 406896 0.1906 0.00017441860465117198
1645239589438 1 11.538218 0 390582 0.183 0.00017441860465117198
1645239593081 1 11.781402000000014 0 328479 0.1541 0.00017441860465117198
1645239597554 1 11.522064999999998 0 399016 0.187 0.00017441860465117198
1645239601394 1 11.516773999999998 0 370990 0.1746 0.00017441860465117198
1645239605235 1 11.757811000000004 0 371149 0.17450000000000002 0.00017441860465117198
1645239609093 1 11.747191000000015 0 372261 0.17529999999999998 0.00017441860465117198
1645239613047 1 11.985266999999993 0 394237 0.18409999999999999 0.00017441860465117198
1645239616875 1 11.971183999999994 0 368311 0.1729 0.00017441860465117198
1645239621267 1 11.70927900000001 0 381418 0.17909999999999998 0.00017441860465117198
1645239625093 1 11.952596 0 368451 0.1724 0.00017441860465117198
1645239628944 1 11.944348999999988 0 371908 0.17529999999999998 0.00017441860465117198
1645239633091 1 11.935689000000025 0 328352 0.1538 0.00017441860465117198
1645239636968 1 11.928034000000025 0 379027 0.1772 0.00017441860465117198
1645239640977 1 11.865308000000027 0 407465 0.19039999999999999 0.00017441860465117198
1645239645147 1 11.917377999999985 0 333046 0.1567 0.00017441860465117198
1645239649216 1 11.661449000000005 0 416856 0.1955 0.00017441860465117198
1645239653387 1 11.65062899999998 0 335171 0.1568 0.00017441860465117198
1645239657384 1 11.642275999999981 0 401613 0.18819999999999998 0.00017441860465117198
1645239661067 1 11.887696000000005 0 337330 0.1581 0.00017441860465117198
1645239665026 1 11.878827000000001 0 391244 0.18309999999999998 0.00017441860465117198
1645239669452 1 11.62150200000002 0 387864 0.1822 0.00017441860465117198
1645239673255 1 11.613657999999987 0 363813 0.1702 0.00017441860465117198
1645239677193 1 11.856618000000026 0 391839 0.1834 0.00017441860465117198
1645239681373 1 11.596262000000024 0 336898 0.15789999999999998 0.00017441860465117198
1645239685261 1 11.584749999999985 0 381135 0.1784 0.00017441860465117198
1645239689181 1 11.829251999999997 0 386654 0.1815 0.00017441860465117198
1645239693412 1 11.573523000000023 0 347396 0.16299999999999998 0.00017441860465117198
1645239697357 1 11.56446299999999 0 392538 0.1842 0.00017441860465117198
1645239701171 1 11.70888100000002 0 367209 0.1716 0.00017441860465117198

