1645229080450 1 3.999999 993 346799 0.0881 -4.2699
1645229081467 1 6.999669 0 363755 0.0918 0.00017441860465117198
1645229082482 1 9.985472000000001 0 362842 0.0916 0.00017441860465117198
1645229084561 1 11.986246000000001 0 384791 0.09759999999999999 0.00017441860465117198
1645229088799 3 11.730410999999998 0 804438 0.20379999999999998 0.000174418604651283
1645229092535 3 11.977528999999999 0 828659 0.2136 0.00043023255813956496
1645229096514 3 11.966341999999997 0 937332 0.2375 0.00043023255813956496
1645229100583 3 11.96078 0 776416 0.1966 0.00043023255813956496
1645229104784 3 11.699074000000003 0 1025687 0.2597 0.00043023255813956496
1645229108965 3 11.692711000000003 0 815426 0.207 0.00043023255813956496
1645229112813 3 11.679162000000005 0 884625 0.2243 0.00043023255813956496
1645229116717 3 11.922363000000004 0 904952 0.2292 0.00043023255813956496
1645229120735 3 11.915477000000003 0 954418 0.2419 0.00043023255813956496
1645229124644 3 11.905528000000004 0 910446 0.2305 0.00043023255813956496
1645229128584 3 11.893811 0 922454 0.23349999999999999 0.00043023255813956496
1645229132581 3 11.882788000000005 0 942842 0.2383 0.00043023255813956496
1645229136915 3 11.624139 0 884128 0.2239 0.00043023255813956496
1645229140613 3 11.865306000000004 0 828263 0.2097 0.00043023255813956496
1645229144699 3 11.852129000000005 0 981175 0.248 0.00043023255813956496
1645229148679 3 11.846208000000004 0 939007 0.238 0.00043023255813956496
1645229152909 3 11.584591000000003 0 841370 0.2132 0.00043023255813956496
1645229156925 3 11.581040000000002 0 947658 0.2404 0.00043023255813956496
1645229161129 3 11.566626999999997 0 828958 0.2102 0.00043023255813956496
1645229164711 3 11.811823000000004 0 977791 0.2481 0.00043023255813956496
1645229170565 3 9.901077 0 847215 0.5745 0.00043023255813956496
1645229172877 1 11.795203999999998 0 391753 0.1052 0.00043023255813956496
1645229176857 3 11.781593999999998 0 934237 0.23620000000000002 0.000174418604651283
1645229180758 3 11.772464 0 889600 0.2287 0.00043023255813956496
1645229184913 3 11.766044000000008 0 988774 0.25339999999999996 0.00043023255813956496
1645229189064 3 11.505678000000003 0 808061 0.20459999999999998 0.00043023255813956496
1645229193181 3 11.501221999999999 0 995677 0.2515 0.00043023255813956496
1645229196620 3 11.988252000000003 0 924757 0.23399999999999999 0.00043023255813956496
1645229200771 3 11.732844999999998 0 808228 0.2049 0.00043023255813956496
1645229204942 3 11.720291000000003 0 1014212 0.257 0.00043023255813956496
1645229208681 3 11.965393000000006 0 845218 0.2144 0.00043023255813956496
1645229212589 3 11.951211999999998 0 910767 0.231 0.00043023255813956496
1645229216974 3 11.691368000000011 0 901777 0.2287 0.00043023255813956496
1645229220527 3 11.937726999999995 0 967347 0.2454 0.00043023255813956496
1645229226409 3 10.057511000000005 0 935273 0.5774 0.00043023255813956496
1645229228610 1 11.923163000000017 0 372578 0.1001 0.00043023255813956496
1645229232592 3 11.919959000000006 0 940743 0.23820000000000002 0.000174418604651283
1645229236951 3 11.66439299999999 0 877888 0.22610000000000002 0.00043023255813956496
1645229240712 3 11.901959000000005 0 839766 0.2162 0.00043023255813956496
1645229244791 3 11.892697999999996 0 976062 0.248 0.00043023255813956496
1645229248825 3 11.885173000000009 0 958353 0.2433 0.00043023255813956496
1645229253043 3 11.62302299999999 0 836268 0.21230000000000002 0.00043023255813956496
1645229257096 3 11.61632499999999 0 968967 0.2453 0.00043023255813956496
1645229260790 3 11.854795999999993 0 825839 0.20939999999999998 0.00043023255813956496
1645229264858 3 11.849842999999993 0 974212 0.2468 0.00043023255813956496
1645229268657 3 11.83841799999999 0 867483 0.2198 0.00043023255813956496
1645229272758 3 11.834374999999994 0 987232 0.25 0.00043023255813956496
1645229276692 3 11.824685000000017 0 921956 0.2334 0.00043023255813956496
1645229281112 3 11.569046000000014 0 913803 0.23159999999999997 0.00043023255813956496
1645229285150 3 11.561943000000014 0 958215 0.2427 0.00043023255813956496
1645229288861 3 11.806400999999994 0 832934 0.2113 0.00043023255813956496
1645229293003 3 11.552158999999989 0 1005593 0.2545 0.00043023255813956496
1645229296973 3 11.540368999999998 0 935985 0.2374 0.00043023255813956496
1645229301103 3 11.53627499999999 0 802415 0.2032 0.00043023255813956496
1645229304741 3 11.776883999999995 0 999009 0.25379999999999997 0.00043023255813956496
1645229309043 3 11.522363000000013 0 869418 0.22069999999999998 0.00043023255813956496
1645229312933 3 11.760539999999992 0 897686 0.2278 0.00043023255813956496
1645229316969 3 11.505746000000016 0 960141 0.24359999999999998 0.00043023255813956496
1645229320881 3 11.746057000000008 0 914618 0.2314 0.00043023255813956496
1645229324889 3 11.740454999999997 0 949031 0.24100000000000002 0.00043023255813956496
1645229328823 3 11.731090999999992 0 919929 0.23279999999999998 0.00043023255813956496
1645229332777 3 11.726055000000002 0 930570 0.23500000000000001 0.00043023255813956496
1645229336640 3 11.968705 0 894188 0.22669999999999998 0.00043023255813956496
1645229340856 3 11.705257000000017 0 835562 0.21200000000000002 0.00043023255813956496
1645229344957 3 11.69514300000003 0 986170 0.2506 0.00043023255813956496
1645229348981 3 11.686495999999977 0 955812 0.24180000000000001 0.00043023255813956496
1645229352702 3 11.923842999999977 0 837688 0.2125 0.00043023255813956496
1645229356773 3 11.919651999999985 0 972932 0.2468 0.00043023255813956496
1645229360922 3 11.657966999999985 0 807690 0.2041 0.00043023255813956496
1645229364972 3 11.650938999999994 0 968173 0.2451 0.00043023255813956496
1645229368783 3 11.895076000000017 0 872734 0.22080000000000002 0.00043023255813956496
1645229372901 3 11.636668999999983 0 991679 0.25179999999999997 0.00043023255813956496
1645229376861 3 11.627481999999986 0 930061 0.23570000000000002 0.00043023255813956496
1645229380702 3 11.870801000000029 0 884740 0.2242 0.00043023255813956496
1645229384762 3 11.86283800000001 0 968599 0.2455 0.00043023255813956496
1645229389003 3 11.600761999999975 0 848189 0.21459999999999999 0.00043023255813956496
1645229393120 3 11.594060000000013 0 989262 0.2509 0.00043023255813956496
1645229397088 3 11.550554999999974 0 929927 0.23570000000000002 0.00043023255813956496
1645229400828 3 11.796847000000014 0 845977 0.2142 0.00043023255813956496
1645229404988 3 11.721071999999992 0 1009703 0.2559 0.00043023255813956496
1645229408773 3 11.710893999999996 0 861836 0.2186 0.00043023255813956496

