1645231896668 1 3.999999 1038 346799 0.09340000000000001 -4.4634
1645231900436 4 4.286365 42 1312552 0.3557 -0.1804255813953488
1645231904291 4 4.430974000000001 0 1383123 0.3742 0.000662790697674609
1645231908364 4 4.356786000000001 0 1451767 0.3927 0.000662790697674609
1645231912012 4 4.709733999999999 0 1308083 0.354 0.000662790697674609
1645231915638 4 5.083721999999998 0 1299338 0.35059999999999997 0.000662790697674609
1645231919682 4 5.042237 0 1453833 0.3935 0.000662790697674609
1645231923259 4 5.469477999999999 0 1280990 0.3469 0.000662790697674609
1645231929261 4 4.422434000000003 761 1612910 0.5894999999999999 -3.271637209302325
1645231931804 3 5.874585000000003 0 815426 0.22679999999999997 0.0006627906976743869
1645231934301 3 7.378644000000001 0 884625 0.23969999999999997 0.00043023255813956496
1645231936851 3 8.828534000000005 0 904952 0.2448 0.00043023255813956496
1645231939538 3 10.141884000000005 0 954418 0.2584 0.00043023255813956496
1645231942105 3 11.574148000000001 0 910446 0.24580000000000002 0.00043023255813956496
1645231946103 4 11.576152 0 1436771 0.389 0.00043023255813956496
1645231950068 4 11.610965 0 1425347 0.3856 0.000662790697674609
1645231957165 4 8.522710000000004 0 1366001 0.6979 0.000662790697674609
1645231959653 3 10.025712000000006 0 828263 0.22949999999999998 0.0006627906976743869
1645231962414 3 11.267755000000008 0 981175 0.2656 0.00043023255813956496
1645231966057 3 11.844537000000003 0 939007 0.2536 0.00043023255813956496
1645231969936 3 11.836585 0 841370 0.2273 0.00043023255813956496
1645231974093 3 11.82956 0 947658 0.25630000000000003 0.00043023255813956496
1645231977687 4 11.993508000000006 0 1266375 0.3428 0.00043023255813956496
1645231981849 4 11.829879000000005 0 1497932 0.4056 0.000662790697674609
1645231986000 4 11.801096999999999 0 1308773 0.3544 0.000662790697674609
1645231990211 4 11.470016000000001 0 1516715 0.41050000000000003 0.000662790697674609
1645231994122 4 11.557973000000004 0 1407805 0.3811 0.000662790697674609
1645231998002 4 11.678032000000002 0 1394624 0.3778 0.000662790697674609
1645232002174 4 11.507203000000004 0 1502056 0.40700000000000003 0.000662790697674609
1645232005736 4 11.943616000000006 0 1276395 0.3462 0.000662790697674609
1645232009852 4 11.827325000000002 0 1480768 0.40090000000000003 0.000662790697674609
1645232013954 4 11.725458000000003 0 1473992 0.3997 0.000662790697674609
1645232018104 4 11.692149999999998 0 1306146 0.3545 0.000662790697674609
1645232022461 4 11.222966999999997 0 1565699 0.4239 0.000662790697674609
1645232026010 4 11.670242000000002 0 1268922 0.3439 0.000662790697674609
1645232029926 4 11.755111 0 1406335 0.38039999999999996 0.000662790697674609
1645232033779 4 11.908507000000014 0 1381377 0.37320000000000003 0.000662790697674609
1645232037902 4 11.788823000000008 0 1475162 0.399 0.000662790697674609
1645232041894 4 11.792034000000001 0 1430482 0.38839999999999997 0.000662790697674609
1645232045911 4 11.777557000000002 0 1439994 0.3903 0.000662790697674609
1645232049856 4 11.825882000000007 0 1405476 0.38170000000000004 0.000662790697674609
1645232053708 4 11.977079000000003 0 1382866 0.3747 0.000662790697674609
1645232058353 4 11.529762000000005 0 1303196 0.3529 0.000662790697674609
1645232062631 4 11.04843600000001 0 1538814 0.4165 0.000662790697674609
1645232066610 4 11.082393999999994 0 1423261 0.3856 0.000662790697674609
1645232070448 4 11.230896000000001 0 1377859 0.3726 0.000662790697674609
1645232074380 4 11.297964000000007 0 1396488 0.38079999999999997 0.000662790697674609
1645232077916 4 11.762399000000016 0 1265878 0.3427 0.000662790697674609
1645232082022 4 11.661023999999998 0 1474721 0.3996 0.000662790697674609
1645232085798 4 11.881036999999992 0 1357016 0.36760000000000004 0.000662790697674609
1645232090012 4 11.67872700000001 0 1508969 0.4085 0.000662790697674609
1645232093964 4 11.716011000000009 0 1420161 0.3842 0.000662790697674609
1645232097849 4 11.830050999999997 0 1394798 0.3787 0.000662790697674609
1645232102030 4 11.649412000000012 0 1499654 0.4053 0.000662790697674609
1645232105731 4 11.949281000000013 0 1323592 0.3584 0.000662790697674609
1645232109855 4 11.828643 0 1477260 0.4 0.000662790697674609
1645232113960 4 11.722039999999993 0 1474833 0.3991 0.000662790697674609
1645232118079 4 11.752183000000002 0 1299401 0.3518 0.000662790697674609
1645232122525 4 11.157815 0 1595638 0.4323 0.000662790697674609
1645232126093 4 11.592248000000012 0 1282380 0.3469 0.000662790697674609
1645232129993 4 11.685935 0 1402228 0.3796 0.000662790697674609
1645232133912 4 11.771113000000014 0 1404885 0.3805 0.000662790697674609
1645232137954 4 11.730592000000001 0 1453425 0.39180000000000004 0.000662790697674609
1645232141997 4 11.681668000000002 0 1453998 0.3946 0.000662790697674609
1645232145962 4 11.720343000000014 0 1424197 0.3855 0.000662790697674609
1645232149888 4 11.796874000000003 0 1409895 0.38170000000000004 0.000662790697674609
1645232153739 4 11.941755 0 1381516 0.37320000000000003 0.000662790697674609
1645232157845 4 11.871415000000013 0 1298461 0.3508 0.000662790697674609
1645232162086 4 11.592368000000022 0 1530017 0.4138 0.000662790697674609
1645232166078 4 11.605628000000024 0 1437352 0.38889999999999997 0.000662790697674609
1645232169837 4 11.849169000000018 0 1344879 0.36419999999999997 0.000662790697674609
1645232173975 4 11.703975000000014 0 1490910 0.4032 0.000662790697674609
1645232177998 4 11.813222999999994 0 1264017 0.3417 0.000662790697674609
1645232182052 4 11.626139000000023 0 1458446 0.3953 0.000662790697674609
1645232185859 4 11.820198000000005 0 1366050 0.3701 0.000662790697674609
1645232190125 4 11.554703000000018 0 1540108 0.4166 0.000662790697674609
1645232194075 4 11.605371999999988 0 1421303 0.3846 0.000662790697674609
1645232200796 4 8.883972000000028 0 1359213 0.6615 0.000662790697674609
1645232203688 3 9.991430999999977 0 968599 0.26789999999999997 0.0006627906976743869
1645232206073 3 11.60572400000001 0 848189 0.22820000000000001 0.00043023255813956496
1645232209847 3 11.961563000000012 0 989262 0.2672 0.00043023255813956496
1645232213961 3 11.952300999999977 0 929927 0.2511 0.00043023255813956496
1645232217859 3 11.942442000000028 0 845977 0.2292 0.00043023255813956496
1645232222110 4 11.570310000000006 0 1527618 0.41369999999999996 0.00043023255813956496
1645232225721 4 11.959160999999995 0 1297467 0.3513 0.000662790697674609

