1645255553069 1 3.999999 6398 346799 0.627 -27.5114
1645255567025 3 4.381463 10328 755039 1.3679999999999999 -44.41022558139535
1645255582390 3 4.4232070000000006 11417 835161 1.5114 -49.09266976744186
1645255599079 3 4.3071220000000014 12576 908792 1.6443999999999999 -54.07636976744186
1645255613863 3 4.342479999999998 10818 804438 1.455 -46.516969767441864
1645255629070 3 4.383696999999998 11251 828659 1.4998 -48.378869767441856
1645255646260 3 4.345831999999998 13153 937332 1.6949999999999998 -56.55746976744186
1645255660536 3 4.463249999999999 10395 776416 1.4038 -44.698069767441865
1645255679350 3 4.326925000000003 14676 1025687 1.857 -63.106369767441855
1645255694317 3 4.450852000000005 11093 815426 1.473 -47.69946976744186
1645255710632 3 4.266904000000004 12085 884625 1.6018999999999999 -51.96506976744186
1645255727260 3 4.322214000000002 12729 904952 1.6381000000000001 -54.73426976744186
1645255744755 3 4.264462999999999 13435 954418 1.7280000000000002 -57.77006976744186
1645255761467 3 4.410016000000006 12857 910446 1.6466 -55.28466976744186
1645255778388 3 4.477938000000002 12990 922454 1.6681000000000001 -55.85656976744186
1645255795693 3 4.4287200000000055 13258 942842 1.7066 -57.008969767441855
1645255811900 3 4.404056000000004 12180 884128 1.5964 -52.373569767441865
1645255827098 3 4.291577000000004 11089 828263 1.5 -47.68226976744186
1645255845070 3 4.349863999999997 14026 981175 1.7729 -60.31136976744186
1645255862293 3 4.325998999999996 13202 939007 1.7010999999999998 -56.76816976744186

