1645251316979 1 3.999999 1318 346799 0.1212 -5.6674
1645251319839 3 5.164262 0 755039 0.2642 0.000174418604651283
1645251322866 3 6.131743000000001 0 835161 0.29209999999999997 0.00043023255813956496
1645251326149 3 6.848921000000001 0 908792 0.31789999999999996 0.00043023255813956496
1645251329069 3 7.931335999999998 0 804438 0.2821 0.00043023255813956496
1645251332076 3 8.919467999999998 0 828659 0.2907 0.00043023255813956496
1645251335464 3 9.532761999999998 0 937332 0.3285 0.00043023255813956496
1645251338282 3 10.714489 0 776416 0.2714 0.00043023255813956496
1645251341978 3 11.019891000000001 0 1025687 0.3593 0.00043023255813956496
1645251345441 3 11.733800000000002 0 815426 0.2857 0.00043023255813956496
1645251351195 3 9.800371000000005 0 884625 0.5643 0.00043023255813956496
1645251353539 2 11.457166 0 575427 0.2049 0.00043023255813956496
1645251357173 2 11.991239 0 582800 0.20339999999999997 0.00027906976744174194
1645251361442 2 11.727630000000005 0 619183 0.2163 0.00027906976744174194
1645251365139 2 11.969928000000003 0 592095 0.2091 0.00027906976744174194
1645251369302 2 11.715642000000003 0 588643 0.2061 0.00027906976744174194
1645251373499 3 11.707051 0 884128 0.3096 0.000279069767441964
1645251377503 3 11.695266000000004 0 828263 0.2904 0.00043023255813956496
1645251381033 3 11.962776000000005 0 981175 0.3435 0.00043023255813956496
1645251387279 3 9.717004000000003 0 939007 0.6143 0.00043023255813956496
1645251389458 2 11.53690300000001 0 557793 0.1991 0.00043023255813956496
1645251393286 2 11.918279999999996 0 635530 0.22240000000000001 0.00027906976744174194
1645251397212 2 11.907032999999998 0 520041 0.18180000000000002 0.00027906976744174194
1645251401146 2 11.901899 0 656205 0.23279999999999998 0.00027906976744174194
1645251405553 2 11.640623000000005 0 516287 0.1806 0.00027906976744174194
1645251409078 3 11.917034000000001 0 978032 0.34249999999999997 0.000279069767441964
1645251413456 3 11.622326999999999 0 934237 0.3275 0.00043023255813956496
1645251417170 3 11.867028000000005 0 889600 0.3115 0.00043023255813956496
1645251423545 3 9.451077999999995 0 988774 0.6275999999999999 0.00043023255813956496
1645251425658 2 11.337472000000005 0 535113 0.1913 0.00043023255813956496
1645251429493 2 11.590709000000004 0 638212 0.22269999999999998 0.00027906976744174194
1645251433248 2 11.834041999999997 0 615017 0.2149 0.00027906976744174194
1645251437214 2 11.821228000000005 0 533736 0.1867 0.00027906976744174194
1645251441631 2 11.560328999999996 0 661250 0.23149999999999998 0.00027906976744174194
1645251445686 3 11.554073000000017 0 845218 0.2956 0.000279069767441964
1645251449472 3 11.543860999999993 0 910767 0.319 0.00043023255813956496
1645251453224 3 11.785764 0 901777 0.3155 0.00043023255813956496
1645251457223 3 11.776094999999998 0 967347 0.33940000000000003 0.00043023255813956496
1645251463498 3 9.504615000000001 0 935273 0.6162 0.00043023255813956496
1645251465853 2 11.142405999999994 0 604926 0.21480000000000002 0.00043023255813956496
1645251469536 2 11.505051000000009 0 594986 0.20800000000000002 0.00027906976744174194
1645251473200 2 11.995731000000006 0 588726 0.20550000000000002 0.00027906976744174194
1645251477133 2 11.985845000000012 0 523106 0.183 0.00027906976744174194
1645251481397 2 11.727367000000015 0 618775 0.2164 0.00027906976744174194
1645251485354 3 11.713775999999996 0 958353 0.3359 0.000279069767441964
1645251489387 3 11.703147999999999 0 836268 0.2931 0.00043023255813956496
1645251493383 3 11.693307000000004 0 968967 0.3395 0.00043023255813956496
1645251497368 3 11.687748999999997 0 825839 0.2884 0.00043023255813956496
1645251501373 3 11.67729399999999 0 974212 0.341 0.00043023255813956496
1645251505520 3 11.66613000000001 0 867483 0.3043 0.00043023255813956496
1645251516904 3 4.397365000000008 304 987232 1.1274 -1.3067697674418606
1645251518483 1 6.814082000000013 0 387516 0.1384 0.00043023255813956496
1645251519858 1 9.438930999999997 0 365827 0.1276 0.00017441860465117198
1645251521332 1 11.963931000000002 0 392579 0.1376 0.00017441860465117198
1645251525609 1 11.732080999999994 0 337939 0.1173 0.00017441860465117198
1645251529684 1 11.678572000000003 0 406896 0.1476 0.00017441860465117198
1645251533602 3 11.923133000000007 0 935985 0.3315 0.000174418604651283
1645251537504 3 11.911789999999996 0 802415 0.2807 0.00043023255813956496
1645251541602 3 11.903059000000013 0 999009 0.35019999999999996 0.00043023255813956496
1645251545747 3 11.646692000000002 0 869418 0.30419999999999997 0.00043023255813956496
1645251551874 3 9.424166000000014 0 897686 0.603 0.00043023255813956496
1645251554180 2 11.116660999999993 0 593619 0.2117 0.00043023255813956496
1645251557435 2 11.874414000000002 0 613859 0.2152 0.00027906976744174194
1645251561677 2 11.864315000000005 0 608720 0.21339999999999998 0.00027906976744174194
1645251565929 2 11.607371 0 606705 0.2149 0.00027906976744174194
1645251569606 2 11.84623400000001 0 593343 0.20750000000000002 0.00027906976744174194
1645251573848 3 11.582335 0 894188 0.31320000000000003 0.000279069767441964
1645251577877 3 11.55973499999999 0 835562 0.2932 0.00043023255813956496
1645251581453 3 11.844474999999989 0 986170 0.3456 0.00043023255813956496
1645251585903 3 11.545275000000004 0 955812 0.3347 0.00043023255813956496
1645251589931 3 11.539799000000016 0 837688 0.29300000000000004 0.00043023255813956496
1645251593443 3 11.85427900000002 0 972932 0.341 0.00043023255813956496
1645251597869 3 11.513770000000022 0 807690 0.28250000000000003 0.00043023255813956496
1645251601359 3 11.937137000000007 0 968173 0.3388 0.00043023255813956496
1645251605512 3 11.995029999999986 0 872734 0.30569999999999997 0.00043023255813956496
1645251609599 3 11.734126000000003 0 991679 0.3479 0.00043023255813956496
1645251615622 3 9.674776000000008 0 930061 0.5924 0.00043023255813956496
1645251617897 2 11.400421999999992 0 585544 0.20870000000000002 0.00043023255813956496
1645251621634 2 11.707911000000024 0 607252 0.21309999999999998 0.00027906976744174194
1645251625610 2 11.692633999999998 0 534940 0.1874 0.00027906976744174194
1645251629475 2 11.934518000000025 0 638300 0.22599999999999998 0.00027906976744174194
1645251633769 2 11.676022999999986 0 626429 0.2191 0.00027906976744174194
1645251637833 3 11.666976999999974 0 845977 0.2956 0.000279069767441964
1645251641472 3 11.826892999999984 0 1009703 0.3537 0.00043023255813956496
1645251645629 3 11.665576999999985 0 861836 0.30169999999999997 0.00043023255813956496

