1645245408989 1 3.999999 2292 346799 0.2185 -9.8556
1645245410524 0 6.480574 0 213385 0.1341 0.00017441860465117198
1645245411529 0 9.47531 0 141806 0.09 0.00006976744186043549
1645245413334 0 11.789886000000001 0 112578 0.0707 0.00006976744186043549
1645245417583 1 11.529727 0 339137 0.21349999999999997 0.000069767441860491
1645245421665 1 11.522753999999999 0 393219 0.2481 0.00017441860465117198
1645245425328 1 11.762812 0 406206 0.2556 0.00017441860465117198
1645245429347 1 11.758192999999999 0 303135 0.19190000000000002 0.00017441860465117198
1645245433565 1 11.500532000000003 0 414092 0.2611 0.00017441860465117198
1645245437306 1 11.742824000000002 0 337705 0.21349999999999997 0.00017441860465117198
1645245441217 1 11.987272000000004 0 366374 0.2306 0.00017441860465117198
1645245445040 1 11.977276000000003 0 352030 0.22200000000000003 0.00017441860465117198
1645245449491 1 11.717662000000004 0 371605 0.2346 0.00017441860465117198
1645245453528 1 11.712531000000006 0 385670 0.2432 0.00017441860465117198
1645245457495 1 11.704861000000001 0 374050 0.2358 0.00017441860465117198
1645245461414 1 11.689098000000001 0 367058 0.23170000000000002 0.00017441860465117198
1645245465392 1 11.681611000000004 0 377983 0.23820000000000002 0.00017441860465117198
1645245469552 1 11.672158000000003 0 326924 0.20590000000000003 0.00017441860465117198
1645245473109 1 11.912642000000005 0 388939 0.2451 0.00017441860465117198
1645245477178 1 11.903091000000003 0 392939 0.2468 0.00017441860465117198
1645245481563 1 11.646813000000009 0 362131 0.2284 0.00017441860465117198
1645245485206 1 11.889598000000007 0 402712 0.2537 0.00017441860465117198
1645245489378 1 11.628678000000008 0 327400 0.2069 0.00017441860465117198
1645245493509 1 11.622478999999998 0 401133 0.2528 0.00017441860465117198
1645245497605 1 11.611835999999997 0 317452 0.19990000000000002 0.00017441860465117198
1645245501170 1 11.856921999999997 0 391753 0.24689999999999998 0.00017441860465117198
1645245505209 1 11.847718999999998 0 384934 0.2432 0.00017441860465117198
1645245509617 1 11.590395999999998 0 367179 0.2305 0.00017441860465117198
1645245513172 1 11.832062000000008 0 387965 0.24489999999999998 0.00017441860465117198
1645245517382 1 11.826287000000008 0 333821 0.21070000000000003 0.00017441860465117198
1645245521464 1 11.569794000000002 0 394452 0.2487 0.00017441860465117198
1645245525647 1 11.556871999999998 0 409513 0.2572 0.00017441860465117198
1645245529690 1 11.541943000000003 0 307174 0.1944 0.00017441860465117198
1645245533450 1 11.785978999999998 0 420407 0.2653 0.00017441860465117198
1645245537702 1 11.526579999999996 0 340231 0.21549999999999997 0.00017441860465117198
1645245541669 1 11.516627 0 374730 0.23650000000000002 0.00017441860465117198
1645245545490 1 11.754357999999996 0 353022 0.2222 0.00017441860465117198
1645245549056 1 11.995454999999993 0 393253 0.2465 0.00017441860465117198
1645245553473 1 11.737248999999991 0 368813 0.2314 0.00017441860465117198
1645245557417 1 11.730324999999993 0 372578 0.23399999999999999 0.00017441860465117198
1645245561369 1 11.725470000000001 0 374507 0.23559999999999998 0.00017441860465117198
1645245565311 1 11.716939999999994 0 372824 0.23450000000000001 0.00017441860465117198
1645245569472 1 11.70299 0 326437 0.20579999999999998 0.00017441860465117198
1645245573488 1 11.696347000000003 0 383127 0.24159999999999998 0.00017441860465117198
1645245577121 1 11.938343000000003 0 400632 0.25270000000000004 0.00017441860465117198
1645245581374 1 11.681045000000012 0 342596 0.21539999999999998 0.00017441860465117198
1645245585544 1 11.666689999999988 0 407655 0.2566 0.00017441860465117198
1645245589278 1 11.912206999999995 0 337450 0.2136 0.00017441860465117198
1645245593435 1 11.653782000000007 0 404220 0.2545 0.00017441860465117198
1645245597126 1 11.889961999999997 0 331794 0.2096 0.00017441860465117198
1645245601176 1 11.877488 0 390086 0.2453 0.00017441860465117198
1645245605221 1 11.870700999999997 0 387516 0.2439 0.00017441860465117198
1645245609629 1 11.612372999999991 0 365827 0.2305 0.00017441860465117198
1645245613205 1 11.855486000000013 0 392579 0.248 0.00017441860465117198
1645245617430 1 11.596641000000005 0 337939 0.2121 0.00017441860465117198
1645245621590 1 11.589849000000015 0 406896 0.25630000000000003 0.00017441860465117198
1645245625650 1 11.579293000000007 0 390582 0.24620000000000003 0.00017441860465117198
1645245629314 1 11.819361000000015 0 328479 0.2061 0.00017441860465117198
1645245633421 1 11.807260000000014 0 399016 0.2508 0.00017441860465117198
1645245637353 1 11.802300000000002 0 370990 0.2333 0.00017441860465117198
1645245641286 1 11.79591400000001 0 371149 0.2333 0.00017441860465117198
1645245645237 1 11.78524200000001 0 372261 0.2346 0.00017441860465117198
1645245649333 1 11.779263000000014 0 394237 0.24889999999999998 0.00017441860465117198
1645245653251 1 11.77429699999999 0 368311 0.23149999999999998 0.00017441860465117198
1645245657254 1 11.769419999999997 0 381418 0.24009999999999998 0.00017441860465117198
1645245661668 1 11.513396 0 368451 0.23159999999999997 0.00017441860465117198
1645245665618 1 11.505154000000005 0 371908 0.2344 0.00017441860465117198
1645245669294 1 11.749978999999996 0 328352 0.2065 0.00017441860465117198
1645245673280 1 11.74541499999998 0 379027 0.2383 0.00017441860465117198
1645245677447 1 11.73375500000003 0 407465 0.25630000000000003 0.00017441860465117198
1645245681178 1 11.974675999999988 0 333046 0.21030000000000001 0.00017441860465117198
1645245685417 1 11.71704699999998 0 416856 0.2629 0.00017441860465117198
1645245689129 1 11.955689000000007 0 335171 0.21139999999999998 0.00017441860465117198
1645245693252 1 11.949829000000022 0 401613 0.2526 0.00017441860465117198
1645245697485 1 11.693194000000005 0 337330 0.2133 0.00017441860465117198
1645245701562 1 11.687108000000023 0 391244 0.24700000000000003 0.00017441860465117198
1645245705115 1 11.932090000000017 0 387864 0.24500000000000002 0.00017441860465117198
1645245709533 1 11.67244599999998 0 363813 0.22949999999999998 0.00017441860465117198
1645245713106 1 11.914728000000025 0 391839 0.2468 0.00017441860465117198
1645245717327 1 11.905485999999996 0 336898 0.21139999999999998 0.00017441860465117198
1645245721325 1 11.900029000000018 0 381135 0.24020000000000002 0.00017441860465117198
1645245725367 1 11.64109000000002 0 386654 0.24409999999999998 0.00017441860465117198
1645245729153 1 11.884127999999976 0 347396 0.2183 0.00017441860465117198
1645245733224 1 11.875522999999987 0 392538 0.24689999999999998 0.00017441860465117198

