1645243777526 1 3.999999 946 346799 0.0814 -4.0678
1645243779494 1 6.055433 0 363755 0.0863 0.00017441860465117198
1645243780478 1 9.072977000000002 0 362842 0.08499999999999999 0.00017441860465117198
1645243782840 3 10.716243 0 908792 0.2132 0.000174418604651283
1645243785846 3 11.739721999999999 0 804438 0.18919999999999998 0.00043023255813956496
1645243789923 3 11.734025999999998 0 828659 0.194 0.00043023255813956496
1645243793765 3 11.968218999999998 0 937332 0.2205 0.00043023255813956496
1645243797718 3 11.955081 0 776416 0.18180000000000002 0.00043023255813956496
1645243801768 3 11.948859000000002 0 1025687 0.24100000000000002 0.00043023255813956496
1645243805812 3 11.934842000000003 0 815426 0.19219999999999998 0.00043023255813956496
1645243810027 3 11.671778000000003 0 884625 0.2077 0.00043023255813956496
1645243813779 3 11.917581000000006 0 904952 0.21309999999999998 0.00043023255813956496
1645243817692 3 11.903383000000005 0 954418 0.2237 0.00043023255813956496
1645243821975 3 11.643385000000002 0 910446 0.2138 0.00043023255813956496
1645243825788 3 11.885646000000001 0 922454 0.2165 0.00043023255813956496
1645243830125 3 11.625318 0 942842 0.2217 0.00043023255813956496
1645243833823 3 11.869297000000003 0 884128 0.20790000000000003 0.00043023255813956496
1645243837906 3 11.752290000000002 0 828263 0.1941 0.00043023255813956496
1645243841843 3 11.850965000000002 0 981175 0.2314 0.00043023255813956496
1645243846187 3 11.589213999999998 0 939007 0.22069999999999998 0.00043023255813956496
1645243849788 3 11.826471999999995 0 841370 0.1975 0.00043023255813956496
1645243854137 3 11.568193000000008 0 947658 0.22280000000000003 0.00043023255813956496
1645243858230 3 11.556872999999996 0 828958 0.1947 0.00043023255813956496
1645243862170 3 11.503456 0 977791 0.23020000000000002 0.00043023255813956496
1645243865809 3 11.750009000000006 0 847215 0.1994 0.00043023255813956496
1645243869721 3 11.992604999999998 0 978032 0.2294 0.00043023255813956496
1645243874038 3 11.737881000000002 0 934237 0.2197 0.00043023255813956496
1645243877739 3 11.971088000000009 0 889600 0.20870000000000002 0.00043023255813956496
1645243881725 3 11.958542000000008 0 988774 0.2332 0.00043023255813956496
1645243885778 3 11.945734000000002 0 808061 0.1905 0.00043023255813956496
1645243889743 3 11.930161999999996 0 995677 0.2344 0.00043023255813956496
1645243894034 3 11.670834999999997 0 924757 0.2173 0.00043023255813956496
1645243898192 3 11.667118000000002 0 808228 0.19039999999999999 0.00043023255813956496
1645243901773 3 11.870731000000006 0 1014212 0.2386 0.00043023255813956496
1645243905896 3 11.854726 0 845218 0.1986 0.00043023255813956496
1645243910160 3 11.596079000000003 0 910767 0.21469999999999997 0.00043023255813956496
1645243913938 3 11.839786000000004 0 901777 0.2117 0.00043023255813956496
1645243918009 3 11.832107000000008 0 967347 0.24220000000000003 0.00043023255813956496
1645243921835 3 11.824203000000011 0 935273 0.2198 0.00043023255813956496
1645243926126 3 11.566717000000011 0 916928 0.2157 0.00043023255813956496
1645243929958 3 11.811083999999994 0 940743 0.2211 0.00043023255813956496
1645243934153 3 11.543661000000014 0 877888 0.2056 0.00043023255813956496
1645243938255 3 11.534228000000013 0 839766 0.1976 0.00043023255813956496
1645243942178 3 11.520054000000016 0 976062 0.22959999999999997 0.00043023255813956496
1645243946054 3 11.764929999999993 0 958353 0.2253 0.00043023255813956496
1645243950153 3 11.506538000000006 0 836268 0.1966 0.00043023255813956496
1645243954047 3 11.751298999999989 0 968967 0.22799999999999998 0.00043023255813956496
1645243958123 3 11.74273199999999 0 825839 0.1936 0.00043023255813956496
1645243962042 3 11.70719600000001 0 974212 0.2291 0.00043023255813956496
1645243966078 0 11.691325000000006 0 128759 0.0305 0.00043023255813956496
1645243970172 0 11.672888 0 199367 0.0465 0.00006976744186043549
1645243973854 0 11.888801999999998 0 220759 0.0518 0.00006976744186043549
1645243977889 0 11.880611000000016 0 149511 0.0407 0.00006976744186043549
1645243981862 0 11.871704999999992 0 118879 0.034699999999999995 0.00006976744186043549
1645243985777 0 11.865408000000002 0 85418 0.027200000000000002 0.00006976744186043549
1645243990141 0 11.610084 0 68807 0.0235 0.00006976744186043549
1645243994158 0 11.605446 0 132565 0.0366 0.00006976744186043549
1645243998124 0 11.597994999999997 0 117262 0.034300000000000004 0.00006976744186043549
1645244002106 0 11.586615999999992 0 116418 0.034999999999999996 0.00006976744186043549
1645244005839 0 11.83084199999999 0 223024 0.059699999999999996 0.00006976744186043549
1645244010036 0 11.82075900000001 0 214538 0.057499999999999996 0.00006976744186043549
1645244014156 0 11.539659999999998 0 178191 0.0487 0.00006976744186043549
1645244018226 0 11.441734999999994 0 161454 0.0443 0.00006976744186043549
1645244021906 0 11.774811999999997 0 212225 0.05639999999999999 0.00006976744186043549
1645244026073 0 11.76392899999999 0 195858 0.052700000000000004 0.00006976744186043549
1645244030038 0 11.757053000000013 0 119665 0.034999999999999996 0.00006976744186043549
1645244033986 0 11.751607999999976 0 108667 0.0324 0.00006976744186043549
1645244037842 0 11.992773 0 64782 0.022600000000000002 0.00006976744186043549
1645244041747 0 11.985642999999982 0 87523 0.0269 0.00006976744186043549
1645244045802 0 11.980289000000027 0 155607 0.0437 0.00006976744186043549
1645244049741 0 11.974765999999988 0 100404 0.0304 0.00006976744186043549
1645244053864 0 11.966211999999985 0 183614 0.049 0.00006976744186043549
1645244058030 0 11.699551999999983 0 197686 0.0534 0.00006976744186043549
1645244061718 0 11.937575999999979 0 217520 0.05739999999999999 0.00006976744186043549
1645244065724 0 11.930782000000022 0 132353 0.0378 0.00006976744186043549
1645244069884 0 11.923793999999987 0 199853 0.054200000000000005 0.00006976744186043549
1645244074125 0 11.662187000000017 0 225614 0.06 0.00006976744186043549
1645244078170 0 11.520195000000001 0 150477 0.0421 0.00006976744186043549
1645244082132 0 11.65179999999998 0 117995 0.034300000000000004 0.00006976744186043549
1645244086040 0 11.640710000000013 0 86503 0.0274 0.00006976744186043549
1645244089894 0 11.879290000000026 0 67335 0.0227 0.00006976744186043549
1645244093899 0 11.867906000000005 0 132169 0.0382 0.00006976744186043549
1645244097875 0 11.860828000000026 0 118800 0.0348 0.00006976744186043549
1645244101836 0 11.852310999999986 0 116618 0.034 0.00006976744186043549

