1645253063676 1 3.999999 812 346799 0.0702 -3.4916
1645253064308 0 7.380421 0 213385 0.0431 0.00017441860465117198
1645253064690 0 11.000626 0 141806 0.028699999999999996 0.00006976744186043549
1645253068026 0 11.814261000000002 0 112578 0.023100000000000002 0.00006976744186043549
1645253072437 0 11.554405 0 80671 0.025 0.00006976744186043549
1645253075777 0 11.990677999999999 0 68729 0.0224 0.00006976744186043549
1645253079736 0 11.984183999999999 0 137895 0.0359 0.00006976744186043549
1645253084147 0 11.726042 0 114138 0.0311 0.00006976744186043549
1645253088084 0 11.713771000000001 0 126013 0.0339 0.00006976744186043549
1645253092223 0 11.703666000000002 0 217236 0.053200000000000004 0.00006976744186043549
1645253095845 0 11.947375000000001 0 219398 0.0526 0.00006976744186043549
1645253099890 0 11.938935 0 177648 0.044700000000000004 0.00006976744186043549
1645253103920 0 11.929866000000004 0 166856 0.0428 0.00006976744186043549
1645253108057 0 11.670837000000006 0 223685 0.0533 0.00006976744186043549
1645253112155 0 11.662043000000004 0 206455 0.0495 0.00006976744186043549
1645253116085 0 11.655646000000004 0 121534 0.033 0.00006976744186043549
1645253119987 0 11.899416000000002 0 105092 0.0301 0.00006976744186043549
1645253124295 0 11.638969000000003 0 63086 0.0206 0.00006976744186043549
1645253128155 0 11.630907000000008 0 87739 0.026000000000000002 0.00006976744186043549
1645253132144 0 11.623840000000001 0 152905 0.038900000000000004 0.00006976744186043549
1645253136025 0 11.866185999999999 0 100587 0.028599999999999997 0.00006976744186043549
1645253140094 0 11.605852999999996 0 186001 0.046200000000000005 0.00006976744186043549
1645253144193 0 11.596124000000003 0 201620 0.0495 0.00006976744186043549
1645253148317 0 11.587972000000008 0 218012 0.0529 0.00006976744186043549
1645253152243 0 11.583815999999999 0 123058 0.033100000000000004 0.00006976744186043549
1645253156323 0 11.580876000000004 0 198856 0.0486 0.00006976744186043549
1645253159972 0 11.823307999999997 0 223061 0.0534 0.00006976744186043549
1645253163947 0 11.820177000000001 0 143385 0.0378 0.00006976744186043549
1645253168357 0 11.558479000000005 0 117021 0.0314 0.00006976744186043549
1645253172207 0 11.545318000000009 0 83595 0.0251 0.00006976744186043549
1645253176041 0 11.787896000000003 0 68011 0.023100000000000002 0.00006976744186043549
1645253179996 0 11.774382000000003 0 134264 0.0351 0.00006976744186043549
1645253184410 0 11.518740000000008 0 113722 0.031 0.00006976744186043549
1645253188336 0 11.511645999999999 0 122694 0.0327 0.00006976744186043549
1645253191955 0 11.752466999999996 0 215146 0.052000000000000005 0.00006976744186043549
1645253196069 0 11.744080999999994 0 213339 0.051500000000000004 0.00006976744186043549
1645253200114 0 11.740295000000003 0 176949 0.0441 0.00006976744186043549
1645253204113 0 11.735185999999999 0 158356 0.0402 0.00006976744186043549
1645253207747 0 11.97947099999999 0 219852 0.0536 0.00006976744186043549
1645253211837 0 11.971049999999991 0 196864 0.049 0.00006976744186043549
1645253215752 0 11.958165000000008 0 116610 0.0317 0.00006976744186043549
1645253220147 0 11.703766000000002 0 107223 0.0301 0.00006976744186043549
1645253223962 0 11.949354999999997 0 64332 0.0214 0.00006976744186043549
1645253227830 0 11.942115999999999 0 88753 0.026600000000000002 0.00006976744186043549
1645253231823 0 11.936045000000007 0 153489 0.0396 0.00006976744186043549
1645253236213 0 11.677922999999993 0 101805 0.0288 0.00006976744186043549
1645253239787 0 11.922766999999993 0 186822 0.0466 0.00006976744186043549
1645253243870 0 11.915978999999993 0 200149 0.0487 0.00006976744186043549
1645253247993 0 11.908355 0 215305 0.0519 0.00006976744186043549
1645253251936 0 11.901024000000007 0 128759 0.034699999999999995 0.00006976744186043549
1645253256022 0 11.889916999999997 0 199367 0.0487 0.00006976744186043549
1645253260154 0 11.633362000000005 0 220759 0.0533 0.00006976744186043549
1645253264139 0 11.623275000000007 0 149511 0.0385 0.00006976744186043549
1645253268059 0 11.869626000000011 0 118879 0.032100000000000004 0.00006976744186043549
1645253271917 0 11.859671999999989 0 85418 0.0261 0.00006976744186043549
1645253276245 0 11.60220799999999 0 68807 0.022600000000000002 0.00006976744186043549
1645253280193 0 11.591228999999998 0 132565 0.0355 0.00006976744186043549
1645253284117 0 11.586208 0 117262 0.0327 0.00006976744186043549
1645253288037 0 11.83221499999999 0 116418 0.0314 0.00006976744186043549
1645253292166 0 11.573867000000007 0 223024 0.0534 0.00006976744186043549
1645253296283 0 11.567126000000002 0 214538 0.0517 0.00006976744186043549
1645253300323 0 11.559258999999997 0 178191 0.0441 0.00006976744186043549
1645253304334 0 11.553854999999999 0 161454 0.041299999999999996 0.00006976744186043549
1645253307945 0 11.792135000000002 0 212225 0.051000000000000004 0.00006976744186043549
1645253312021 0 11.786551000000003 0 195858 0.0479 0.00006976744186043549
1645253315946 0 11.778963000000005 0 119665 0.0328 0.00006976744186043549
1645253320340 0 11.523938999999984 0 108667 0.0298 0.00006976744186043549
1645253324146 0 11.765440000000012 0 64782 0.0212 0.00006976744186043549
1645253327999 0 11.756695999999977 0 87523 0.0262 0.00006976744186043549
1645253331995 0 11.751126999999997 0 155607 0.0397 0.00006976744186043549
1645253335884 0 11.992845999999986 0 100404 0.028100000000000003 0.00006976744186043549
1645253339936 0 11.983769999999993 0 183614 0.0456 0.00006976744186043549
1645253344022 0 11.726200000000006 0 197686 0.0486 0.00006976744186043549
1645253348146 0 11.716151000000025 0 217520 0.053000000000000005 0.00006976744186043549
1645253352096 0 11.708405000000027 0 132353 0.035699999999999996 0.00006976744186043549
1645253356185 0 11.703955000000008 0 199853 0.0489 0.00006976744186043549
1645253359823 0 11.941951000000017 0 225614 0.054000000000000006 0.00006976744186043549
1645253363808 0 11.936896999999988 0 150477 0.0383 0.00006976744186043549
1645253368223 0 11.681475999999975 0 117995 0.0317 0.00006976744186043549
1645253372084 0 11.677039999999977 0 86503 0.0252 0.00006976744186043549
1645253375904 0 11.921688000000017 0 67335 0.0222 0.00006976744186043549
1645253379864 0 11.912915999999996 0 132169 0.034999999999999996 0.00006976744186043549
1645253383789 0 11.908164999999997 0 118800 0.0324 0.00006976744186043549
1645253388212 0 11.652039000000002 0 116618 0.032 0.00006976744186043549
1645253391849 0 11.897216000000014 0 222296 0.0533 0.00006976744186043549

