1645235434147 1 3.999999 881 346799 0.0784 -3.7882999999999996
1645235437326 4 4.837145 0 1312552 0.2969 0.000174418604651283
1645235440592 4 5.571041000000001 0 1383123 0.3137 0.000662790697674609
1645235444006 4 6.165149000000001 0 1451767 0.3278 0.000662790697674609
1645235447108 4 7.066391999999999 0 1308083 0.2962 0.000662790697674609
1645235450164 4 8.168878999999999 0 1299338 0.294 0.000662790697674609
1645235453577 4 8.750005999999999 0 1453833 0.3275 0.000662790697674609
1645235456581 4 9.747308 0 1280990 0.29 0.000662790697674609
1645235460369 4 9.962736000000003 0 1612910 0.3655 0.000662790697674609
1645235463211 4 11.116978000000003 0 1213987 0.2742 0.000662790697674609
1645235466442 4 11.895411000000003 0 1380918 0.3121 0.000662790697674609
1645235470587 4 11.912700000000001 0 1334467 0.302 0.000662790697674609
1645235474498 4 11.901194000000004 0 1463126 0.331 0.000662790697674609
1645235478820 4 11.644047 0 1421742 0.3216 0.000662790697674609
1645235482677 4 11.883542000000006 0 1436771 0.3252 0.000662790697674609
1645235487121 4 11.935775 0 1425347 0.3315 0.000662790697674609
1645235491330 4 11.671558000000005 0 1366001 0.30910000000000004 0.000662790697674609
1645235495348 4 11.662069000000002 0 1281785 0.2903 0.000662790697674609
1645235498896 4 11.921546000000006 0 1514044 0.3423 0.000662790697674609
1645235503257 4 11.624533 0 1432783 0.3231 0.000662790697674609
1645235507045 4 11.869010000000003 0 1401397 0.317 0.000662790697674609
1645235511438 4 11.608756 0 1450362 0.3278 0.000662790697674609
1645235515407 4 11.605398000000008 0 1266375 0.2864 0.000662790697674609
1645235518976 4 11.842689000000007 0 1497932 0.3383 0.000662790697674609
1645235523545 4 11.505432999999996 0 1308773 0.2965 0.000662790697674609
1645235527124 4 11.917168000000004 0 1516715 0.3432 0.000662790697674609
1645235531439 4 11.735762000000008 0 1407805 0.3182 0.000662790697674609
1645235535209 4 11.977263000000008 0 1394624 0.3155 0.000662790697674609
1645235539223 4 11.972828000000007 0 1502056 0.3393 0.000662790697674609
1645235543212 4 11.957362000000003 0 1276395 0.2878 0.000662790697674609
1645235547175 4 11.948315000000008 0 1480768 0.3346 0.000662790697674609
1645235551121 4 11.941151000000005 0 1473992 0.33330000000000004 0.000662790697674609
1645235555191 4 11.934978000000001 0 1306146 0.2964 0.000662790697674609
1645235559334 4 11.92429 0 1565699 0.354 0.000662790697674609
1645235563316 4 11.916377000000011 0 1268922 0.2861 0.000662790697674609
1645235567605 4 11.652705999999995 0 1406335 0.3184 0.000662790697674609
1645235571348 4 11.894047999999998 0 1381377 0.3121 0.000662790697674609
1645235575301 4 11.889127000000002 0 1475162 0.3339 0.000662790697674609
1645235579642 4 11.626495000000006 0 1430482 0.3242 0.000662790697674609
1645235583532 4 11.60472200000001 0 1439994 0.3267 0.000662790697674609
1645235587323 4 11.846198000000015 0 1405476 0.31829999999999997 0.000662790697674609
1645235591558 4 11.588315999999992 0 1382866 0.3136 0.000662790697674609
1645235595615 4 11.580094000000003 0 1303196 0.2953 0.000662790697674609
1645235599224 4 11.807794999999999 0 1538814 0.3485 0.000662790697674609
1645235603563 4 11.561662000000013 0 1423261 0.3221 0.000662790697674609
1645235607293 4 11.80541500000001 0 1377859 0.3115 0.000662790697674609
1645235611562 4 11.54484500000001 0 1396488 0.3164 0.000662790697674609
1645235615530 4 11.536570000000012 0 1265878 0.2867 0.000662790697674609
1645235619488 4 11.773182999999989 0 1474721 0.3336 0.000662790697674609
1645235623675 4 11.512513000000013 0 1357016 0.3073 0.000662790697674609
1645235627237 4 11.813344 0 1508969 0.3413 0.000662790697674609
1645235631054 4 11.977753000000007 0 1420161 0.321 0.000662790697674609
1645235635393 4 11.718792000000008 0 1394798 0.32389999999999997 0.000662790697674609
1645235639387 4 11.706057000000015 0 1499654 0.3392 0.000662790697674609
1645235643488 4 11.693690000000004 0 1323592 0.29969999999999997 0.000662790697674609
1645235647437 4 11.688285000000008 0 1477260 0.3346 0.000662790697674609
1645235651389 4 11.681089000000014 0 1474833 0.3339 0.000662790697674609
1645235655434 4 11.671752999999995 0 1299401 0.29369999999999996 0.000662790697674609
1645235659171 4 11.865795999999989 0 1595638 0.3608 0.000662790697674609
1645235663186 4 11.896937000000008 0 1282380 0.29 0.000662790697674609
1645235667457 4 11.641087999999996 0 1402228 0.3173 0.000662790697674609
1645235671239 4 11.886829000000006 0 1404885 0.318 0.000662790697674609
1645235675637 4 11.623007999999999 0 1453425 0.3291 0.000662790697674609
1645235679038 4 11.993976000000004 0 1453998 0.3287 0.000662790697674609
1645235683375 4 11.854116000000005 0 1424197 0.3226 0.000662790697674609
1645235687667 4 11.596399999999988 0 1409895 0.3186 0.000662790697674609
1645235691392 4 11.842624 0 1381516 0.3127 0.000662790697674609
1645235695433 4 11.829726999999991 0 1298461 0.29369999999999996 0.000662790697674609
1645235699494 4 11.575361999999984 0 1530017 0.34609999999999996 0.000662790697674609
1645235703353 4 11.806847000000005 0 1437352 0.32530000000000003 0.000662790697674609
1645235707585 4 11.559117000000015 0 1344879 0.3122 0.000662790697674609
1645235711067 4 11.964794999999981 0 1490910 0.33690000000000003 0.000662790697674609
1645235715534 4 11.535730000000001 0 1264017 0.286 0.000662790697674609
1645235719438 4 11.780050000000017 0 1458446 0.33039999999999997 0.000662790697674609
1645235723635 4 11.52300200000002 0 1366050 0.309 0.000662790697674609
1645235727216 4 11.814233999999999 0 1540108 0.3482 0.000662790697674609
1645235731547 4 11.50607500000001 0 1421303 0.3216 0.000662790697674609
1645235735235 4 11.998594000000026 0 1359213 0.3083 0.000662790697674609
1645235739277 4 11.985149999999976 0 1514199 0.3418 0.000662790697674609
1645235743310 4 11.726056000000028 0 1296661 0.2934 0.000662790697674609
1645235747441 4 11.719949999999983 0 1340186 0.3032 0.000662790697674609
1645235751384 4 11.713260999999989 0 1478975 0.3346 0.000662790697674609
1645235755526 4 11.707967999999994 0 1342511 0.3041 0.000662790697674609
1645235759093 4 11.943303000000014 0 1527618 0.3464 0.000662790697674609
1645235763141 4 11.942741000000012 0 1297467 0.2945 0.000662790697674609

