1645250236357 1 3.999999 786 346799 0.06720000000000001 -3.3798
1645250236967 0 7.400565 0 213385 0.041299999999999996 0.00017441860465117198
1645250237335 0 11.031669 0 141806 0.027100000000000003 0.00006976744186043549
1645250240651 0 11.782626 0 112578 0.0214 0.00006976744186043549
1645250245002 0 11.526340999999999 0 80671 0.0241 0.00006976744186043549
1645250248815 0 11.766257999999999 0 68729 0.0215 0.00006976744186043549
1645250252776 0 11.757670999999998 0 137895 0.036699999999999997 0.00006976744186043549
1645250256677 0 11.748916999999999 0 114138 0.03 0.00006976744186043549
1645250260637 0 11.734070000000003 0 126013 0.033100000000000004 0.00006976744186043549
1645250264749 0 11.729600000000001 0 217236 0.051000000000000004 0.00006976744186043549
1645250268863 0 11.724204 0 219398 0.0513 0.00006976744186043549
1645250272887 0 11.714642000000005 0 177648 0.0427 0.00006976744186043549
1645250276901 0 11.710148000000004 0 166856 0.041299999999999996 0.00006976744186043549
1645250280522 0 11.951782000000001 0 223685 0.052700000000000004 0.00006976744186043549
1645250284613 0 11.947592 0 206455 0.0485 0.00006976744186043549
1645250288539 0 11.936513000000005 0 121534 0.032 0.00006976744186043549
1645250292922 0 11.681634000000003 0 105092 0.028499999999999998 0.00006976744186043549
1645250296739 0 11.678034000000004 0 63086 0.0218 0.00006976744186043549
1645250300600 0 11.921175000000005 0 87739 0.0264 0.00006976744186043549
1645250304595 0 11.915856000000005 0 152905 0.0388 0.00006976744186043549
1645250308474 0 11.911051999999998 0 100587 0.0283 0.00006976744186043549
1645250312527 0 11.905174000000002 0 186001 0.0442 0.00006976744186043549
1645250316609 0 11.899687999999998 0 201620 0.048 0.00006976744186043549
1645250320715 0 11.895457000000007 0 218012 0.0506 0.00006976744186043549
1645250324638 0 11.883549000000002 0 123058 0.032 0.00006976744186043549
1645250328704 0 11.876141000000004 0 198856 0.047 0.00006976744186043549
1645250332849 0 11.615570000000005 0 223061 0.0517 0.00006976744186043549
1645250336810 0 11.610088000000005 0 143385 0.0365 0.00006976744186043549
1645250340720 0 11.854168999999999 0 117021 0.0312 0.00006976744186043549
1645250344568 0 11.847301999999999 0 83595 0.0246 0.00006976744186043549
1645250348901 0 11.590707000000009 0 68011 0.0227 0.00006976744186043549
1645250352844 0 11.582175000000007 0 134264 0.0344 0.00006976744186043549
1645250356752 0 11.822164999999998 0 113722 0.0312 0.00006976744186043549
1645250360681 0 11.817976999999999 0 122694 0.0329 0.00006976744186043549
1645250364781 0 11.812940999999995 0 215146 0.0504 0.00006976744186043549
1645250368881 0 11.549987000000016 0 213339 0.0501 0.00006976744186043549
1645250372920 0 11.544225000000012 0 176949 0.043 0.00006976744186043549
1645250376906 0 11.536913999999996 0 158356 0.039 0.00006976744186043549
1645250381017 0 11.528123999999991 0 219852 0.051500000000000004 0.00006976744186043549
1645250385094 0 11.509918999999996 0 196864 0.046700000000000005 0.00006976744186043549
1645250389013 0 11.500687 0 116610 0.0311 0.00006976744186043549
1645250392408 0 11.993349999999992 0 107223 0.029599999999999998 0.00006976744186043549
1645250396711 0 11.735259000000013 0 64332 0.0208 0.00006976744186043549
1645250400570 0 11.977347000000009 0 88753 0.026000000000000002 0.00006976744186043549
1645250404551 0 11.971630000000005 0 153489 0.0379 0.00006976744186043549
1645250408433 0 11.96475000000001 0 101805 0.0283 0.00006976744186043549
1645250412482 0 11.956561999999991 0 186822 0.045200000000000004 0.00006976744186043549
1645250416564 0 11.94887700000001 0 200149 0.0479 0.00006976744186043549
1645250420665 0 11.941903999999994 0 215305 0.0502 0.00006976744186043549
1645250424602 0 11.937016999999997 0 128759 0.0337 0.00006976744186043549
1645250428673 0 11.932105000000007 0 199367 0.0468 0.00006976744186043549
1645250432780 0 11.672057999999993 0 220759 0.0512 0.00006976744186043549
1645250436759 0 11.660730000000001 0 149511 0.0379 0.00006976744186043549
1645250440670 0 11.904209000000009 0 118879 0.0313 0.00006976744186043549
1645250444517 0 11.899203 0 85418 0.0251 0.00006976744186043549
1645250448840 0 11.639565000000005 0 68807 0.0218 0.00006976744186043549
1645250452780 0 11.634557999999998 0 132565 0.034100000000000005 0.00006976744186043549
1645250456694 0 11.881060999999988 0 117262 0.0314 0.00006976744186043549
1645250460607 0 11.87258399999999 0 116418 0.0312 0.00006976744186043549
1645250464724 0 11.867410000000007 0 223024 0.052000000000000005 0.00006976744186043549
1645250468827 0 11.610383000000013 0 214538 0.0502 0.00006976744186043549
1645250472851 0 11.60609500000001 0 178191 0.043 0.00006976744186043549
1645250476846 0 11.600073000000009 0 161454 0.04 0.00006976744186043549
1645250480941 0 11.588694000000004 0 212225 0.0499 0.00006976744186043549
1645250485009 0 11.581454000000008 0 195858 0.047 0.00006976744186043549
1645250488926 0 11.571595000000002 0 119665 0.032100000000000004 0.00006976744186043549
1645250492820 0 11.565115999999989 0 108667 0.0295 0.00006976744186043549
1645250496624 0 11.808221000000003 0 64782 0.0207 0.00006976744186043549
1645250500976 0 11.555267000000015 0 87523 0.0258 0.00006976744186043549
1645250504959 0 11.54839800000002 0 155607 0.0383 0.00006976744186043549
1645250508835 0 11.54252200000002 0 100404 0.027800000000000002 0.00006976744186043549
1645250512873 0 11.538208999999995 0 183614 0.0442 0.00006976744186043549
1645250516941 0 11.526381000000015 0 197686 0.047299999999999995 0.00006976744186043549
1645250521046 0 11.514501999999993 0 217520 0.0511 0.00006976744186043549
1645250524992 0 11.510392000000024 0 132353 0.034999999999999996 0.00006976744186043549
1645250529076 0 11.505844000000025 0 199853 0.047599999999999996 0.00006976744186043549
1645250532707 0 11.741696999999988 0 225614 0.052500000000000005 0.00006976744186043549
1645250536677 0 11.737111000000027 0 150477 0.0376 0.00006976744186043549
1645250540590 0 11.975299000000007 0 117995 0.0315 0.00006976744186043549
1645250544442 0 11.96954599999998 0 86503 0.0254 0.00006976744186043549
1645250548756 0 11.710713999999996 0 67335 0.022 0.00006976744186043549
1645250552702 0 11.704883999999993 0 132169 0.034499999999999996 0.00006976744186043549
1645250556617 0 11.945425999999998 0 118800 0.0316 0.00006976744186043549
1645250560522 0 11.939045000000021 0 116618 0.0306 0.00006976744186043549
1645250564642 0 11.926767999999981 0 222296 0.0517 0.00006976744186043549

