1645230818015 1 3.999999 1097 346799 0.0964 -4.717099999999999
1645230818808 0 7.219144 0 213385 0.059699999999999996 0.00017441860465117198
1645230819295 0 10.730283 0 141806 0.0392 0.00006976744186043549
1645230822203 0 11.822282000000001 0 112578 0.031 0.00006976744186043549
1645230826595 0 11.559947999999999 0 80671 0.028399999999999998 0.00006976744186043549
1645230830441 0 11.800597999999999 0 68729 0.024399999999999998 0.00006976744186043549
1645230834487 0 11.541847999999998 0 137895 0.0446 0.00006976744186043549
1645230838460 0 11.784672 0 114138 0.0371 0.00006976744186043549
1645230842477 0 11.775227000000001 0 126013 0.0414 0.00006976744186043549
1645230846747 0 11.509745000000002 0 217236 0.0673 0.00006976744186043549
1645230850495 0 11.753289000000002 0 219398 0.0653 0.00006976744186043549
1645230854131 0 11.996113000000001 0 177648 0.0543 0.00006976744186043549
1645230858252 0 11.992331 0 166856 0.0521 0.00006976744186043549
1645230862048 0 11.978776000000003 0 223685 0.06820000000000001 0.00006976744186043549
1645230866278 0 11.969918 0 206455 0.0626 0.00006976744186043549
1645230870264 0 11.959847000000003 0 121534 0.0385 0.00006976744186043549
1645230874212 0 11.948309000000002 0 105092 0.034699999999999995 0.00006976744186043549
1645230878540 0 11.617388000000005 0 63086 0.0227 0.00006976744186043549
1645230882436 0 11.612597000000008 0 87739 0.0295 0.00006976744186043549
1645230886520 0 11.607405 0 152905 0.0475 0.00006976744186043549
1645230890447 0 11.595138000000006 0 100587 0.032600000000000004 0.00006976744186043549
1645230894626 0 11.58412700000001 0 186001 0.05689999999999999 0.00006976744186043549
1645230898344 0 11.82911200000001 0 201620 0.0619 0.00006976744186043549
1645230902604 0 11.572361999999998 0 218012 0.0656 0.00006976744186043549
1645230906614 0 11.562922999999998 0 123058 0.039900000000000005 0.00006976744186043549
1645230910317 0 11.800607999999997 0 198856 0.0601 0.00006976744186043549
1645230914705 0 11.543723 0 223061 0.0674 0.00006976744186043549
1645230918247 0 11.785111 0 143385 0.0449 0.00006976744186043549
1645230922729 0 11.530845 0 117021 0.0385 0.00006976744186043549
1645230926601 0 11.524443000000005 0 83595 0.027700000000000002 0.00006976744186043549
1645230930438 0 11.765820000000005 0 68011 0.023899999999999998 0.00006976744186043549
1645230934457 0 11.761421999999996 0 134264 0.0422 0.00006976744186043549
1645230938417 0 11.753797000000006 0 113722 0.0366 0.00006976744186043549
1645230942398 0 11.747372999999996 0 122694 0.0388 0.00006976744186043549
1645230946149 0 11.990241999999995 0 215146 0.0654 0.00006976744186043549
1645230950391 0 11.732264000000015 0 213339 0.06420000000000001 0.00006976744186043549
1645230954547 0 11.724122999999992 0 176949 0.05500000000000001 0.00006976744186043549
1645230958153 0 11.968347999999992 0 158356 0.0494 0.00006976744186043549
1645230962425 0 11.712834000000015 0 219852 0.06620000000000001 0.00006976744186043549
1645230966122 0 11.95347000000001 0 196864 0.0602 0.00006976744186043549
1645230970092 0 11.948590999999993 0 116610 0.0372 0.00006976744186043549
1645230974538 0 11.688885999999997 0 107223 0.0349 0.00006976744186043549
1645230978363 0 11.679292000000004 0 64332 0.023 0.00006976744186043549
1645230982260 0 11.922075000000007 0 88753 0.0299 0.00006976744186043549
1645230986337 0 11.912819000000013 0 153489 0.0479 0.00006976744186043549
1645230990271 0 11.89787100000001 0 101805 0.0333 0.00006976744186043549
1645230994444 0 11.64027999999999 0 186822 0.057499999999999996 0.00006976744186043549
1645230998149 0 11.883358000000015 0 200149 0.0605 0.00006976744186043549
1645231002402 0 11.624717000000004 0 215305 0.0645 0.00006976744186043549
1645231006409 0 11.618702000000013 0 128759 0.040600000000000004 0.00006976744186043549
1645231010609 0 11.60866999999999 0 199367 0.060399999999999995 0.00006976744186043549
1645231014370 0 11.852789000000001 0 220759 0.06670000000000001 0.00006976744186043549
1645231018437 0 11.594861000000009 0 149511 0.047 0.00006976744186043549
1645231022427 0 11.838567000000012 0 118879 0.038900000000000004 0.00006976744186043549
1645231026318 0 11.833762000000007 0 85418 0.029099999999999997 0.00006976744186043549
1645231030665 0 11.57410999999999 0 68807 0.024399999999999998 0.00006976744186043549
1645231034683 0 11.567811000000006 0 132565 0.0421 0.00006976744186043549
1645231038655 0 11.552855999999991 0 117262 0.0373 0.00006976744186043549
1645231042625 0 11.547908000000007 0 116418 0.0368 0.00006976744186043549
1645231046404 0 11.78886700000001 0 223024 0.0678 0.00006976744186043549
1645231050655 0 11.532726999999994 0 214538 0.0651 0.00006976744186043549
1645231054306 0 11.771363000000008 0 178191 0.0553 0.00006976744186043549
1645231058401 0 11.759499000000005 0 161454 0.05 0.00006976744186043549
1645231062640 0 11.502604999999988 0 212225 0.0644 0.00006976744186043549
1645231066334 0 11.745757999999995 0 195858 0.059699999999999996 0.00006976744186043549
1645231070324 0 11.738824999999991 0 119665 0.0388 0.00006976744186043549
1645231074281 0 11.983128000000022 0 108667 0.0355 0.00006976744186043549
1645231078108 0 11.970961999999986 0 64782 0.023100000000000002 0.00006976744186043549
1645231082498 0 11.713931000000002 0 87523 0.028999999999999998 0.00006976744186043549
1645231086569 0 11.70267899999999 0 155607 0.047799999999999995 0.00006976744186043549
1645231090490 0 11.694976999999994 0 100404 0.032600000000000004 0.00006976744186043549
1645231094140 0 11.940339999999992 0 183614 0.055600000000000004 0.00006976744186043549
1645231098339 0 11.934937999999988 0 197686 0.0601 0.00006976744186043549
1645231102593 0 11.67585600000001 0 217520 0.06570000000000001 0.00006976744186043549
1645231106113 0 11.917490999999984 0 132353 0.041999999999999996 0.00006976744186043549
1645231110317 0 11.910845999999992 0 199853 0.0606 0.00006976744186043549
1645231114591 0 11.653354999999976 0 225614 0.06760000000000001 0.00006976744186043549
1645231118159 0 11.893985999999984 0 150477 0.0469 0.00006976744186043549
1645231122637 0 11.638325000000009 0 117995 0.0378 0.00006976744186043549
1645231126523 0 11.627243000000021 0 86503 0.028999999999999998 0.00006976744186043549
1645231130359 0 11.871887000000015 0 67335 0.0235 0.00006976744186043549
1645231134372 0 11.863974999999982 0 132169 0.0416 0.00006976744186043549
1645231138350 0 11.852441999999996 0 118800 0.0379 0.00006976744186043549
1645231142321 0 11.84624100000002 0 116618 0.0374 0.00006976744186043549
1645231146583 0 11.590374999999995 0 222296 0.0665 0.00006976744186043549

