1645250940992 1 3.999999 863 346799 0.0749 -3.7108999999999996
1645250942825 3 6.182603 0 755039 0.1639 0.000174418604651283
1645250944734 3 8.272989 0 835161 0.18080000000000002 0.00043023255813956496
1645250946805 3 10.202366000000001 0 908792 0.1964 0.00043023255813956496
1645250949154 3 11.853667 0 804438 0.1741 0.00043023255813956496
1645250953555 3 11.594878999999999 0 828659 0.1797 0.00043023255813956496
1645250957185 3 11.837219999999999 0 937332 0.2031 0.00043023255813956496
1645250961472 3 11.581689999999998 0 776416 0.1683 0.00043023255813956496
1645250965293 3 11.825631000000001 0 1025687 0.2219 0.00043023255813956496
1645250969660 3 11.564551000000002 0 815426 0.1767 0.00043023255813956496
1645250973680 3 11.556819000000004 0 884625 0.192 0.00043023255813956496
1645250977244 3 11.798864000000002 0 904952 0.1964 0.00043023255813956496
1645250981425 3 11.789694000000004 0 954418 0.20659999999999998 0.00043023255813956496
1645250985496 3 11.533085 0 910446 0.1971 0.00043023255813956496
1645250989607 3 11.526520000000005 0 922454 0.2001 0.00043023255813956496
1645250993257 3 11.765938000000006 0 942842 0.2049 0.00043023255813956496
1645250997275 3 11.757312000000006 0 884128 0.1913 0.00043023255813956496
1645251001675 3 11.500485000000005 0 828263 0.1796 0.00043023255813956496
1645251005406 3 11.746160000000003 0 981175 0.2125 0.00043023255813956496
1645251009040 3 11.987045000000009 0 939007 0.20339999999999997 0.00043023255813956496
1645251013464 3 11.730333000000002 0 841370 0.1823 0.00043023255813956496
1645251017121 3 11.970771 0 947658 0.20550000000000002 0.00043023255813956496
1645251021526 3 11.716512000000009 0 828958 0.1796 0.00043023255813956496
1645251025243 3 11.958999000000006 0 977791 0.21190000000000003 0.00043023255813956496
1645251029181 3 11.950264000000004 0 847215 0.18380000000000002 0.00043023255813956496
1645251033403 3 11.69386 0 978032 0.21190000000000003 0.00043023255813956496
1645251037525 3 11.684618 0 934237 0.20249999999999999 0.00043023255813956496
1645251041551 3 11.679254 0 889600 0.1927 0.00043023255813956496
1645251045292 3 11.918174000000008 0 988774 0.2145 0.00043023255813956496
1645251049145 3 11.907956999999996 0 808061 0.17509999999999998 0.00043023255813956496
1645251053407 3 11.652156000000005 0 995677 0.21589999999999998 0.00043023255813956496
1645251057510 3 11.647453999999996 0 924757 0.2003 0.00043023255813956496
1645251061367 3 11.885281000000006 0 808228 0.175 0.00043023255813956496
1645251065165 3 11.872650000000007 0 1014212 0.2198 0.00043023255813956496
1645251069596 3 11.61689100000001 0 845218 0.18309999999999998 0.00043023255813956496
1645251073171 3 11.860961000000003 0 910767 0.1975 0.00043023255813956496
1645251077219 3 11.853622000000001 0 901777 0.19490000000000002 0.00043023255813956496
1645251081421 3 11.598624000000001 0 967347 0.2098 0.00043023255813956496
1645251085549 3 11.590012000000002 0 935273 0.20299999999999999 0.00043023255813956496
1645251089634 3 11.584564999999998 0 916928 0.19890000000000002 0.00043023255813956496
1645251093268 3 11.82965999999999 0 940743 0.20400000000000001 0.00043023255813956496
1645251097269 3 11.819268999999991 0 877888 0.1899 0.00043023255813956496
1645251101691 3 11.562419000000006 0 839766 0.18209999999999998 0.00043023255813956496
1645251105419 3 11.801942999999994 0 976062 0.21139999999999998 0.00043023255813956496
1645251109597 3 11.542549000000008 0 958353 0.2076 0.00043023255813956496
1645251113506 3 11.536068999999998 0 836268 0.18109999999999998 0.00043023255813956496
1645251117707 3 11.527905000000004 0 968967 0.21000000000000002 0.00043023255813956496
1645251121601 3 11.520553000000007 0 825839 0.179 0.00043023255813956496
1645251125311 3 11.764786000000015 0 974212 0.211 0.00043023255813956496
1645251129288 3 11.755232000000007 0 867483 0.1879 0.00043023255813956496
1645251133019 3 11.998885999999999 0 987232 0.2137 0.00043023255813956496
1645251137121 3 11.990634999999997 0 921956 0.2002 0.00043023255813956496
1645251141202 3 11.979895999999997 0 913803 0.1983 0.00043023255813956496
1645251145379 3 11.722531000000004 0 958215 0.20729999999999998 0.00043023255813956496
1645251149284 3 11.96271200000001 0 832934 0.1806 0.00043023255813956496
1645251153063 3 11.953619000000003 0 1005593 0.2178 0.00043023255813956496
1645251157187 3 11.940978000000001 0 935985 0.2028 0.00043023255813956496
1645251161529 3 11.68701200000001 0 802415 0.1741 0.00043023255813956496
1645251165288 3 11.926317000000012 0 999009 0.2164 0.00043023255813956496
1645251169279 3 11.921534000000008 0 869418 0.1883 0.00043023255813956496
1645251173321 3 11.908693 0 897686 0.1945 0.00043023255813956496
1645251177505 3 11.643315999999999 0 960141 0.2085 0.00043023255813956496
1645251181585 3 11.637008000000009 0 914618 0.198 0.00043023255813956496
1645251185242 3 11.877538000000015 0 949031 0.20579999999999998 0.00043023255813956496
1645251189335 3 11.87274099999999 0 919929 0.1994 0.00043023255813956496
1645251193451 3 11.612983000000014 0 930570 0.2012 0.00043023255813956496
1645251197490 3 11.607047000000023 0 894188 0.1937 0.00043023255813956496
1645251201401 3 11.851339999999993 0 835562 0.1813 0.00043023255813956496
1645251205650 3 11.591714000000024 0 986170 0.2143 0.00043023255813956496
1645251209322 3 11.837782000000004 0 955812 0.2072 0.00043023255813956496
1645251213233 3 11.831007999999997 0 837688 0.1816 0.00043023255813956496
1645251217509 3 11.573460000000011 0 972932 0.2145 0.00043023255813956496
1645251221353 3 11.812142999999992 0 807690 0.17470000000000002 0.00043023255813956496
1645251225559 3 11.555601000000024 0 968173 0.20990000000000003 0.00043023255813956496
1645251229547 3 11.541896000000008 0 872734 0.1893 0.00043023255813956496
1645251233293 3 11.781970999999999 0 991679 0.21459999999999999 0.00043023255813956496
1645251237411 3 11.777271999999982 0 930061 0.20129999999999998 0.00043023255813956496
1645251241447 3 11.771802999999977 0 884740 0.1906 0.00043023255813956496
1645251245661 3 11.508065999999985 0 968599 0.2101 0.00043023255813956496
1645251249105 3 11.993810999999994 0 848189 0.1834 0.00043023255813956496
1645251253351 3 11.737553999999989 0 989262 0.2141 0.00043023255813956496
1645251257479 3 11.726791999999989 0 929927 0.20139999999999997 0.00043023255813956496
1645251261412 3 11.717607999999984 0 845977 0.1835 0.00043023255813956496
1645251265211 3 11.96007800000001 0 1009703 0.21880000000000002 0.00043023255813956496
1645251269175 3 11.949568 0 861836 0.1865 0.00043023255813956496

