1645246959354 1 3.999999 1203 346799 0.1079 -5.172899999999999
1645246961531 1 5.832955 0 363755 0.11339999999999999 0.00017441860465117198
1645246962789 1 8.575329 0 362842 0.11259999999999999 0.00017441860465117198
1645246964105 1 11.258823 0 384791 0.1192 0.00017441860465117198
1645246967795 1 11.774306999999999 0 339137 0.10529999999999999 0.00017441860465117198
1645246971603 3 11.762939999999999 0 828659 0.25880000000000003 0.000174418604651283
1645246975647 3 11.758844 0 937332 0.29159999999999997 0.00043023255813956496
1645246979696 3 11.754648 0 776416 0.24180000000000001 0.00043023255813956496
1645246983544 3 11.998678000000002 0 1025687 0.31930000000000003 0.00043023255813956496
1645246989200 3 10.164431000000004 0 815426 0.5535 0.00043023255813956496
1645246992214 3 11.154598 0 884625 0.2802 0.00043023255813956496
1645246995651 3 11.961238000000002 0 904952 0.2813 0.00043023255813956496
1645246999753 3 11.680658000000001 0 954418 0.29700000000000004 0.00043023255813956496
1645247003717 3 11.875899000000004 0 910446 0.2835 0.00043023255813956496
1645247007732 3 11.852433000000005 0 922454 0.2873 0.00043023255813956496
1645247011785 3 11.594981000000004 0 942842 0.2933 0.00043023255813956496
1645247015654 3 11.835064000000003 0 884128 0.27480000000000004 0.00043023255813956496
1645247019862 3 11.578689000000004 0 828263 0.2581 0.00043023255813956496
1645247024034 3 11.569307000000009 0 981175 0.30569999999999997 0.00043023255813956496
1645247027577 3 11.795715999999999 0 939007 0.2925 0.00043023255813956496
1645247033234 3 10.130950999999996 0 841370 0.5537 0.00043023255813956496
1645247036449 3 10.91595000000001 0 947658 0.29900000000000004 0.00043023255813956496
1645247039668 3 11.771811 0 828958 0.2569 0.00043023255813956496
1645247043836 3 11.763132999999996 0 977791 0.304 0.00043023255813956496
1645247047605 3 11.973037000000005 0 847215 0.2638 0.00043023255813956496
1645247051766 3 11.714617000000004 0 978032 0.3045 0.00043023255813956496
1645247055791 3 11.706957000000003 0 934237 0.2906 0.00043023255813956496
1645247059677 3 11.696168999999998 0 889600 0.2767 0.00043023255813956496
1645247063883 3 11.688243999999997 0 988774 0.3081 0.00043023255813956496
1645247067581 3 11.893607000000003 0 808061 0.25139999999999996 0.00043023255813956496
1645247071799 3 11.635985000000005 0 995677 0.3106 0.00043023255813956496
1645247075812 3 11.587061000000006 0 924757 0.2878 0.00043023255813956496
1645247079608 3 11.834100000000007 0 808228 0.25139999999999996 0.00043023255813956496
1645247083436 3 11.954029000000006 0 1014212 0.3156 0.00043023255813956496
1645247087696 3 11.69038599999999 0 845218 0.2627 0.00043023255813956496
1645247091665 3 11.93340599999999 0 910767 0.2835 0.00043023255813956496
1645247097469 3 9.917346000000009 0 901777 0.5678 0.00043023255813956496
1645247100738 3 10.649248 0 967347 0.3053 0.00043023255813956496
1645247103776 3 11.607898000000006 0 935273 0.2914 0.00043023255813956496
1645247107760 3 11.811959000000002 0 916928 0.2846 0.00043023255813956496
1645247111810 3 11.792394999999999 0 940743 0.2915 0.00043023255813956496
1645247115678 3 11.781047000000001 0 877888 0.2737 0.00043023255813956496
1645247119921 3 11.521394000000015 0 839766 0.2616 0.00043023255813956496
1645247124079 3 11.514600000000002 0 976062 0.30369999999999997 0.00043023255813956496
1645247127679 3 11.756679999999989 0 958353 0.2982 0.00043023255813956496
1645247131895 3 11.721678999999995 0 836268 0.26 0.00043023255813956496
1645247135542 3 11.948461000000009 0 968967 0.3019 0.00043023255813956496
1645247139730 3 11.689533000000011 0 825839 0.25670000000000004 0.00043023255813956496
1645247143891 3 11.68315899999999 0 974212 0.3026 0.00043023255813956496
1645247147506 0 11.926611000000008 0 128759 0.0397 0.00043023255813956496
1645247151736 0 11.669418000000007 0 199367 0.0619 0.00006976744186043549
1645247155530 0 11.909020999999996 0 220759 0.06810000000000001 0.00006976744186043549
1645247159621 0 11.900023000000004 0 149511 0.046200000000000005 0.00006976744186043549
1645247163621 0 11.893417999999997 0 118879 0.0374 0.00006976744186043549
1645247167503 0 11.887776000000002 0 85418 0.0262 0.00006976744186043549
1645247171880 0 11.633552000000009 0 68807 0.0252 0.00006976744186043549
1645247175959 0 11.624548000000004 0 132565 0.0451 0.00006976744186043549
1645247179983 0 11.615364999999997 0 117262 0.0409 0.00006976744186043549
1645247183992 0 11.605665000000016 0 116418 0.0396 0.00006976744186043549
1645247187848 0 11.59725499999999 0 223024 0.0736 0.00006976744186043549
1645247191677 0 11.839643999999993 0 214538 0.0711 0.00006976744186043549
1645247195915 0 11.582505999999995 0 178191 0.0596 0.00006976744186043549
1645247199592 0 11.824772999999993 0 161454 0.0543 0.00006976744186043549
1645247203917 0 11.565374999999989 0 212225 0.0707 0.00006976744186043549
1645247207688 0 11.807153 0 195858 0.06470000000000001 0.00006976744186043549
1645247211729 0 11.797242000000011 0 119665 0.0416 0.00006976744186043549
1645247215734 0 11.790166 0 108667 0.0381 0.00006976744186043549
1645247220094 0 11.533181000000013 0 64782 0.023899999999999998 0.00006976744186043549
1645247224025 0 11.510987 0 87523 0.0311 0.00006976744186043549
1645247227671 0 11.75365800000003 0 155607 0.0529 0.00006976744186043549
1645247231649 0 11.748940000000005 0 100404 0.034999999999999996 0.00006976744186043549
1645247235884 0 11.738058000000024 0 183614 0.0612 0.00006976744186043549
1645247239660 0 11.971407 0 197686 0.066 0.00006976744186043549
1645247243490 0 11.944578999999976 0 217520 0.0717 0.00006976744186043549
1645247247565 0 11.936733000000004 0 132353 0.0453 0.00006976744186043549
1645247251860 0 11.679197999999985 0 199853 0.06670000000000001 0.00006976744186043549
1645247255722 0 11.67049000000003 0 225614 0.0741 0.00006976744186043549
1645247259846 0 11.663503999999989 0 150477 0.0507 0.00006976744186043549
1645247263884 0 11.646566000000007 0 117995 0.0407 0.00006976744186043549
1645247267826 0 11.635798000000023 0 86503 0.0318 0.00006976744186043549
1645247271700 0 11.880286000000012 0 67335 0.025 0.00006976744186043549
1645247275773 0 11.624581999999975 0 132169 0.0449 0.00006976744186043549
1645247279817 0 11.61730399999999 0 118800 0.040999999999999995 0.00006976744186043549
1645247283841 0 11.60984000000002 0 116618 0.0398 0.00006976744186043549

