1645244969563 1 3.999999 753 346799 0.0656 -3.2379000000000002
1645244972257 4 5.328246999999999 0 1312552 0.24820000000000003 0.000174418604651283
1645244974979 4 6.602485000000001 0 1383123 0.2615 0.000662790697674609
1645244977825 4 7.756735000000001 0 1451767 0.2745 0.000662790697674609
1645244980400 4 9.181838999999998 0 1308083 0.2479 0.000662790697674609
1645244982974 4 10.607444999999998 0 1299338 0.2455 0.000662790697674609
1645244985845 4 11.741159 0 1453833 0.2757 0.000662790697674609
1645244989867 4 11.716171 0 1280990 0.24209999999999998 0.000662790697674609
1645244994031 4 11.710123000000003 0 1612910 0.3052 0.000662790697674609
1645244997935 4 11.700358000000001 0 1213987 0.2293 0.000662790697674609
1645245001646 4 11.945759000000002 0 1380918 0.2613 0.000662790697674609
1645245005770 4 11.935048000000002 0 1334467 0.2521 0.000662790697674609
1645245010138 4 11.667321000000001 0 1463126 0.2765 0.000662790697674609
1645245013930 4 11.663942000000006 0 1421742 0.2687 0.000662790697674609
1645245017764 4 11.903566000000005 0 1436771 0.27149999999999996 0.000662790697674609
1645245022060 4 11.648846000000006 0 1425347 0.26949999999999996 0.000662790697674609
1645245025745 4 11.885878000000005 0 1366001 0.2584 0.000662790697674609
1645245029779 4 11.878448000000006 0 1281785 0.24220000000000003 0.000662790697674609
1645245033736 4 11.867336000000009 0 1514044 0.286 0.000662790697674609
1645245038048 4 11.606160000000003 0 1432783 0.27090000000000003 0.000662790697674609
1645245041797 4 11.849355000000003 0 1401397 0.265 0.000662790697674609
1645245046141 4 11.589866999999998 0 1450362 0.2738 0.000662790697674609
1645245050137 4 11.583253 0 1266375 0.23929999999999998 0.000662790697674609
1645245054074 4 11.571786000000003 0 1497932 0.2832 0.000662790697674609
1645245058149 4 11.564113000000006 0 1308773 0.2479 0.000662790697674609
1645245062113 4 11.553851000000009 0 1516715 0.28650000000000003 0.000662790697674609
1645245065887 4 11.797599000000005 0 1407805 0.2663 0.000662790697674609
1645245070131 4 11.538316000000009 0 1394624 0.2644 0.000662790697674609
1645245074086 4 11.531953000000001 0 1502056 0.28450000000000003 0.000662790697674609
1645245078109 4 11.524304 0 1276395 0.2415 0.000662790697674609
1645245082014 4 11.769598000000002 0 1480768 0.2799 0.000662790697674609
1645245085914 4 11.759715 0 1473992 0.27959999999999996 0.000662790697674609
1645245089987 4 11.753563 0 1306146 0.2473 0.000662790697674609
1645245094058 4 11.743139999999997 0 1565699 0.2959 0.000662790697674609
1645245098060 4 11.734431999999998 0 1268922 0.23959999999999998 0.000662790697674609
1645245101829 4 11.976100000000002 0 1406335 0.2662 0.000662790697674609
1645245106043 4 11.719943 0 1381377 0.26139999999999997 0.000662790697674609
1645245109944 4 11.711846000000008 0 1475162 0.2788 0.000662790697674609
1645245113753 4 11.953859999999992 0 1430482 0.27040000000000003 0.000662790697674609
1645245118077 4 11.694008999999994 0 1439994 0.272 0.000662790697674609
1645245121829 4 11.93592799999999 0 1405476 0.26539999999999997 0.000662790697674609
1645245126054 4 11.674564000000004 0 1382866 0.2618 0.000662790697674609
1645245130127 4 11.6618 0 1303196 0.2467 0.000662790697674609
1645245134142 4 11.65667400000001 0 1538814 0.2907 0.000662790697674609
1645245137930 4 11.900634999999994 0 1423261 0.2686 0.000662790697674609
1645245142140 4 11.640533000000005 0 1377859 0.2606 0.000662790697674609
1645245145883 4 11.886603000000008 0 1396488 0.2638 0.000662790697674609
1645245149875 4 11.871490999999992 0 1265878 0.23929999999999998 0.000662790697674609
1645245153761 4 11.866931999999991 0 1474721 0.2785 0.000662790697674609
1645245157936 4 11.856538 0 1357016 0.25680000000000003 0.000662790697674609
1645245161897 4 11.84917200000001 0 1508969 0.2857 0.000662790697674609
1645245166195 4 11.584480000000013 0 1420161 0.26880000000000004 0.000662790697674609
1645245169938 4 11.82629399999999 0 1394798 0.2633 0.000662790697674609
1645245173875 4 11.821437000000003 0 1499654 0.2841 0.000662790697674609
1645245177993 4 11.80745300000001 0 1323592 0.2505 0.000662790697674609
1645245181889 4 11.794180000000011 0 1477260 0.2786 0.000662790697674609
1645245186284 4 11.53165100000001 0 1474833 0.2783 0.000662790697674609
1645245189891 4 11.763317999999998 0 1299401 0.2455 0.000662790697674609
1645245194058 4 11.756519999999995 0 1595638 0.302 0.000662790697674609
1645245197602 4 11.992682000000002 0 1282380 0.2427 0.000662790697674609
1645245201857 4 11.736456000000004 0 1402228 0.2651 0.000662790697674609
1645245205613 4 11.97682900000001 0 1404885 0.2656 0.000662790697674609
1645245209970 4 11.721769999999992 0 1453425 0.2752 0.000662790697674609
1645245213824 4 11.957989999999995 0 1453998 0.27549999999999997 0.000662790697674609
1645245217652 4 11.948216000000002 0 1424197 0.26949999999999996 0.000662790697674609
1645245221920 4 11.691339999999997 0 1409895 0.2667 0.000662790697674609
1645245226139 4 11.684488999999985 0 1381516 0.26139999999999997 0.000662790697674609
1645245229704 4 11.926667000000009 0 1298461 0.2455 0.000662790697674609
1645245233702 4 11.918271000000004 0 1530017 0.2894 0.000662790697674609
1645245238021 4 11.663027999999997 0 1437352 0.2712 0.000662790697674609
1645245242165 4 11.657103000000006 0 1344879 0.2541 0.000662790697674609
1645245246094 4 11.645494999999983 0 1490910 0.282 0.000662790697674609
1645245250088 4 11.63186300000001 0 1264017 0.2392 0.000662790697674609
1645245253948 4 11.876092000000028 0 1458446 0.2752 0.000662790697674609
1645245258146 4 11.612683000000004 0 1366050 0.2601 0.000662790697674609
1645245262167 4 11.606119999999976 0 1540108 0.29100000000000004 0.000662790697674609
1645245265958 4 11.847106999999994 0 1421303 0.2686 0.000662790697674609
1645245270135 4 11.591467000000023 0 1359213 0.2571 0.000662790697674609
1645245274097 4 11.58239100000003 0 1514199 0.2853 0.000662790697674609
1645245278203 4 11.575089999999989 0 1296661 0.24369999999999997 0.000662790697674609
1645245281837 4 11.816349000000002 0 1340186 0.2535 0.000662790697674609
1645245286237 4 11.562489000000028 0 1478975 0.27959999999999996 0.000662790697674609
1645245289876 4 11.803149000000019 0 1342511 0.254 0.000662790697674609
1645245293871 4 11.795096000000001 0 1527618 0.2895 0.000662790697674609
1645245297932 4 11.786392999999975 0 1297467 0.2454 0.000662790697674609

