1645238667055 1 3.999999 966 346799 0.08499999999999999 -4.1538
1645238668062 1 7.021961 0 363755 0.0893 0.00017441860465117198
1645238669052 1 10.027883000000001 0 362842 0.0888 0.00017441860465117198
1645238671599 1 11.716744000000002 0 384791 0.0945 0.00017441860465117198
1645238675272 3 11.955369999999998 0 804438 0.198 0.000174418604651283
1645238679449 3 11.697030999999999 0 828659 0.2071 0.00043023255813956496
1645238683365 3 11.941592999999997 0 937332 0.2318 0.00043023255813956496
1645238687372 3 11.932907999999998 0 776416 0.1905 0.00043023255813956496
1645238691500 3 11.679203000000001 0 1025687 0.25129999999999997 0.00043023255813956496
1645238695603 3 11.675138000000004 0 815426 0.2002 0.00043023255813956496
1645238699371 3 11.909896000000003 0 884625 0.2172 0.00043023255813956496
1645238703208 3 11.891310000000004 0 904952 0.22269999999999998 0.00043023255813956496
1645238707669 3 11.629413 0 954418 0.2324 0.00043023255813956496
1645238711516 3 11.620506000000006 0 910446 0.2242 0.00043023255813956496
1645238715389 3 11.862380000000002 0 922454 0.2262 0.00043023255813956496
1645238719313 3 11.853290000000001 0 942842 0.23199999999999998 0.00043023255813956496
1645238723585 3 11.598568 0 884128 0.217 0.00043023255813956496
1645238727726 3 11.592601000000002 0 828263 0.2036 0.00043023255813956496
1645238731731 3 11.579008000000002 0 981175 0.24100000000000002 0.00043023255813956496
1645238735633 3 11.569431000000009 0 939007 0.2299 0.00043023255813956496
1645238739307 3 11.803269999999998 0 841370 0.20579999999999998 0.00043023255813956496
1645238743745 3 11.547066999999998 0 947658 0.2324 0.00043023255813956496
1645238747382 3 11.789093000000008 0 828958 0.20390000000000003 0.00043023255813956496
1645238751396 3 11.779115000000004 0 977791 0.2406 0.00043023255813956496
1645238755570 3 11.517792999999998 0 847215 0.20790000000000003 0.00043023255813956496
1645238759576 3 11.514071999999999 0 978032 0.24 0.00043023255813956496
1645238763501 3 11.755713 0 934237 0.2298 0.00043023255813956496
1645238767288 3 11.997980999999996 0 889600 0.2184 0.00043023255813956496
1645238771329 3 11.987927999999997 0 988774 0.2431 0.00043023255813956496
1645238775414 3 11.732548000000008 0 808061 0.1985 0.00043023255813956496
1645238779476 3 11.727485999999999 0 995677 0.2445 0.00043023255813956496
1645238783349 3 11.962114999999997 0 924757 0.2271 0.00043023255813956496
1645238787441 3 11.703821000000005 0 808228 0.19870000000000002 0.00043023255813956496
1645238791541 3 11.696949000000004 0 1014212 0.24900000000000003 0.00043023255813956496
1645238795224 3 11.936453 0 845218 0.2077 0.00043023255813956496
1645238799572 3 11.680244000000016 0 910767 0.22410000000000002 0.00043023255813956496
1645238803396 3 11.917912000000001 0 901777 0.22149999999999997 0.00043023255813956496
1645238807370 3 11.913646 0 967347 0.2372 0.00043023255813956496
1645238811285 3 11.902491999999995 0 935273 0.23079999999999998 0.00043023255813956496
1645238815658 3 11.646218000000005 0 916928 0.2246 0.00043023255813956496
1645238819567 3 11.637621999999993 0 940743 0.2312 0.00043023255813956496
1645238823334 3 11.881686000000002 0 877888 0.21539999999999998 0.00043023255813956496
1645238827513 3 11.62105600000001 0 839766 0.20670000000000002 0.00043023255813956496
1645238831514 3 11.616116000000005 0 976062 0.2398 0.00043023255813956496
1645238835465 3 11.855916000000008 0 958353 0.2354 0.00043023255813956496
1645238839614 3 11.598173000000003 0 836268 0.2049 0.00043023255813956496
1645238843604 3 11.584090000000003 0 968967 0.2386 0.00043023255813956496
1645238847738 3 11.57671400000001 0 825839 0.2031 0.00043023255813956496
1645238851731 3 11.569061000000005 0 974212 0.23929999999999998 0.00043023255813956496
1645238855475 3 11.814573999999993 0 867483 0.2138 0.00043023255813956496
1645238859504 3 11.806801000000007 0 987232 0.2424 0.00043023255813956496
1645238863377 3 11.791511000000014 0 921956 0.22610000000000002 0.00043023255813956496
1645238867725 3 11.536084000000017 0 913803 0.22440000000000002 0.00043023255813956496
1645238871677 3 11.518463999999994 0 958215 0.2354 0.00043023255813956496
1645238875327 3 11.753375000000005 0 832934 0.2043 0.00043023255813956496
1645238879408 3 11.739730000000009 0 1005593 0.2473 0.00043023255813956496
1645238883314 3 11.984985999999992 0 935985 0.2298 0.00043023255813956496
1645238887388 3 11.718589000000009 0 802415 0.1967 0.00043023255813956496
1645238891446 3 11.710124000000008 0 999009 0.2448 0.00043023255813956496
1645238895184 3 11.946626000000009 0 869418 0.2136 0.00043023255813956496
1645238899495 3 11.688975999999997 0 897686 0.221 0.00043023255813956496
1645238903461 3 11.68400600000001 0 960141 0.23650000000000002 0.00043023255813956496
1645238907307 3 11.925868000000008 0 914618 0.22469999999999998 0.00043023255813956496
1645238911232 3 11.918824999999998 0 949031 0.2332 0.00043023255813956496
1645238915592 3 11.660833999999994 0 919929 0.22610000000000002 0.00043023255813956496
1645238919482 3 11.653679000000011 0 930570 0.2287 0.00043023255813956496
1645238923282 3 11.895323000000019 0 894188 0.22000000000000003 0.00043023255813956496
1645238927436 3 11.890374000000008 0 835562 0.2056 0.00043023255813956496
1645238931458 3 11.636299000000008 0 986170 0.2425 0.00043023255813956496
1645238935409 3 11.87759699999998 0 955812 0.23500000000000001 0.00043023255813956496
1645238939579 3 11.594490000000008 0 837688 0.2065 0.00043023255813956496
1645238943572 3 11.58766300000002 0 972932 0.2392 0.00043023255813956496
1645238947654 3 11.58155099999999 0 807690 0.198 0.00043023255813956496
1645238951641 3 11.573309999999992 0 968173 0.2379 0.00043023255813956496
1645238955401 3 11.818221999999992 0 872734 0.2144 0.00043023255813956496
1645238959458 3 11.806106 0 991679 0.24359999999999998 0.00043023255813956496
1645238963355 3 11.797028000000012 0 930061 0.2285 0.00043023255813956496
1645238967149 3 11.969855999999993 0 884740 0.2173 0.00043023255813956496
1645238971164 3 11.960484000000008 0 968599 0.23809999999999998 0.00043023255813956496
1645238975358 3 11.953976000000011 0 848189 0.2084 0.00043023255813956496
1645238979398 3 11.693908000000022 0 989262 0.2431 0.00043023255813956496
1645238983287 3 11.931486000000007 0 929927 0.2277 0.00043023255813956496
1645238987471 3 11.670076999999992 0 845977 0.20790000000000003 0.00043023255813956496
1645238991560 3 11.658041000000026 0 1009703 0.24860000000000002 0.00043023255813956496
1645238995281 3 11.89446700000002 0 861836 0.21150000000000002 0.00043023255813956496

