1645243974110 1 3.999999 2698 346799 0.2585 -11.6014
1645243975890 0 6.230961 0 213385 0.1584 0.00017441860465117198
1645243977052 0 9.069851 0 141806 0.1058 0.00006976744186043549
1645243978485 0 11.705760000000001 0 112578 0.08299999999999999 0.00006976744186043549
1645243982610 1 11.697617 0 339137 0.2516 0.000069767441860491
1645243986631 1 11.689597999999998 0 393219 0.2913 0.00017441860465117198
1645243990253 1 11.930622 0 406206 0.30169999999999997 0.00017441860465117198
1645243994624 1 11.665996999999997 0 303135 0.2253 0.00017441860465117198
1645243998306 1 11.907367000000004 0 414092 0.3085 0.00017441860465117198
1645244002427 1 11.900291000000003 0 337705 0.25179999999999997 0.00017441860465117198
1645244006270 1 11.890556000000004 0 366374 0.2733 0.00017441860465117198
1645244010487 1 11.880005000000004 0 352030 0.2619 0.00017441860465117198
1645244014341 1 11.869193000000003 0 371605 0.27559999999999996 0.00017441860465117198
1645244018317 1 11.861925 0 385670 0.28700000000000003 0.00017441860465117198
1645244022711 1 11.605603000000002 0 374050 0.27890000000000004 0.00017441860465117198
1645244026551 1 11.597839 0 367058 0.2731 0.00017441860465117198
1645244030469 1 11.839474000000003 0 377983 0.2815 0.00017441860465117198
1645244034501 1 11.833625000000005 0 326924 0.2424 0.00017441860465117198
1645244038501 1 11.824199000000007 0 388939 0.2894 0.00017441860465117198
1645244042531 1 11.817315000000008 0 392939 0.2926 0.00017441860465117198
1645244046333 1 11.805260000000004 0 362131 0.2698 0.00017441860465117198
1645244050438 1 11.794701000000003 0 402712 0.3 0.00017441860465117198
1645244054483 1 11.783988000000008 0 327400 0.2435 0.00017441860465117198
1645244058567 1 11.774046999999996 0 401133 0.2979 0.00017441860465117198
1645244062536 1 11.764268999999999 0 317452 0.23700000000000002 0.00017441860465117198
1645244066551 1 11.756799999999998 0 391753 0.2904 0.00017441860465117198
1645244070521 1 11.747498000000007 0 384934 0.28690000000000004 0.00017441860465117198
1645244074350 1 11.991647 0 367179 0.2723 0.00017441860465117198
1645244078352 1 11.984171000000003 0 387965 0.2895 0.00017441860465117198
1645244082425 1 11.724759000000006 0 333821 0.2472 0.00017441860465117198
1645244086458 1 11.715885 0 394452 0.2925 0.00017441860465117198
1645244090601 1 11.707253000000009 0 409513 0.3039 0.00017441860465117198
1645244094494 1 11.699106 0 307174 0.22890000000000002 0.00017441860465117198
1645244098232 1 11.940393 0 420407 0.31320000000000003 0.00017441860465117198
1645244102363 1 11.930948 0 340231 0.25270000000000004 0.00017441860465117198
1645244106259 1 11.922716000000008 0 374730 0.2791 0.00017441860465117198
1645244110486 1 11.662923000000006 0 353022 0.2631 0.00017441860465117198
1645244114517 1 11.656935000000004 0 393253 0.2927 0.00017441860465117198
1645244118365 1 11.90149199999999 0 368813 0.2745 0.00017441860465117198
1645244122257 1 11.88646 0 372578 0.27759999999999996 0.00017441860465117198
1645244126657 1 11.629618999999991 0 374507 0.2792 0.00017441860465117198
1645244130532 1 11.619621999999993 0 372824 0.2764 0.00017441860465117198
1645244134565 1 11.608530000000002 0 326437 0.2425 0.00017441860465117198
1645244138511 1 11.850884000000008 0 383127 0.2847 0.00017441860465117198
1645244142607 1 11.595024999999993 0 400632 0.2984 0.00017441860465117198
1645244146763 1 11.584548000000012 0 342596 0.255 0.00017441860465117198
1645244150396 1 11.827148999999991 0 407655 0.3025 0.00017441860465117198
1645244154511 1 11.819411000000002 0 337450 0.25139999999999996 0.00017441860465117198
1645244158628 1 11.561128999999994 0 404220 0.3008 0.00017441860465117198
1645244162702 1 11.555166000000014 0 331794 0.24710000000000001 0.00017441860465117198
1645244166718 1 11.540546000000006 0 390086 0.2903 0.00017441860465117198
1645244170688 1 11.527508000000012 0 387516 0.28690000000000004 0.00017441860465117198
1645244174515 1 11.769947000000002 0 365827 0.27240000000000003 0.00017441860465117198
1645244178546 1 11.757779 0 392579 0.2925 0.00017441860465117198
1645244182165 1 11.997564000000011 0 337939 0.2516 0.00017441860465117198
1645244186303 1 11.987629999999996 0 406896 0.303 0.00017441860465117198
1645244190313 1 11.980610000000013 0 390582 0.2899 0.00017441860465117198
1645244194359 1 11.974159000000014 0 328479 0.24489999999999998 0.00017441860465117198
1645244198418 1 11.714943000000005 0 399016 0.29569999999999996 0.00017441860465117198
1645244202277 1 11.955405000000013 0 370990 0.27490000000000003 0.00017441860465117198
1645244206643 1 11.697018000000014 0 371149 0.2767 0.00017441860465117198
1645244210511 1 11.689541999999989 0 372261 0.2766 0.00017441860465117198
1645244214544 1 11.684929000000011 0 394237 0.29359999999999997 0.00017441860465117198
1645244218383 1 11.927385000000015 0 368311 0.274 0.00017441860465117198
1645244222338 1 11.915088999999995 0 381418 0.2847 0.00017441860465117198
1645244226690 1 11.658491999999995 0 368451 0.2745 0.00017441860465117198
1645244230557 1 11.651810000000012 0 371908 0.2766 0.00017441860465117198
1645244234601 1 11.644510000000025 0 328352 0.2435 0.00017441860465117198
1645244238530 1 11.636847999999986 0 379027 0.282 0.00017441860465117198
1645244242666 1 11.627292000000011 0 407465 0.3029 0.00017441860465117198
1645244246257 1 11.866732000000013 0 333046 0.2485 0.00017441860465117198
1645244250455 1 11.853040000000021 0 416856 0.3096 0.00017441860465117198
1645244254566 1 11.59245500000003 0 335171 0.2495 0.00017441860465117198
1645244258680 1 11.584544999999991 0 401613 0.2981 0.00017441860465117198
1645244262301 1 11.827922999999998 0 337330 0.2516 0.00017441860465117198
1645244266318 1 11.823043999999982 0 391244 0.2914 0.00017441860465117198
1645244270320 1 11.814130999999975 0 387864 0.2892 0.00017441860465117198
1645244274643 1 11.55660899999998 0 363813 0.27080000000000004 0.00017441860465117198
1645244278655 1 11.547382000000027 0 391839 0.2909 0.00017441860465117198
1645244282763 1 11.53545600000001 0 336898 0.2505 0.00017441860465117198
1645244286718 1 11.529685000000029 0 381135 0.2848 0.00017441860465117198
1645244290708 1 11.518657000000019 0 386654 0.288 0.00017441860465117198
1645244294393 1 11.762970999999993 0 347396 0.2582 0.00017441860465117198
1645244298413 1 11.758884000000023 0 392538 0.2915 0.00017441860465117198

