1645229071474 1 3.999999 1009 346799 0.0877 -4.3387
1645229073493 1 6.003681 0 363755 0.0957 0.00017441860465117198
1645229074546 1 8.948181000000002 0 362842 0.0916 0.00017441860465117198
1645229077079 3 10.415400000000002 0 908792 0.2304 0.000174418604651283
1645229079832 3 11.779703 0 804438 0.20400000000000001 0.00043023255813956496
1645229084134 3 11.524227999999999 0 828659 0.2101 0.00043023255813956496
1645229088126 3 11.519461999999997 0 937332 0.2372 0.00043023255813956496
1645229091713 3 11.998100999999998 0 776416 0.1964 0.00043023255813956496
1645229095947 3 11.735142000000003 0 1025687 0.2605 0.00043023255813956496
1645229099634 3 11.972429000000002 0 815426 0.2064 0.00043023255813956496
1645229104016 3 11.71226 0 884625 0.2242 0.00043023255813956496
1645229107925 3 11.69659 0 904952 0.229 0.00043023255813956496
1645229111966 3 11.692377 0 954418 0.242 0.00043023255813956496
1645229115917 3 11.666443000000001 0 910446 0.231 0.00043023255813956496
1645229119892 3 11.65005 0 922454 0.23359999999999997 0.00043023255813956496
1645229123913 3 11.643557000000001 0 942842 0.23889999999999997 0.00043023255813956496
1645229127782 3 11.883748000000004 0 884128 0.22400000000000003 0.00043023255813956496
1645229132013 3 11.627334000000005 0 828263 0.20990000000000003 0.00043023255813956496
1645229135629 3 11.872521000000006 0 981175 0.2488 0.00043023255813956496
1645229140130 3 11.614508 0 939007 0.23769999999999997 0.00043023255813956496
1645229143885 3 11.817802 0 841370 0.2129 0.00043023255813956496
1645229147913 3 11.812709999999996 0 947658 0.24009999999999998 0.00043023255813956496
1645229152136 3 11.540047000000001 0 828958 0.21030000000000001 0.00043023255813956496
1645229155745 3 11.782786000000002 0 977791 0.2481 0.00043023255813956496
1645229160033 3 11.526694000000006 0 847215 0.2153 0.00043023255813956496
1645229164123 3 11.512302000000005 0 978032 0.2479 0.00043023255813956496
1645229167676 3 11.997231 0 934237 0.2366 0.00043023255813956496
1645229171576 3 11.993096000000008 0 889600 0.22519999999999998 0.00043023255813956496
1645229175721 3 11.979574999999997 0 988774 0.251 0.00043023255813956496
1645229181316 3 10.180647000000008 0 808061 0.5476 0.00043023255813956496
1645229184112 3 11.385897 0 995677 0.2581 0.00043023255813956496
1645229187584 3 11.955306000000007 0 924757 0.2339 0.00043023255813956496
1645229191768 3 11.947201000000007 0 808228 0.2056 0.00043023255813956496
1645229196033 3 11.643498000000008 0 1014212 0.2595 0.00043023255813956496
1645229199798 3 11.882763000000011 0 845218 0.21389999999999998 0.00043023255813956496
1645229203728 3 11.876047999999997 0 910767 0.2311 0.00043023255813956496
1645229207642 3 11.868279999999999 0 901777 0.22820000000000001 0.00043023255813956496
1645229211714 3 11.863751000000008 0 967347 0.2448 0.00043023255813956496
1645229215713 3 11.847181000000006 0 935273 0.23769999999999997 0.00043023255813956496
1645229219661 3 11.842086999999992 0 916928 0.23210000000000003 0.00043023255813956496
1645229224159 3 11.583440999999993 0 940743 0.238 0.00043023255813956496
1645229227997 3 11.548366000000016 0 877888 0.2223 0.00043023255813956496
1645229231761 3 11.79430099999999 0 839766 0.21280000000000002 0.00043023255813956496
1645229235854 3 11.784943999999996 0 976062 0.2474 0.00043023255813956496
1645229239891 3 11.778103000000016 0 958353 0.2427 0.00043023255813956496
1645229244124 3 11.517817000000008 0 836268 0.21150000000000002 0.00043023255813956496
1645229248197 3 11.506354000000016 0 968967 0.24500000000000002 0.00043023255813956496
1645229251927 3 11.745315000000005 0 825839 0.209 0.00043023255813956496
1645229255510 3 11.982793000000015 0 974212 0.2464 0.00043023255813956496
1645229259581 0 11.976526000000007 0 128759 0.0324 0.00043023255813956496
1645229263704 0 11.96681799999999 0 199367 0.0506 0.00006976744186043549
1645229267882 0 11.707088999999996 0 220759 0.05500000000000001 0.00006976744186043549
1645229271885 0 11.69974400000001 0 149511 0.0375 0.00006976744186043549
1645229275863 0 11.695377000000008 0 118879 0.036199999999999996 0.00006976744186043549
1645229279759 0 11.938304000000016 0 85418 0.027500000000000004 0.00006976744186043549
1645229283618 0 11.93144000000001 0 68807 0.0229 0.00006976744186043549
1645229287646 0 11.922989000000001 0 132565 0.0395 0.00006976744186043549
1645229291630 0 11.916360999999995 0 117262 0.0355 0.00006976744186043549
1645229295607 0 11.911542999999995 0 116418 0.0361 0.00006976744186043549
1645229299864 0 11.653254000000004 0 223024 0.0628 0.00006976744186043549
1645229303601 0 11.897511000000009 0 214538 0.0601 0.00006976744186043549
1645229307726 0 11.886336999999997 0 178191 0.0502 0.00006976744186043549
1645229311807 0 11.88181800000001 0 161454 0.047099999999999996 0.00006976744186043549
1645229316038 0 11.623184000000009 0 212225 0.059899999999999995 0.00006976744186043549
1645229319733 0 11.869653999999997 0 195858 0.05450000000000001 0.00006976744186043549
1645229323722 0 11.864284999999995 0 119665 0.036199999999999996 0.00006976744186043549
1645229327677 0 11.856771999999978 0 108667 0.0333 0.00006976744186043549
1645229332023 0 11.599378000000002 0 64782 0.0225 0.00006976744186043549
1645229335911 0 11.59283499999998 0 87523 0.028000000000000004 0.00006976744186043549
1645229339975 0 11.584206999999992 0 155607 0.0448 0.00006976744186043549
1645229343927 0 11.575394000000017 0 100404 0.0314 0.00006976744186043549
1645229348058 0 11.568156999999985 0 183614 0.052000000000000005 0.00006976744186043549
1645229351724 0 11.812256999999988 0 197686 0.05600000000000001 0.00006976744186043549
1645229355955 0 11.554862000000014 0 217520 0.0611 0.00006976744186043549
1645229359967 0 11.550450000000012 0 132353 0.0396 0.00006976744186043549
1645229364166 0 11.54413599999998 0 199853 0.056999999999999995 0.00006976744186043549
1645229367921 0 11.788736000000029 0 225614 0.0635 0.00006976744186043549
1645229371987 0 11.532474999999977 0 150477 0.0448 0.00006976744186043549
1645229375955 0 11.767941000000008 0 117995 0.0361 0.00006976744186043549
1645229379857 0 11.751184000000023 0 86503 0.0279 0.00006976744186043549
1645229383709 0 11.994010000000003 0 67335 0.0229 0.00006976744186043549
1645229387744 0 11.984495999999979 0 132169 0.0396 0.00006976744186043549
1645229391726 0 11.960111999999981 0 118800 0.0358 0.00006976744186043549
1645229395707 0 11.955156999999986 0 116618 0.036 0.00006976744186043549

