1645239657090 1 3.999999 2214 346799 0.21030000000000001 -9.520199999999999
1645239661913 3 4.44722 1266 755039 0.4601 -5.443625581395349
1645239667107 3 4.450760000000001 1203 835161 0.5084 -5.17246976744186
1645239672735 3 4.395535000000001 1571 908792 0.5523 -6.754869767441859
1645239677833 3 4.4553889999999985 1158 804438 0.4894 -4.9789697674418605
1645239682991 3 4.3557539999999975 1062 828659 0.5035999999999999 -4.56616976744186
1645239688807 3 4.403001 1863 937332 0.5700000000000001 -8.01046976744186
1645239693748 3 4.254801999999998 790 776416 0.47350000000000003 -3.3965697674418602
1645239700103 3 4.289512000000002 2393 1025687 0.6245 -10.28946976744186
1645239705178 3 4.4209650000000025 1207 815426 0.49640000000000006 -5.18966976744186
1645239710776 3 4.3705130000000025 1548 884625 0.5387 -6.65596976744186
1645239716397 3 4.404982000000004 1656 904952 0.5508 -7.12036976744186
1645239722320 3 4.304444000000004 1814 954418 0.5793999999999999 -7.799769767441861
1645239728077 3 4.357888000000003 1819 910446 0.5544 -7.82126976744186
1645239733810 3 4.412897000000001 1788 922454 0.5621 -7.68796976744186
1645239739672 3 4.441296000000001 1890 942842 0.5748 -8.126569767441861
1645239745281 3 4.319032 1486 884128 0.5389999999999999 -6.38936976744186
1645239750446 3 4.294176000000007 1140 828263 0.5054000000000001 -4.901569767441861
1645239756527 3 4.422566000000003 2213 981175 0.5967 -9.51546976744186
1645239762461 3 4.375411 1887 939007 0.5721 -8.11366976744186
1645239767705 3 4.251230000000007 1120 841370 0.5126000000000001 -4.81556976744186
1645239773591 3 4.361705999999998 1994 947658 0.5767 -8.57376976744186
1645239778856 3 4.332206999999997 1237 828958 0.505 -5.31866976744186
1645239784924 3 4.30883 2044 977791 0.5953 -8.78876976744186
1645239790195 3 4.341912000000008 1308 847215 0.5158 -5.62396976744186
1645239796362 3 4.381483000000003 2204 978032 0.5958 -9.476769767441859
1645239802162 3 4.314641000000009 1730 934237 0.5684 -7.4385697674418605
1645239807799 3 4.281892999999997 1604 889600 0.5424 -6.89676976744186
1645239813934 3 4.372175999999996 2228 988774 0.6024 -9.57996976744186
1645239818964 3 4.335508000000004 998 808061 0.49139999999999995 -4.29096976744186
1645239825306 3 4.3166319999999985 2321 995677 0.607 -9.97986976744186
1645239831045 3 4.379469 1803 924757 0.5627 -7.752469767441859
1645239836076 3 4.486950000000007 1135 808228 0.49189999999999995 -4.88006976744186
1645239842524 3 4.280822000000001 2242 1014212 0.6181 -9.640169767441861
1645239847785 3 4.250523000000015 1229 845218 0.5136000000000001 -5.28426976744186
1645239853633 3 4.463718 2068 910767 0.5551 -8.89196976744186
1645239859230 3 4.274194999999992 1403 901777 0.548 -6.03246976744186
1645239865235 3 4.414346999999992 2149 967347 0.5888 -9.240269767441859
1645239871140 3 4.296666000000016 1786 935273 0.5702 -7.679369767441859
1645239876845 3 4.3203980000000115 1728 916928 0.5588 -7.429969767441859
1645239882793 3 4.286461000000003 1916 940743 0.5738000000000001 -8.23836976744186
1645239888249 3 4.4422460000000115 1614 877888 0.5343 -6.9397697674418595
1645239893483 3 4.287900000000008 1083 839766 0.512 -4.65646976744186
1645239899652 3 4.364164000000017 2241 976062 0.596 -9.635869767441859
1645239905603 3 4.344615000000005 1932 958353 0.5838 -8.307169767441861
1645239910810 3 4.260126000000014 1125 836268 0.5088 -4.837069767441861
1645239916914 3 4.379850000000005 2222 968967 0.5906 -9.554169767441861
1645239922050 3 4.34129200000001 1097 825839 0.5022 -4.71666976744186
1645239928092 3 4.421815000000009 2124 974212 0.5924 -9.132769767441859
1645239933593 3 4.280203 1356 867483 0.5288 -5.83036976744186
1645239939712 3 4.374990999999994 2214 987232 0.6007 -9.51976976744186
1645239945428 3 4.329567999999995 1675 921956 0.5603 -7.202069767441859
1645239951201 3 4.478265999999991 1917 913803 0.5568 -8.24266976744186
1645239957158 3 4.3190290000000005 1797 958215 0.5831999999999999 -7.726669767441859
1645239962343 3 4.352494000000007 1222 832934 0.5061 -5.2541697674418595
1645239968681 3 4.309394999999995 2298 1005593 0.6138 -9.88096976744186
1645239974486 3 4.34239199999999 1839 935985 0.5694 -7.907269767441861
1645239979569 3 4.415499000000011 1159 802415 0.48860000000000003 -4.98326976744186

