1645252382650 1 3.999999 845 346799 0.0726 -3.6335
1645252385677 4 4.993698999999999 0 1312552 0.2814 0.000174418604651283
1645252388738 4 5.927939000000001 0 1383123 0.29660000000000003 0.000662790697674609
1645252391954 4 6.712343000000001 0 1451767 0.3114 0.000662790697674609
1645252394870 4 7.795420999999999 0 1308083 0.2807 0.000662790697674609
1645252397784 4 8.898672 0 1299338 0.2787 0.000662790697674609
1645252401036 4 9.630627 0 1453833 0.3122 0.000662790697674609
1645252403884 4 10.782011999999998 0 1280990 0.2747 0.000662790697674609
1645252407452 4 11.213679000000003 0 1612910 0.3462 0.000662790697674609
1645252413375 4 9.290675000000004 0 1213987 0.5804 0.000662790697674609
1645252415632 3 11.034318000000006 0 884625 0.1975 0.0006627906976743869
1645252419167 3 11.528244 0 904952 0.1941 0.00043023255813956496
1645252423345 3 11.512557000000001 0 954418 0.20750000000000002 0.00043023255813956496
1645252426930 3 11.753412000000004 0 910446 0.1984 0.00043023255813956496
1645252431007 3 11.746553000000006 0 922454 0.1978 0.00043023255813956496
1645252435168 4 11.734889000000003 0 1425347 0.30619999999999997 0.00043023255813956496
1645252438699 4 11.976526 0 1366001 0.2932 0.000662790697674609
1645252443052 4 11.716397 0 1281785 0.27480000000000004 0.000662790697674609
1645252446916 4 11.911688999999996 0 1514044 0.3243 0.000662790697674609
1645252452911 4 9.763039000000006 0 1432783 0.5884 0.000662790697674609
1645252456181 4 10.484876 0 1401397 0.3082 0.000662790697674609
1645252459400 4 11.265406999999996 0 1450362 0.31120000000000003 0.000662790697674609
1645252463217 4 11.667821000000004 0 1266375 0.2718 0.000662790697674609
1645252467033 4 11.658645000000007 0 1497932 0.32130000000000003 0.000662790697674609
1645252470964 4 11.901178000000002 0 1308773 0.2804 0.000662790697674609
1645252474817 4 11.895755000000008 0 1516715 0.3254 0.000662790697674609
1645252478942 4 11.886398999999997 0 1407805 0.30169999999999997 0.000662790697674609
1645252483209 4 11.630043 0 1394624 0.3153 0.000662790697674609
1645252487030 4 11.871735999999999 0 1502056 0.3223 0.000662790697674609
1645252490883 4 11.866355999999996 0 1276395 0.2739 0.000662790697674609
1645252495164 4 11.605022000000005 0 1480768 0.31789999999999996 0.000662790697674609
1645252498930 4 11.850063000000006 0 1473992 0.31589999999999996 0.000662790697674609
1645252502841 4 11.830981000000008 0 1306146 0.2802 0.000662790697674609
1645252507308 4 11.571082000000004 0 1565699 0.3357 0.000662790697674609
1645252511129 4 11.564685999999995 0 1268922 0.2723 0.000662790697674609
1645252515245 4 11.555763000000013 0 1406335 0.30110000000000003 0.000662790697674609
1645252519317 4 11.542783000000014 0 1381377 0.2964 0.000662790697674609
1645252523082 4 11.788217000000003 0 1475162 0.31629999999999997 0.000662790697674609
1645252527259 4 11.531071999999995 0 1430482 0.3066 0.000662790697674609
1645252530946 4 11.770629000000014 0 1439994 0.3083 0.000662790697674609
1645252535068 4 11.759872000000001 0 1405476 0.30110000000000003 0.000662790697674609
1645252539143 4 11.750985000000014 0 1382866 0.2967 0.000662790697674609
1645252543046 4 11.740139999999997 0 1303196 0.27949999999999997 0.000662790697674609
1645252546943 4 11.728318999999999 0 1538814 0.32999999999999996 0.000662790697674609
1645252551106 4 11.720282999999995 0 1423261 0.3054 0.000662790697674609
1645252555167 4 11.714039000000014 0 1377859 0.2954 0.000662790697674609
1645252558769 4 11.956558000000001 0 1396488 0.3001 0.000662790697674609
1645252563099 4 11.696327999999994 0 1265878 0.2717 0.000662790697674609
1645252566864 4 11.940538000000004 0 1474721 0.31579999999999997 0.000662790697674609
1645252570888 4 11.93462199999999 0 1357016 0.2915 0.000662790697674609
1645252575228 4 11.674482000000012 0 1508969 0.324 0.000662790697674609
1645252578877 4 11.914646000000005 0 1420161 0.3046 0.000662790697674609
1645252582968 4 11.90306000000001 0 1394798 0.29860000000000003 0.000662790697674609
1645252586792 4 11.88952900000001 0 1499654 0.3216 0.000662790697674609
1645252591230 4 11.631068999999997 0 1323592 0.2838 0.000662790697674609
1645252595001 4 11.874099999999999 0 1477260 0.317 0.000662790697674609
1645252599260 4 11.616894000000002 0 1474833 0.3162 0.000662790697674609
1645252603147 4 11.605543000000011 0 1299401 0.2783 0.000662790697674609
1645252606677 4 11.988327999999996 0 1595638 0.3427 0.000662790697674609
1645252611030 4 11.842822000000012 0 1282380 0.27480000000000004 0.000662790697674609
1645252615137 4 11.586982000000006 0 1402228 0.3005 0.000662790697674609
1645252619254 4 11.578410999999988 0 1404885 0.3008 0.000662790697674609
1645252622963 4 11.821826000000016 0 1453425 0.3115 0.000662790697674609
1645252627189 4 11.564008000000001 0 1453998 0.3122 0.000662790697674609
1645252631345 4 11.554570000000012 0 1424197 0.3052 0.000662790697674609
1645252634972 4 11.794522 0 1409895 0.3025 0.000662790697674609
1645252639043 4 11.789686000000017 0 1381516 0.2961 0.000662790697674609
1645252642938 4 11.765368000000024 0 1298461 0.2783 0.000662790697674609
1645252647317 4 11.507405000000006 0 1530017 0.32730000000000004 0.000662790697674609
1645252651011 4 11.745645000000025 0 1437352 0.3082 0.000662790697674609
1645252654991 4 11.740882999999997 0 1344879 0.2883 0.000662790697674609
1645252658786 4 11.982974000000013 0 1490910 0.3194 0.000662790697674609
1645252663106 4 11.723542000000009 0 1264017 0.27080000000000004 0.000662790697674609
1645252666859 4 11.963148999999987 0 1458446 0.3131 0.000662790697674609
1645252670900 4 11.956295000000011 0 1366050 0.2932 0.000662790697674609
1645252674810 4 11.948579999999993 0 1540108 0.3305 0.000662790697674609
1645252678977 4 11.939817000000005 0 1421303 0.3049 0.000662790697674609
1645252683001 4 11.674209000000019 0 1359213 0.2918 0.000662790697674609
1645252686861 4 11.908532999999977 0 1514199 0.32480000000000003 0.000662790697674609
1645252691251 4 11.644190999999978 0 1296661 0.2782 0.000662790697674609
1645252695225 4 11.63651299999998 0 1340186 0.2872 0.000662790697674609
1645252698994 4 11.878232000000025 0 1478975 0.3171 0.000662790697674609
1645252702977 4 11.871244999999988 0 1342511 0.288 0.000662790697674609
1645252707356 4 11.610791000000006 0 1527618 0.32799999999999996 0.000662790697674609
1645252711248 4 11.60687200000001 0 1297467 0.279 0.000662790697674609

