1645252353046 1 3.999999 884 346799 0.0747 -3.8011999999999997
1645252353750 0 7.309771 0 213385 0.045700000000000005 0.00017441860465117198
1645252354150 0 10.909965000000001 0 141806 0.0301 0.00006976744186043549
1645252357487 0 11.623991 0 112578 0.0236 0.00006976744186043549
1645252361345 0 11.867021 0 80671 0.0257 0.00006976744186043549
1645252365679 0 11.608692 0 68729 0.023 0.00006976744186043549
1645252369659 0 11.602813999999999 0 137895 0.0378 0.00006976744186043549
1645252373580 0 11.593179 0 114138 0.0327 0.00006976744186043549
1645252377536 0 11.589583000000001 0 126013 0.035199999999999995 0.00006976744186043549
1645252381689 0 11.581006000000002 0 217236 0.0543 0.00006976744186043549
1645252385338 0 11.822255000000006 0 219398 0.05500000000000001 0.00006976744186043549
1645252389396 0 11.817636 0 177648 0.0458 0.00006976744186043549
1645252393429 0 11.805860000000003 0 166856 0.0434 0.00006976744186043549
1645252397582 0 11.549552000000006 0 223685 0.05550000000000001 0.00006976744186043549
1645252401703 0 11.534744000000003 0 206455 0.0518 0.00006976744186043549
1645252405648 0 11.525121000000006 0 121534 0.0342 0.00006976744186043549
1645252409547 0 11.521793000000002 0 105092 0.0301 0.00006976744186043549
1645252413346 0 11.764058000000006 0 63086 0.0206 0.00006976744186043549
1645252417711 0 11.50731900000001 0 87739 0.0264 0.00006976744186043549
1645252421710 0 11.503400999999997 0 152905 0.0403 0.00006976744186043549
1645252425106 0 11.994438000000002 0 100587 0.029599999999999998 0.00006976744186043549
1645252429179 0 11.990324000000001 0 186001 0.0474 0.00006976744186043549
1645252433290 0 11.986683999999997 0 201620 0.0511 0.00006976744186043549
1645252437434 0 11.729055000000002 0 218012 0.0548 0.00006976744186043549
1645252441377 0 11.715614000000002 0 123058 0.034 0.00006976744186043549
1645252445477 0 11.710233000000002 0 198856 0.0499 0.00006976744186043549
1645252449187 0 11.952439999999996 0 223061 0.055400000000000005 0.00006976744186043549
1645252453173 0 11.94523000000001 0 143385 0.0387 0.00006976744186043549
1645252457604 0 11.689980000000006 0 117021 0.0328 0.00006976744186043549
1645252461466 0 11.678446000000008 0 83595 0.0259 0.00006976744186043549
1645252465283 0 11.922646 0 68011 0.022 0.00006976744186043549
1645252469248 0 11.911202000000003 0 134264 0.036699999999999997 0.00006976744186043549
1645252473172 0 11.906354000000007 0 113722 0.0319 0.00006976744186043549
1645252477605 0 11.649336000000005 0 122694 0.0337 0.00006976744186043549
1645252481238 0 11.893766999999997 0 215146 0.053500000000000006 0.00006976744186043549
1645252485382 0 11.889289999999988 0 213339 0.0538 0.00006976744186043549
1645252489440 0 11.625092999999993 0 176949 0.046 0.00006976744186043549
1645252493451 0 11.613458000000008 0 158356 0.0416 0.00006976744186043549
1645252497601 0 11.610140999999999 0 219852 0.054900000000000004 0.00006976744186043549
1645252501243 0 11.848185999999998 0 196864 0.0511 0.00006976744186043549
1645252505665 0 11.58495099999999 0 116610 0.032600000000000004 0.00006976744186043549
1645252509571 0 11.57856000000001 0 107223 0.0306 0.00006976744186043549
1645252513384 0 11.821581000000009 0 64332 0.0215 0.00006976744186043549
1645252517249 0 11.811987000000016 0 88753 0.0268 0.00006976744186043549
1645252521258 0 11.800915000000003 0 153489 0.040600000000000004 0.00006976744186043549
1645252525651 0 11.546391 0 101805 0.029699999999999997 0.00006976744186043549
1645252529733 0 11.531620000000004 0 186822 0.0484 0.00006976744186043549
1645252533335 0 11.768497999999994 0 200149 0.0504 0.00006976744186043549
1645252537471 0 11.759579000000002 0 215305 0.053500000000000006 0.00006976744186043549
1645252541427 0 11.752493000000015 0 128759 0.0353 0.00006976744186043549
1645252545523 0 11.730786999999992 0 199367 0.0503 0.00006976744186043549
1645252549175 0 11.974762999999996 0 220759 0.055700000000000006 0.00006976744186043549
1645252553172 0 11.960982000000001 0 149511 0.04 0.00006976744186043549
1645252557605 0 11.697942000000012 0 118879 0.033100000000000004 0.00006976744186043549
1645252561463 0 11.693135000000012 0 85418 0.0261 0.00006976744186043549
1645252565290 0 11.932800000000015 0 68807 0.0229 0.00006976744186043549
1645252569248 0 11.911877000000004 0 132565 0.036199999999999996 0.00006976744186043549
1645252573179 0 11.90737999999999 0 117262 0.033100000000000004 0.00006976744186043549
1645252577602 0 11.647465000000011 0 116418 0.0322 0.00006976744186043549
1645252581254 0 11.893129000000016 0 223024 0.055400000000000005 0.00006976744186043549
1645252585390 0 11.87921399999999 0 214538 0.0536 0.00006976744186043549
1645252589449 0 11.624041000000005 0 178191 0.0455 0.00006976744186043549
1645252593470 0 11.617322999999999 0 161454 0.041999999999999996 0.00006976744186043549
1645252597601 0 11.609144000000015 0 212225 0.0531 0.00006976744186043549
1645252601692 0 11.60041000000001 0 195858 0.0493 0.00006976744186043549
1645252605625 0 11.596754000000004 0 119665 0.0334 0.00006976744186043549
1645252609532 0 11.59148399999998 0 108667 0.0308 0.00006976744186043549
1645252613338 0 11.832483000000025 0 64782 0.020999999999999998 0.00006976744186043549
1645252617694 0 11.573244999999986 0 87523 0.0261 0.00006976744186043549
1645252621708 0 11.564708999999993 0 155607 0.041299999999999996 0.00006976744186043549
1645252625600 0 11.560106000000019 0 100404 0.0293 0.00006976744186043549
1645252629665 0 11.552793000000008 0 183614 0.0469 0.00006976744186043549
1645252633265 0 11.794795000000022 0 197686 0.0501 0.00006976744186043549
1645252637400 0 11.782351000000006 0 217520 0.054200000000000005 0.00006976744186043549
1645252641361 0 11.771584000000018 0 132353 0.0364 0.00006976744186043549
1645252645461 0 11.76774899999998 0 199853 0.0504 0.00006976744186043549
1645252649625 0 11.512610999999993 0 225614 0.05620000000000001 0.00006976744186043549
1645252653621 0 11.49939999999998 0 150477 0.0398 0.00006976744186043549
1645252657554 0 11.744332999999983 0 117995 0.033 0.00006976744186043549
1645252661430 0 11.735379000000023 0 86503 0.0259 0.00006976744186043549
1645252665252 0 11.97542900000002 0 67335 0.022 0.00006976744186043549
1645252669210 0 11.965012999999999 0 132169 0.0359 0.00006976744186043549
1645252673144 0 11.955850999999996 0 118800 0.0332 0.00006976744186043549
1645252677574 0 11.696659000000011 0 116618 0.032600000000000004 0.00006976744186043549
1645252681222 0 11.935970999999995 0 222296 0.0548 0.00006976744186043549

