1645229067438 1 3.999999 1041 346799 0.0871 -4.4763
1645229068176 0 7.277206 0 213385 0.053700000000000005 0.00017441860465117198
1645229068636 0 10.816412000000001 0 141806 0.0358 0.00006976744186043549
1645229071523 0 11.996181 0 112578 0.0283 0.00006976744186043549
1645229075905 0 11.737744999999999 0 80671 0.027800000000000002 0.00006976744186043549
1645229079748 0 11.721431999999998 0 68729 0.0237 0.00006976744186043549
1645229083768 0 11.715974 0 137895 0.041299999999999996 0.00006976744186043549
1645229087722 0 11.959512999999998 0 114138 0.0359 0.00006976744186043549
1645229091703 0 11.953624000000001 0 126013 0.0382 0.00006976744186043549
1645229095915 0 11.694444000000004 0 217236 0.0613 0.00006976744186043549
1645229099628 0 11.936630000000001 0 219398 0.060899999999999996 0.00006976744186043549
1645229103731 0 11.928339000000001 0 177648 0.0509 0.00006976744186043549
1645229107812 0 11.669283 0 166856 0.048 0.00006976744186043549
1645229111545 0 11.916136999999999 0 223685 0.0625 0.00006976744186043549
1645229115725 0 11.912064 0 206455 0.0581 0.00006976744186043549
1645229119695 0 11.90524 0 121534 0.037 0.00006976744186043549
1645229123627 0 11.900048000000005 0 105092 0.032600000000000004 0.00006976744186043549
1645229127951 0 11.638956 0 63086 0.022 0.00006976744186043549
1645229131830 0 11.632086999999999 0 87739 0.0283 0.00006976744186043549
1645229135875 0 11.624818000000005 0 152905 0.0445 0.00006976744186043549
1645229139783 0 11.868409999999997 0 100587 0.0313 0.00006976744186043549
1645229143917 0 11.608843000000007 0 186001 0.0538 0.00006976744186043549
1645229148093 0 11.604472999999999 0 201620 0.05739999999999999 0.00006976744186043549
1645229151811 0 11.848051999999996 0 218012 0.0613 0.00006976744186043549
1645229155780 0 11.834837000000007 0 123058 0.0373 0.00006976744186043549
1645229159944 0 11.576760000000007 0 198856 0.05689999999999999 0.00006976744186043549
1645229163684 0 11.820408999999998 0 223061 0.0622 0.00006976744186043549
1645229167716 0 11.814363 0 143385 0.0424 0.00006976744186043549
1645229171674 0 11.805316000000005 0 117021 0.035699999999999996 0.00006976744186043549
1645229176044 0 11.546840000000003 0 83595 0.026600000000000002 0.00006976744186043549
1645229179877 0 11.790774999999996 0 68011 0.023100000000000002 0.00006976744186043549
1645229183877 0 11.782612999999998 0 134264 0.0402 0.00006976744186043549
1645229187818 0 11.772942 0 113722 0.0346 0.00006976744186043549
1645229191790 0 11.76650500000001 0 122694 0.0371 0.00006976744186043549
1645229195995 0 11.505310000000009 0 215146 0.060899999999999996 0.00006976744186043549
1645229199695 0 11.995616000000012 0 213339 0.0603 0.00006976744186043549
1645229203801 0 11.72816800000001 0 176949 0.0505 0.00006976744186043549
1645229207859 0 11.723459999999989 0 158356 0.046 0.00006976744186043549
1645229211596 0 11.966149999999999 0 219852 0.0633 0.00006976744186043549
1645229215754 0 11.705973 0 196864 0.05600000000000001 0.00006976744186043549
1645229219709 0 11.949364000000003 0 116610 0.0359 0.00006976744186043549
1645229223640 0 11.942747999999995 0 107223 0.0333 0.00006976744186043549
1645229227961 0 11.68802500000001 0 64332 0.0225 0.00006976744186043549
1645229231853 0 11.680667 0 88753 0.0288 0.00006976744186043549
1645229235891 0 11.672901999999993 0 153489 0.0442 0.00006976744186043549
1645229239801 0 11.664015000000006 0 101805 0.0313 0.00006976744186043549
1645229243934 0 11.656656999999996 0 186822 0.0533 0.00006976744186043549
1645229247595 0 11.895049999999998 0 200149 0.056799999999999996 0.00006976744186043549
1645229251808 0 11.887140000000016 0 215305 0.061 0.00006976744186043549
1645229255790 0 11.876134000000008 0 128759 0.038400000000000004 0.00006976744186043549
1645229259952 0 11.62189699999999 0 199367 0.05639999999999999 0.00006976744186043549
1645229263667 0 11.863191999999998 0 220759 0.0617 0.00006976744186043549
1645229267709 0 11.855440000000016 0 149511 0.0446 0.00006976744186043549
1645229271675 0 11.843966999999992 0 118879 0.0361 0.00006976744186043549
1645229276055 0 11.588754999999992 0 85418 0.027800000000000002 0.00006976744186043549
1645229279884 0 11.582128000000012 0 68807 0.023200000000000002 0.00006976744186043549
1645229283877 0 11.575493999999992 0 132565 0.0397 0.00006976744186043549
1645229287838 0 11.819282000000015 0 117262 0.0359 0.00006976744186043549
1645229291793 0 11.808930000000004 0 116418 0.0358 0.00006976744186043549
1645229296027 0 11.544516000000016 0 223024 0.0627 0.00006976744186043549
1645229299734 0 11.789829999999995 0 214538 0.0605 0.00006976744186043549
1645229303844 0 11.784178999999995 0 178191 0.0516 0.00006976744186043549
1645229307919 0 11.774885000000012 0 161454 0.0472 0.00006976744186043549
1645229312110 0 11.516841 0 212225 0.0598 0.00006976744186043549
1645229315763 0 11.75950499999999 0 195858 0.0553 0.00006976744186043549
1645229319724 0 11.754255 0 119665 0.0363 0.00006976744186043549
1645229323662 0 11.994576999999992 0 108667 0.0337 0.00006976744186043549
1645229327491 0 11.988092999999992 0 64782 0.0229 0.00006976744186043549
1645229331872 0 11.728966000000014 0 87523 0.028499999999999998 0.00006976744186043549
1645229335915 0 11.722184000000027 0 155607 0.0449 0.00006976744186043549
1645229339825 0 11.710930000000019 0 100404 0.030699999999999998 0.00006976744186043549
1645229343945 0 11.701999999999998 0 183614 0.0522 0.00006976744186043549
1645229347601 0 11.944231000000002 0 197686 0.05600000000000001 0.00006976744186043549
1645229351805 0 11.685221000000013 0 217520 0.061 0.00006976744186043549
1645229355796 0 11.679676000000029 0 132353 0.0395 0.00006976744186043549
1645229359962 0 11.672080999999991 0 199853 0.05689999999999999 0.00006976744186043549
1645229363689 0 11.917888000000005 0 225614 0.0632 0.00006976744186043549
1645229367730 0 11.914184999999975 0 150477 0.0441 0.00006976744186043549
1645229371684 0 11.908750999999995 0 117995 0.0355 0.00006976744186043549
1645229375558 0 11.899316999999996 0 86503 0.028000000000000004 0.00006976744186043549
1645229379892 0 11.645975000000021 0 67335 0.0233 0.00006976744186043549
1645229383882 0 11.640880999999979 0 132169 0.039400000000000004 0.00006976744186043549
1645229387835 0 11.63106700000003 0 118800 0.0358 0.00006976744186043549
1645229391790 0 11.87702200000001 0 116618 0.036 0.00006976744186043549
1645229396011 0 11.611806999999999 0 222296 0.0623 0.00006976744186043549

