1645248478908 1 3.999999 1060 346799 0.095 -4.558
1645248482730 4 4.296723999999999 112 1312552 0.3592 -0.4814255813953485
1645248486637 4 4.395981000000001 11 1383123 0.3802 -0.04663720930232529
1645248490736 4 4.393901000000001 88 1451767 0.3983 -0.37773720930232546
1645248494425 4 4.695950999999999 0 1308083 0.3592 0.000662790697674609
1645248498105 4 5.026674 0 1299338 0.3569 0.000662790697674609
1645248502207 4 4.914683999999998 0 1453833 0.3992 0.000662790697674609
1645248505833 4 5.289650999999999 0 1280990 0.3514 0.000662790697674609
1645248510368 4 4.754127000000004 0 1612910 0.44349999999999995 0.000662790697674609
1645248513806 4 5.315750000000001 0 1213987 0.33290000000000003 0.000662790697674609
1645248517706 4 5.414211000000002 0 1380918 0.3799 0.000662790697674609
1645248521475 4 5.645997000000001 0 1334467 0.3666 0.000662790697674609
1645248525600 4 5.520224000000006 0 1463126 0.4018 0.000662790697674609
1645248529639 4 5.483254000000002 0 1421742 0.3927 0.000662790697674609
1645248533705 4 5.416755000000002 0 1436771 0.3955 0.000662790697674609
1645248537724 4 5.3971190000000036 0 1425347 0.3914 0.000662790697674609
1645248541582 4 5.538817999999999 0 1366001 0.3752 0.000662790697674609
1645248545202 4 5.920755999999997 0 1281785 0.352 0.000662790697674609
1645248549466 4 5.661766 0 1514044 0.41529999999999995 0.000662790697674609
1645248553503 4 5.618513000000007 0 1432783 0.3931 0.000662790697674609
1645248557453 4 5.667280000000005 0 1401397 0.385 0.000662790697674609
1645248561555 4 5.566414000000009 0 1450362 0.3989 0.000662790697674609
1645248565132 4 5.988707000000005 0 1266375 0.3478 0.000662790697674609
1645248569347 4 5.773745000000005 0 1497932 0.41130000000000005 0.000662790697674609
1645248573047 4 6.077120000000008 0 1308773 0.3597 0.000662790697674609
1645248577332 4 5.799014 0 1516715 0.4164 0.000662790697674609
1645248581306 4 5.814672999999999 0 1407805 0.3866 0.000662790697674609
1645248585238 4 5.882649000000001 0 1394624 0.38330000000000003 0.000662790697674609
1645248589473 4 5.650104999999996 0 1502056 0.4125 0.000662790697674609
1645248593082 4 6.0392049999999955 0 1276395 0.3503 0.000662790697674609
1645248597250 4 5.870412999999999 0 1480768 0.40679999999999994 0.000662790697674609
1645248601404 4 5.717056999999997 0 1473992 0.40499999999999997 0.000662790697674609
1645248605100 4 6.020655000000005 0 1306146 0.359 0.000662790697674609
1645248609533 4 5.604174999999998 0 1565699 0.43010000000000004 0.000662790697674609
1645248613139 4 5.982605000000007 0 1268922 0.3486 0.000662790697674609
1645248617107 4 6.014784999999989 0 1406335 0.38639999999999997 0.000662790697674609
1645248621007 4 6.115311999999989 0 1381377 0.37970000000000004 0.000662790697674609
1645248625159 4 5.963107000000008 0 1475162 0.40519999999999995 0.000662790697674609
1645248629198 4 5.9231690000000015 0 1430482 0.3937 0.000662790697674609
1645248633259 4 5.861807999999996 0 1439994 0.396 0.000662790697674609
1645248637219 4 5.9017100000000084 0 1405476 0.3862 0.000662790697674609
1645248641128 4 5.999290000000002 0 1382866 0.38 0.000662790697674609
1645248644815 4 6.306927000000002 0 1303196 0.3586 0.000662790697674609
1645248649143 4 5.980925000000013 0 1538814 0.4224 0.000662790697674609
1645248653157 4 5.966889000000009 0 1423261 0.3914 0.000662790697674609
1645248657036 4 6.084395000000001 0 1377859 0.37839999999999996 0.000662790697674609
1645248660978 4 6.144193999999999 0 1396488 0.3835 0.000662790697674609
1645248664559 4 6.565821999999997 0 1265878 0.3479 0.000662790697674609
1645248668703 4 6.417733999999996 0 1474721 0.4051 0.000662790697674609
1645248672533 4 6.587961000000007 0 1357016 0.3729 0.000662790697674609
1645248676781 4 6.340617000000009 0 1508969 0.41479999999999995 0.000662790697674609
1645248680784 4 6.3385000000000105 0 1420161 0.38980000000000004 0.000662790697674609
1645248684716 4 6.40458000000001 0 1394798 0.3829 0.000662790697674609
1645248688929 4 6.19187500000001 0 1499654 0.41100000000000003 0.000662790697674609
1645248692667 4 6.45461499999999 0 1323592 0.3638 0.000662790697674609
1645248696833 4 6.28776400000001 0 1477260 0.40599999999999997 0.000662790697674609
1645248700982 4 6.138857000000002 0 1474833 0.40519999999999995 0.000662790697674609
1645248704662 4 6.465677999999997 0 1299401 0.3573 0.000662790697674609
1645248709173 4 5.953212000000008 0 1595638 0.4387 0.000662790697674609
1645248712813 4 6.3084790000000055 0 1282380 0.3527 0.000662790697674609
1645248716768 4 6.3535889999999995 0 1402228 0.3852 0.000662790697674609
1645248720731 4 6.390176999999994 0 1404885 0.3861 0.000662790697674609
1645248724825 4 6.296550999999994 0 1453425 0.399 0.000662790697674609
1645248728926 4 6.19473099999999 0 1453998 0.3996 0.000662790697674609
1645248732942 4 6.18096700000001 0 1424197 0.3907 0.000662790697674609
1645248736925 4 6.196987999999976 0 1409895 0.3871 0.000662790697674609
1645248740818 4 6.303422000000012 0 1381516 0.38 0.000662790697674609
1645248744498 4 6.62787000000003 0 1298461 0.35710000000000003 0.000662790697674609
1645248748810 4 6.31268399999999 0 1530017 0.4201 0.000662790697674609
1645248752861 4 6.266068000000018 0 1437352 0.3937 0.000662790697674609
1645248756678 4 6.44431800000001 0 1344879 0.369 0.000662790697674609
1645248760875 4 6.246020999999985 0 1490910 0.40940000000000004 0.000662790697674609
1645248764448 4 6.673286000000019 0 1264017 0.3472 0.000662790697674609
1645248768565 4 6.56208300000003 0 1458446 0.4002 0.000662790697674609
1645248772430 4 6.691281000000004 0 1366050 0.3758 0.000662790697674609
1645248776766 4 6.356141999999977 0 1540108 0.42329999999999995 0.000662790697674609
1645248780778 4 6.343320000000006 0 1421303 0.39089999999999997 0.000662790697674609
1645248784613 4 6.508681000000024 0 1359213 0.37370000000000003 0.000662790697674609
1645248788875 4 6.2459160000000224 0 1514199 0.41600000000000004 0.000662790697674609
1645248792543 4 6.578532999999993 0 1296661 0.3563 0.000662790697674609
1645248796331 4 6.790194999999983 0 1340186 0.368 0.000662790697674609
1645248800514 4 6.610609000000011 0 1478975 0.40659999999999996 0.000662790697674609
1645248804312 4 6.81088299999999 0 1342511 0.369 0.000662790697674609

