1645238249893 1 3.999999 1114 346799 0.10169999999999998 -4.7902
1645238250715 0 7.218495 0 213385 0.0624 0.00017441860465117198
1645238251224 0 10.710295 0 141806 0.0416 0.00006976744186043549
1645238254153 0 11.895669000000002 0 112578 0.032600000000000004 0.00006976744186043549
1645238258523 0 11.621298999999999 0 80671 0.0268 0.00006976744186043549
1645238262377 0 11.614472999999998 0 68729 0.0252 0.00006976744186043549
1645238266432 0 11.607752999999999 0 137895 0.045700000000000005 0.00006976744186043549
1645238270420 0 11.601721999999999 0 114138 0.0386 0.00006976744186043549
1645238274450 0 11.597777000000004 0 126013 0.0428 0.00006976744186043549
1645238278249 0 11.841477000000001 0 217236 0.0692 0.00006976744186043549
1645238282533 0 11.581157000000005 0 219398 0.06820000000000001 0.00006976744186043549
1645238286198 0 11.825160000000004 0 177648 0.056499999999999995 0.00006976744186043549
1645238290327 0 11.817461999999999 0 166856 0.0534 0.00006976744186043549
1645238294123 0 11.810393000000005 0 223685 0.0701 0.00006976744186043549
1645238298369 0 11.806786000000002 0 206455 0.0645 0.00006976744186043549
1645238302371 0 11.801819000000002 0 121534 0.0405 0.00006976744186043549
1645238306318 0 11.789390000000004 0 105092 0.0346 0.00006976744186043549
1645238310639 0 11.533054 0 63086 0.0218 0.00006976744186043549
1645238314550 0 11.523841000000004 0 87739 0.0299 0.00006976744186043549
1645238318656 0 11.519108000000003 0 152905 0.05 0.00006976744186043549
1645238322600 0 11.513317 0 100587 0.034 0.00006976744186043549
1645238326296 0 11.754801 0 186001 0.058899999999999994 0.00006976744186043549
1645238330529 0 11.500019000000009 0 201620 0.0637 0.00006976744186043549
1645238334318 0 11.743550999999997 0 218012 0.0688 0.00006976744186043549
1645238338315 0 11.736782000000005 0 123058 0.039900000000000005 0.00006976744186043549
1645238342043 0 11.981600999999998 0 198856 0.0626 0.00006976744186043549
1645238346398 0 11.719437999999997 0 223061 0.0698 0.00006976744186043549
1645238350462 0 11.710014000000001 0 143385 0.0468 0.00006976744186043549
1645238354458 0 11.697575 0 117021 0.038900000000000004 0.00006976744186043549
1645238358350 0 11.693261000000007 0 83595 0.028599999999999997 0.00006976744186043549
1645238362200 0 11.937256000000005 0 68011 0.0223 0.00006976744186043549
1645238366248 0 11.931455999999997 0 134264 0.0444 0.00006976744186043549
1645238370229 0 11.920144000000008 0 113722 0.0369 0.00006976744186043549
1645238374232 0 11.912225000000007 0 122694 0.040400000000000005 0.00006976744186043549
1645238378504 0 11.65366499999999 0 215146 0.0674 0.00006976744186043549
1645238382278 0 11.896512000000001 0 213339 0.0666 0.00006976744186043549
1645238386442 0 11.635298000000006 0 176949 0.05620000000000001 0.00006976744186043549
1645238390546 0 11.620468000000017 0 158356 0.0507 0.00006976744186043549
1645238394345 0 11.612109000000004 0 219852 0.06989999999999999 0.00006976744186043549
1645238398080 0 11.856693000000007 0 196864 0.0637 0.00006976744186043549
1645238402564 0 11.601996000000014 0 116610 0.0388 0.00006976744186043549
1645238406519 0 11.594549999999998 0 107223 0.0356 0.00006976744186043549
1645238410352 0 11.590644999999995 0 64332 0.0234 0.00006976744186043549
1645238414260 0 11.836214000000012 0 88753 0.031 0.00006976744186043549
1645238418362 0 11.574894999999998 0 153489 0.0496 0.00006976744186043549
1645238422317 0 11.817789000000005 0 101805 0.0339 0.00006976744186043549
1645238426505 0 11.560562000000004 0 186822 0.0586 0.00006976744186043549
1645238430230 0 11.804539000000005 0 200149 0.063 0.00006976744186043549
1645238434511 0 11.546656000000013 0 215305 0.0674 0.00006976744186043549
1645238438534 0 11.537680999999992 0 128759 0.0419 0.00006976744186043549
1645238442267 0 11.781116999999995 0 199367 0.0629 0.00006976744186043549
1645238446571 0 11.523333000000008 0 220759 0.06989999999999999 0.00006976744186043549
1645238450664 0 11.517611000000016 0 149511 0.0489 0.00006976744186043549
1645238454659 0 11.509499000000005 0 118879 0.0396 0.00006976744186043549
1645238458558 0 11.503541000000013 0 85418 0.0298 0.00006976744186043549
1645238462406 0 11.746455999999995 0 68807 0.0248 0.00006976744186043549
1645238466439 0 11.738516000000004 0 132565 0.0436 0.00006976744186043549
1645238470428 0 11.721785000000011 0 117262 0.0392 0.00006976744186043549
1645238474430 0 11.71125699999999 0 116418 0.0396 0.00006976744186043549
1645238478234 0 11.70438999999999 0 223024 0.06989999999999999 0.00006976744186043549
1645238482020 0 11.946166000000005 0 214538 0.0679 0.00006976744186043549
1645238486188 0 11.938445999999999 0 178191 0.05669999999999999 0.00006976744186043549
1645238490307 0 11.676905000000005 0 161454 0.0523 0.00006976744186043549
1645238494070 0 11.91788600000001 0 212225 0.0665 0.00006976744186043549
1645238498294 0 11.653410000000008 0 195858 0.0623 0.00006976744186043549
1645238502287 0 11.895207 0 119665 0.0396 0.00006976744186043549
1645238506255 0 11.888213000000007 0 108667 0.0368 0.00006976744186043549
1645238510090 0 11.88191599999999 0 64782 0.023899999999999998 0.00006976744186043549
1645238514499 0 11.623436000000027 0 87523 0.0305 0.00006976744186043549
1645238518103 0 11.864017999999987 0 155607 0.0501 0.00006976744186043549
1645238522545 0 11.603484999999978 0 100404 0.034499999999999996 0.00006976744186043549
1645238526225 0 11.846834000000001 0 183614 0.057999999999999996 0.00006976744186043549
1645238530451 0 11.587984000000006 0 197686 0.0627 0.00006976744186043549
1645238534232 0 11.829842999999983 0 217520 0.06810000000000001 0.00006976744186043549
1645238538270 0 11.82256000000001 0 132353 0.0431 0.00006976744186043549
1645238542510 0 11.563716 0 199853 0.0635 0.00006976744186043549
1645238546314 0 11.806539999999984 0 225614 0.0702 0.00006976744186043549
1645238550392 0 11.542842000000007 0 150477 0.048299999999999996 0.00006976744186043549
1645238554385 0 11.784226999999987 0 117995 0.0395 0.00006976744186043549
1645238558275 0 11.778832000000023 0 86503 0.029699999999999997 0.00006976744186043549
1645238562622 0 11.52052100000003 0 67335 0.024 0.00006976744186043549
1645238566653 0 11.512993999999992 0 132169 0.0434 0.00006976744186043549
1645238570649 0 11.506398999999988 0 118800 0.039400000000000004 0.00006976744186043549
1645238574131 0 11.997949000000006 0 116618 0.0386 0.00006976744186043549
1645238578428 0 11.739288999999985 0 222296 0.06939999999999999 0.00006976744186043549

