1645250032807 1 3.999999 1088 346799 0.0918 -4.6784
1645250033867 1 6.950324 0 363755 0.0965 0.00017441860465117198
1645250034928 1 9.889036 0 362842 0.0963 0.00017441860465117198
1645250037043 1 11.800116000000001 0 384791 0.1012 0.00017441860465117198
1645250041381 3 11.538545 0 804438 0.21389999999999998 0.000174418604651283
1645250045208 3 11.785245 0 828659 0.2232 0.00043023255813956496
1645250049297 3 11.525099999999998 0 937332 0.24889999999999998 0.00043023255813956496
1645250053467 3 11.520581999999997 0 776416 0.20659999999999998 0.00043023255813956496
1645250057292 3 11.766832 0 1025687 0.2721 0.00043023255813956496
1645250061567 3 11.496312000000003 0 815426 0.2163 0.00043023255813956496
1645250065013 3 11.978399000000003 0 884625 0.2347 0.00043023255813956496
1645250069019 3 11.973766000000005 0 904952 0.2404 0.00043023255813956496
1645250073154 3 11.717434000000004 0 954418 0.2532 0.00043023255813956496
1645250077173 3 11.704888000000004 0 910446 0.2413 0.00043023255813956496
1645250081228 3 11.695191000000001 0 922454 0.2454 0.00043023255813956496
1645250085331 3 11.689519000000004 0 942842 0.2502 0.00043023255813956496
1645250089280 3 11.667806000000006 0 884128 0.23479999999999998 0.00043023255813956496
1645250093080 3 11.905064000000003 0 828263 0.21989999999999998 0.00043023255813956496
1645250097292 3 11.649924999999996 0 981175 0.2604 0.00043023255813956496
1645250101393 3 11.641385 0 939007 0.2494 0.00043023255813956496
1645250105230 3 11.634478999999999 0 841370 0.2233 0.00043023255813956496
1645250109344 3 11.624881000000002 0 947658 0.25139999999999996 0.00043023255813956496
1645250113147 3 11.869174000000001 0 828958 0.2198 0.00043023255813956496
1645250117346 3 11.608516000000009 0 977791 0.2597 0.00043023255813956496
1645250121206 3 11.854140000000001 0 847215 0.2253 0.00043023255813956496
1645250125405 3 11.588002000000003 0 978032 0.2596 0.00043023255813956496
1645250128994 3 11.823155 0 934237 0.2481 0.00043023255813956496
1645250133459 3 11.568227000000007 0 889600 0.23620000000000002 0.00043023255813956496
1645250137187 3 11.812677000000008 0 988774 0.26230000000000003 0.00043023255813956496
1645250142474 3 10.342567000000003 0 808061 0.518 0.00043023255813956496
1645250145300 1 11.553083999999998 0 394452 0.1101 0.00043023255813956496
1645250149395 3 11.540213000000008 0 924757 0.2485 0.000174418604651283
1645250153175 3 11.779870000000003 0 808228 0.21789999999999998 0.00043023255813956496
1645250157497 3 11.521712000000008 0 1014212 0.2718 0.00043023255813956496
1645250161338 3 11.513542999999999 0 845218 0.22440000000000002 0.00043023255813956496
1645250165356 3 11.507031000000012 0 910767 0.2415 0.00043023255813956496
1645250168928 3 11.98204100000001 0 901777 0.2395 0.00043023255813956496
1645250173103 3 11.724594999999994 0 967347 0.2565 0.00043023255813956496
1645250177205 3 11.711192000000011 0 935273 0.24830000000000002 0.00043023255813956496
1645250181241 3 11.70272399999999 0 916928 0.24359999999999998 0.00043023255813956496
1645250185337 3 11.693569999999994 0 940743 0.2494 0.00043023255813956496
1645250189280 3 11.680067000000008 0 877888 0.2331 0.00043023255813956496
1645250193108 3 11.925137000000007 0 839766 0.22269999999999998 0.00043023255813956496
1645250197307 3 11.669061 0 976062 0.2595 0.00043023255813956496
1645250200956 3 11.909292999999991 0 958353 0.2544 0.00043023255813956496
1645250206432 3 10.384038000000004 0 836268 0.5375 0.00043023255813956496
1645250209265 1 11.643403000000006 0 407655 0.1142 0.00043023255813956496
1645250213101 3 11.876420999999993 0 825839 0.2231 0.000174418604651283
1645250217338 3 11.616356999999994 0 974212 0.2616 0.00043023255813956496
1645250221265 3 11.606764999999996 0 867483 0.2326 0.00043023255813956496
1645250224985 3 11.846368000000012 0 987232 0.2621 0.00043023255813956496
1645250229034 3 11.841014000000001 0 921956 0.2445 0.00043023255813956496
1645250233075 3 11.828841000000011 0 913803 0.24100000000000002 0.00043023255813956496
1645250237237 3 11.825614000000002 0 958215 0.2551 0.00043023255813956496
1645250241059 3 11.816019000000011 0 832934 0.2213 0.00043023255813956496
1645250245323 3 11.553214999999994 0 1005593 0.2666 0.00043023255813956496
1645250249413 3 11.542811999999998 0 935985 0.2485 0.00043023255813956496
1645250253142 3 11.781729000000013 0 802415 0.2129 0.00043023255813956496
1645250257413 3 11.525004999999993 0 999009 0.26539999999999997 0.00043023255813956496
1645250261320 3 11.511086000000006 0 869418 0.2304 0.00043023255813956496
1645250265306 3 11.751356000000015 0 897686 0.2384 0.00043023255813956496
1645250268965 3 11.995632999999998 0 960141 0.25529999999999997 0.00043023255813956496
1645250272995 3 11.980013000000014 0 914618 0.24289999999999998 0.00043023255813956496
1645250277117 3 11.723068000000012 0 949031 0.2515 0.00043023255813956496
1645250281166 3 11.711579999999998 0 919929 0.24430000000000002 0.00043023255813956496
1645250285237 3 11.704241999999994 0 930570 0.24700000000000003 0.00043023255813956496
1645250289205 3 11.694345999999996 0 894188 0.23650000000000002 0.00043023255813956496
1645250293039 3 11.937468000000024 0 835562 0.22210000000000002 0.00043023255813956496
1645250297270 3 11.630540999999994 0 986170 0.2618 0.00043023255813956496
1645250301418 3 11.619827999999984 0 955812 0.2537 0.00043023255813956496
1645250305241 3 11.614600999999993 0 837688 0.22200000000000003 0.00043023255813956496
1645250309427 3 11.60815100000002 0 972932 0.2579 0.00043023255813956496
1645250313181 3 11.84800100000001 0 807690 0.21480000000000002 0.00043023255813956496
1645250317359 3 11.592050000000029 0 968173 0.2569 0.00043023255813956496
1645250321276 3 11.583002000000022 0 872734 0.2318 0.00043023255813956496
1645250325006 3 11.822354000000018 0 991679 0.2631 0.00043023255813956496
1645250329078 3 11.816230000000019 0 930061 0.24689999999999998 0.00043023255813956496
1645250333036 3 11.81088299999999 0 884740 0.2347 0.00043023255813956496
1645250337214 3 11.80173400000001 0 968599 0.2571 0.00043023255813956496
1645250341071 3 11.793754999999976 0 848189 0.2251 0.00043023255813956496
1645250345304 3 11.531064000000015 0 989262 0.2625 0.00043023255813956496
1645250349381 3 11.523387000000014 0 929927 0.2475 0.00043023255813956496
1645250353227 3 11.767876000000001 0 845977 0.2246 0.00043023255813956496
1645250357507 3 11.502508999999975 0 1009703 0.268 0.00043023255813956496
1645250360902 3 11.995182999999997 0 861836 0.2287 0.00043023255813956496

