1645246715262 1 3.999999 1184 346799 0.10700000000000001 -5.0912
1645246716120 0 7.14663 0 213385 0.0661 0.00017441860465117198
1645246716659 0 10.604591000000001 0 141806 0.0441 0.00006976744186043549
1645246719602 0 11.684084 0 112578 0.034100000000000005 0.00006976744186043549
1645246723493 0 11.924714 0 80671 0.028999999999999998 0.00006976744186043549
1645246727842 0 11.670056999999998 0 68729 0.0248 0.00006976744186043549
1645246731412 0 11.910193 0 137895 0.0468 0.00006976744186043549
1645246735414 0 11.903617999999998 0 114138 0.0396 0.00006976744186043549
1645246739445 0 11.891724000000004 0 126013 0.0433 0.00006976744186043549
1645246743761 0 11.636192000000001 0 217236 0.07189999999999999 0.00006976744186043549
1645246747581 0 11.881115000000001 0 219398 0.0721 0.00006976744186043549
1645246751774 0 11.622118 0 177648 0.0595 0.00006976744186043549
1645246755428 0 11.866905000000003 0 166856 0.05550000000000001 0.00006976744186043549
1645246759761 0 11.611544000000002 0 223685 0.0731 0.00006976744186043549
1645246763542 0 11.855247000000006 0 206455 0.06820000000000001 0.00006976744186043549
1645246767560 0 11.852090000000004 0 121534 0.0419 0.00006976744186043549
1645246771520 0 11.843267000000004 0 105092 0.0364 0.00006976744186043549
1645246775857 0 11.589358000000004 0 63086 0.0237 0.00006976744186043549
1645246779770 0 11.582525000000004 0 87739 0.0314 0.00006976744186043549
1645246783883 0 11.573352 0 152905 0.0512 0.00006976744186043549
1645246787836 0 11.563440999999997 0 100587 0.0349 0.00006976744186043549
1645246791551 0 11.802856000000006 0 186001 0.0617 0.00006976744186043549
1645246795817 0 11.546312 0 201620 0.0664 0.00006976744186043549
1645246799628 0 11.788982000000004 0 218012 0.07139999999999999 0.00006976744186043549
1645246803652 0 11.777631999999997 0 123058 0.042499999999999996 0.00006976744186043549
1645246807906 0 11.519952000000004 0 198856 0.0656 0.00006976744186043549
1645246811752 0 11.759251000000006 0 223061 0.0741 0.00006976744186043549
1645246815845 0 11.503780000000006 0 143385 0.0486 0.00006976744186043549
1645246819341 0 11.997171000000009 0 117021 0.0397 0.00006976744186043549
1645246823737 0 11.74176 0 83595 0.029699999999999997 0.00006976744186043549
1645246827589 0 11.734940000000009 0 68011 0.0251 0.00006976744186043549
1645246831645 0 11.729863000000009 0 134264 0.0456 0.00006976744186043549
1645246835639 0 11.725419000000002 0 113722 0.0395 0.00006976744186043549
1645246839657 0 11.695751000000001 0 122694 0.0419 0.00006976744186043549
1645246843473 0 11.938557000000003 0 215146 0.0715 0.00006976744186043549
1645246847772 0 11.683097000000004 0 213339 0.0701 0.00006976744186043549
1645246851460 0 11.926151000000004 0 176949 0.059 0.00006976744186043549
1645246855593 0 11.919036000000006 0 158356 0.0533 0.00006976744186043549
1645246859418 0 11.908259000000015 0 219852 0.0725 0.00006976744186043549
1645246863671 0 11.653645000000012 0 196864 0.0649 0.00006976744186043549
1645246867667 0 11.644850999999989 0 116610 0.04 0.00006976744186043549
1645246871635 0 11.636710999999991 0 107223 0.0374 0.00006976744186043549
1645246875468 0 11.879781000000008 0 64332 0.0234 0.00006976744186043549
1645246879883 0 11.623770000000007 0 88753 0.0314 0.00006976744186043549
1645246883500 0 11.864309999999989 0 153489 0.0521 0.00006976744186043549
1645246887453 0 11.85740899999999 0 101805 0.0356 0.00006976744186043549
1645246891676 0 11.602156000000008 0 186822 0.0622 0.00006976744186043549
1645246895441 0 11.844943999999998 0 200149 0.0665 0.00006976744186043549
1645246899754 0 11.589358000000004 0 215305 0.071 0.00006976744186043549
1645246903791 0 11.582413000000003 0 128759 0.0438 0.00006976744186043549
1645246907541 0 11.821625000000012 0 199367 0.0653 0.00006976744186043549
1645246911874 0 11.556570999999991 0 220759 0.0731 0.00006976744186043549
1645246915485 0 11.801412999999997 0 149511 0.0513 0.00006976744186043549
1645246919492 0 11.79534799999999 0 118879 0.0407 0.00006976744186043549
1645246923896 0 11.539443000000006 0 85418 0.0305 0.00006976744186043549
1645246927740 0 11.526752000000016 0 68807 0.0247 0.00006976744186043549
1645246931787 0 11.523440999999991 0 132565 0.045 0.00006976744186043549
1645246935786 0 11.516479000000004 0 117262 0.0405 0.00006976744186043549
1645246939785 0 11.512159999999994 0 116418 0.0402 0.00006976744186043549
1645246943620 0 11.757650000000012 0 223024 0.0738 0.00006976744186043549
1645246947429 0 11.99762899999999 0 214538 0.071 0.00006976744186043549
1645246951620 0 11.742370999999991 0 178191 0.059199999999999996 0.00006976744186043549
1645246955755 0 11.73519300000001 0 161454 0.0539 0.00006976744186043549
1645246959555 0 11.73048 0 212225 0.0698 0.00006976744186043549
1645246963318 0 11.976966000000004 0 195858 0.0653 0.00006976744186043549
1645246967339 0 11.968350000000015 0 119665 0.0416 0.00006976744186043549
1645246971320 0 11.964175000000012 0 108667 0.0378 0.00006976744186043549
1645246975681 0 11.709172000000024 0 64782 0.0243 0.00006976744186043549
1645246979583 0 11.701658000000009 0 87523 0.0309 0.00006976744186043549
1645246983706 0 11.69338700000003 0 155607 0.052500000000000005 0.00006976744186043549
1645246987654 0 11.683672000000001 0 100404 0.0351 0.00006976744186043549
1645246991358 0 11.916357000000005 0 183614 0.0608 0.00006976744186043549
1645246995611 0 11.658026000000007 0 197686 0.0653 0.00006976744186043549
1645246999431 0 11.901679999999999 0 217520 0.0721 0.00006976744186043549
1645247003486 0 11.897163999999975 0 132353 0.0448 0.00006976744186043549
1645247007753 0 11.64240000000001 0 199853 0.0665 0.00006976744186043549
1645247011582 0 11.885648000000003 0 225614 0.07339999999999999 0.00006976744186043549
1645247015698 0 11.628237000000013 0 150477 0.0512 0.00006976744186043549
1645247019708 0 11.616961000000003 0 117995 0.0411 0.00006976744186043549
1645247023618 0 11.859071000000029 0 86503 0.0313 0.00006976744186043549
1645247027469 0 11.852756999999997 0 67335 0.025 0.00006976744186043549
1645247031528 0 11.841836999999998 0 132169 0.0461 0.00006976744186043549
1645247035544 0 11.82900699999999 0 118800 0.0414 0.00006976744186043549
1645247039546 0 11.813751000000025 0 116618 0.0403 0.00006976744186043549
1645247043895 0 11.55792200000002 0 222296 0.0731 0.00006976744186043549

