1645230832744 1 3.999999 1073 346799 0.0964 -4.613899999999999
1645230835064 3 5.6937999999999995 0 755039 0.21000000000000002 0.000174418604651283
1645230837495 3 7.260109000000001 0 835161 0.2325 0.00043023255813956496
1645230840129 3 8.629997 0 908792 0.2531 0.00043023255813956496
1645230842490 3 10.265524999999998 0 804438 0.2242 0.00043023255813956496
1645230844901 3 11.854244 0 828659 0.2312 0.00043023255813956496
1645230849115 3 11.793175999999999 0 937332 0.2611 0.00043023255813956496
1645230853383 3 11.537575999999998 0 776416 0.2164 0.00043023255813956496
1645230857348 3 11.529402000000001 0 1025687 0.286 0.00043023255813956496
1645230861246 3 11.519553000000002 0 815426 0.22749999999999998 0.00043023255813956496
1645230865339 3 11.506088000000005 0 884625 0.24700000000000003 0.00043023255813956496
1645230868979 3 11.995287000000005 0 904952 0.2522 0.00043023255813956496
1645230874954 3 9.806294000000001 0 954418 0.5871999999999999 0.00043023255813956496
1645230877733 3 11.022187000000002 0 910446 0.2589 0.00043023255813956496
1645230880908 3 11.96329 0 922454 0.25680000000000003 0.00043023255813956496
1645230885141 3 11.707478000000002 0 942842 0.263 0.00043023255813956496
1645230889212 3 11.694699 0 884128 0.2465 0.00043023255813956496
1645230893121 3 11.687355000000004 0 828263 0.2307 0.00043023255813956496
1645230896957 3 11.926147 0 981175 0.2738 0.00043023255813956496
1645230901177 3 11.671090000000007 0 939007 0.2619 0.00043023255813956496
1645230905128 3 11.661856999999998 0 841370 0.2352 0.00043023255813956496
1645230908881 3 11.906514000000001 0 947658 0.2644 0.00043023255813956496
1645230914561 3 10.194927000000007 0 828958 0.5553 0.00043023255813956496
1645230917529 3 11.227333999999999 0 977791 0.2778 0.00043023255813956496
1645230921005 3 11.891688000000002 0 847215 0.2366 0.00043023255813956496
1645230925339 3 11.629697000000007 0 978032 0.2726 0.00043023255813956496
1645230929039 3 11.873149999999995 0 934237 0.2599 0.00043023255813956496
1645230933113 3 11.86255700000001 0 889600 0.2473 0.00043023255813956496
1645230936983 3 11.857275000000001 0 988774 0.2762 0.00043023255813956496
1645230941340 3 11.597763 0 808061 0.2254 0.00043023255813956496
1645230945212 3 11.593415000000007 0 995677 0.277 0.00043023255813956496
1645230949401 3 11.579936000000004 0 924757 0.2581 0.00043023255813956496
1645230953261 3 11.569825000000009 0 808228 0.2259 0.00043023255813956496
1645230957193 3 11.810114999999996 0 1014212 0.2824 0.00043023255813956496
1645230961146 3 11.797860000000014 0 845218 0.23559999999999998 0.00043023255813956496
1645230965293 3 11.541955000000002 0 910767 0.2544 0.00043023255813956496
1645230969411 3 11.527570999999995 0 901777 0.25129999999999997 0.00043023255813956496
1645230973221 3 11.760691000000008 0 967347 0.2698 0.00043023255813956496
1645230977429 3 11.501000000000005 0 935273 0.2609 0.00043023255813956496
1645230981090 3 11.73937699999999 0 916928 0.256 0.00043023255813956496
1645230984810 3 11.972321999999991 0 940743 0.262 0.00043023255813956496
1645230990549 3 10.209066000000007 0 877888 0.5636 0.00043023255813956496
1645230993133 3 11.62772799999999 0 839766 0.2391 0.00043023255813956496
1645230996958 3 11.946630999999996 0 976062 0.2726 0.00043023255813956496
1645231001239 3 11.688085000000001 0 958353 0.26749999999999996 0.00043023255813956496
1645231005174 3 11.683495999999991 0 836268 0.2333 0.00043023255813956496
1645231008971 3 11.926144999999991 0 968967 0.27 0.00043023255813956496
1645231012868 3 11.914074 0 825839 0.22999999999999998 0.00043023255813956496
1645231017183 3 11.658488000000006 0 974212 0.2712 0.00043023255813956496
1645231021201 3 11.649806000000012 0 867483 0.24209999999999998 0.00043023255813956496
1645231025056 3 11.894511999999992 0 987232 0.27559999999999996 0.00043023255813956496
1645231029290 3 11.633825000000002 0 921956 0.2633 0.00043023255813956496
1645231032943 3 11.87802099999999 0 913803 0.2551 0.00043023255813956496
1645231037219 3 11.618805000000009 0 958215 0.2672 0.00043023255813956496
1645231041141 3 11.859797000000015 0 832934 0.2324 0.00043023255813956496
1645231045044 3 11.850287000000009 0 1005593 0.2803 0.00043023255813956496
1645231049260 3 11.59328099999999 0 935985 0.2609 0.00043023255813956496
1645231053100 3 11.834344000000016 0 802415 0.2239 0.00043023255813956496
1645231056996 3 11.827446000000009 0 999009 0.2788 0.00043023255813956496
1645231062830 3 9.92613399999999 0 869418 0.5736 0.00043023255813956496
1645231065572 3 11.183222 0 897686 0.25529999999999997 0.00043023255813956496
1645231069342 3 11.554062000000016 0 960141 0.2671 0.00043023255813956496
1645231072990 3 11.796455000000009 0 914618 0.2546 0.00043023255813956496
1645231077237 3 11.537031000000013 0 949031 0.2645 0.00043023255813956496
1645231081404 3 11.532207999999997 0 919929 0.2564 0.00043023255813956496
1645231085096 3 11.772613000000007 0 930570 0.2593 0.00043023255813956496
1645231089187 3 11.765728000000024 0 894188 0.2493 0.00043023255813956496
1645231093111 3 11.76104700000002 0 835562 0.2326 0.00043023255813956496
1645231097462 3 11.50448799999998 0 986170 0.2754 0.00043023255813956496
1645231101230 3 11.746722999999974 0 955812 0.26680000000000004 0.00043023255813956496
1645231105166 3 11.738427000000001 0 837688 0.23410000000000003 0.00043023255813956496
1645231108972 3 11.983078999999975 0 972932 0.2712 0.00043023255813956496
1645231112819 3 11.970825999999988 0 807690 0.2251 0.00043023255813956496
1645231117115 3 11.71665999999999 0 968173 0.2691 0.00043023255813956496
1645231121152 3 11.705614000000025 0 872734 0.2432 0.00043023255813956496
1645231125020 3 11.948194999999998 0 991679 0.2768 0.00043023255813956496
1645231129218 3 11.685890000000029 0 930061 0.2593 0.00043023255813956496
1645231133286 3 11.675095999999996 0 884740 0.2465 0.00043023255813956496
1645231137089 3 11.667059999999992 0 968599 0.2706 0.00043023255813956496
1645231141051 3 11.908743000000015 0 848189 0.23610000000000003 0.00043023255813956496
1645231144915 3 11.901266000000021 0 989262 0.2758 0.00043023255813956496
1645231149115 3 11.639362000000006 0 929927 0.2589 0.00043023255813956496
1645231153077 3 11.88361900000001 0 845977 0.23399999999999999 0.00043023255813956496
1645231159034 3 9.722131999999988 0 1009703 0.5858 0.00043023255813956496
1645231161669 3 11.085487999999998 0 861836 0.2448 0.00043023255813956496

