1645244256789 1 3.999999 792 346799 0.06810000000000001 -3.4055999999999997
1645244259610 4 5.197661 0 1312552 0.2601 0.000174418604651283
1645244262473 4 6.334573000000001 0 1383123 0.2739 0.000662790697674609
1645244265450 4 7.357559 0 1451767 0.2879 0.000662790697674609
1645244268153 4 8.663554 0 1308083 0.2593 0.000662790697674609
1645244270830 4 9.978126999999999 0 1299338 0.2569 0.000662790697674609
1645244273831 4 10.975987 0 1453833 0.2882 0.000662790697674609
1645244277474 4 11.514168999999999 0 1280990 0.2541 0.000662790697674609
1645244281277 4 11.726010000000002 0 1612910 0.31880000000000003 0.000662790697674609
1645244285284 4 11.744648000000002 0 1213987 0.24009999999999998 0.000662790697674609
1645244289134 4 11.736289 0 1380918 0.27440000000000003 0.000662790697674609
1645244292880 4 11.978470000000002 0 1334467 0.2647 0.000662790697674609
1645244296885 4 11.969474000000005 0 1463126 0.2898 0.000662790697674609
1645244301309 4 11.707342000000004 0 1421742 0.2819 0.000662790697674609
1645244305256 4 11.700115000000004 0 1436771 0.2843 0.000662790697674609
1645244309186 4 11.689013000000003 0 1425347 0.28250000000000003 0.000662790697674609
1645244312996 4 11.930855000000001 0 1366001 0.2706 0.000662790697674609
1645244317142 4 11.669558000000002 0 1281785 0.2546 0.000662790697674609
1645244321245 4 11.661574000000002 0 1514044 0.3 0.000662790697674609
1645244325207 4 11.649912999999998 0 1432783 0.28450000000000003 0.000662790697674609
1645244329081 4 11.882682000000003 0 1401397 0.27749999999999997 0.000662790697674609
1645244333060 4 11.869887000000006 0 1450362 0.28759999999999997 0.000662790697674609
1645244337176 4 11.862566999999999 0 1266375 0.25139999999999996 0.000662790697674609
1645244341245 4 11.595405999999997 0 1497932 0.2968 0.000662790697674609
1645244345440 4 11.584113000000002 0 1308773 0.2595 0.000662790697674609
1645244349045 4 11.826862000000006 0 1516715 0.3007 0.000662790697674609
1645244355569 4 9.238543000000007 0 1407805 0.6416000000000001 0.000662790697674609
1645244357703 3 11.103003000000001 0 889600 0.1853 0.0006627906976743869
1645244361270 3 11.550306000000006 0 988774 0.1957 0.00043023255813956496
1645244365505 3 11.544044999999997 0 808061 0.1635 0.00043023255813956496
1645244369158 3 11.78755600000001 0 995677 0.2056 0.00043023255813956496
1645244373114 3 11.779988000000003 0 924757 0.186 0.00043023255813956496
1645244377307 4 11.524151000000003 0 1306146 0.259 0.00043023255813956496
1645244381509 4 11.518599000000009 0 1565699 0.31 0.000662790697674609
1645244385123 4 11.764400999999992 0 1268922 0.2515 0.000662790697674609
1645244389515 4 11.502039999999994 0 1406335 0.2788 0.000662790697674609
1645244392855 4 11.996634999999998 0 1381377 0.2739 0.000662790697674609
1645244396891 4 11.990014000000002 0 1475162 0.2928 0.000662790697674609
1645244400839 4 11.981651999999997 0 1430482 0.2838 0.000662790697674609
1645244406505 4 10.301378 0 1439994 0.5567 0.000662790697674609
1645244409572 4 11.235644000000008 0 1405476 0.2873 0.000662790697674609
1645244412920 4 11.958434000000011 0 1382866 0.2739 0.000662790697674609
1645244417103 4 11.952843000000001 0 1303196 0.2584 0.000662790697674609
1645244421253 4 11.690526000000006 0 1538814 0.3041 0.000662790697674609
1645244425173 4 11.686463000000003 0 1423261 0.2819 0.000662790697674609
1645244429008 4 11.926164 0 1377859 0.2733 0.000662790697674609
1645244433378 4 11.66738699999999 0 1396488 0.2771 0.000662790697674609
1645244436981 4 11.904685 0 1265878 0.2504 0.000662790697674609
1645244443920 4 8.888404000000008 0 1474721 0.6841 0.000662790697674609
1645244445915 3 10.891797999999994 0 867483 0.1804 0.0006627906976743869
1645244448965 3 11.869031000000007 0 987232 0.1953 0.00043023255813956496
1645244453402 3 11.614102000000003 0 921956 0.1825 0.00043023255813956496
1645244457410 3 11.607392000000004 0 913803 0.1897 0.00043023255813956496
1645244461439 3 11.595729000000006 0 958215 0.1925 0.00043023255813956496
1645244465169 4 11.839493000000004 0 1323592 0.2624 0.00043023255813956496
1645244469200 4 11.825645000000009 0 1477260 0.2932 0.000662790697674609
1645244473247 4 11.564318000000014 0 1474833 0.2923 0.000662790697674609
1645244477474 4 11.558201999999994 0 1299401 0.258 0.000662790697674609
1645244481234 4 11.801038000000005 0 1595638 0.3164 0.000662790697674609
1645244487489 4 9.319271000000015 0 1282380 0.6152 0.000662790697674609
1645244489553 3 11.254726000000005 0 897686 0.187 0.0006627906976743869
1645244493061 3 11.776850999999994 0 960141 0.1898 0.00043023255813956496
1645244497503 3 11.518858999999992 0 914618 0.184 0.00043023255813956496
1645244501065 3 11.75288599999999 0 949031 0.1964 0.00043023255813956496
1645244504988 3 11.991126000000008 0 919929 0.1824 0.00043023255813956496
1645244508893 4 11.98733200000001 0 1409895 0.2798 0.00043023255813956496
1645244513225 4 11.73244299999999 0 1381516 0.2736 0.000662790697674609
1645244516901 4 11.97427700000003 0 1298461 0.25739999999999996 0.000662790697674609
1645244521081 4 11.955421000000001 0 1530017 0.3039 0.000662790697674609
1645244525034 4 11.943239000000005 0 1437352 0.2846 0.000662790697674609
1645244529315 4 11.688480000000027 0 1344879 0.2667 0.000662790697674609
1645244533370 4 11.676686000000018 0 1490910 0.2955 0.000662790697674609
1645244536983 4 11.920697000000018 0 1264017 0.2508 0.000662790697674609
1645244540981 4 11.913399000000027 0 1458446 0.2885 0.000662790697674609
1645244545293 4 11.65370999999999 0 1366050 0.27090000000000003 0.000662790697674609
1645244548947 4 11.891957999999988 0 1540108 0.3052 0.000662790697674609
1645244553385 4 11.635970999999984 0 1421303 0.2818 0.000662790697674609
1645244557180 4 11.626520000000028 0 1359213 0.2691 0.000662790697674609
1645244561282 4 11.617260999999985 0 1514199 0.3003 0.000662790697674609
1645244564962 4 11.860769000000005 0 1296661 0.2571 0.000662790697674609
1645244569216 4 11.598236999999983 0 1340186 0.2658 0.000662790697674609
1645244573251 4 11.590757999999994 0 1478975 0.2932 0.000662790697674609
1645244577017 4 11.83294699999999 0 1342511 0.26589999999999997 0.000662790697674609
1645244581148 4 11.827283000000023 0 1527618 0.3025 0.000662790697674609
1645244585333 4 11.56446299999999 0 1297467 0.2575 0.000662790697674609

