1645244944088 1 3.999999 750 346799 0.06520000000000001 -3.225
1645244945720 3 6.379353 0 755039 0.1427 0.000174418604651283
1645244947394 3 8.70573 0 835161 0.1577 0.00043023255813956496
1645244949211 3 10.889449 0 908792 0.1719 0.00043023255813956496
1645244952335 3 11.984196999999998 0 804438 0.1523 0.00043023255813956496
1645244956507 3 11.723837 0 828659 0.1568 0.00043023255813956496
1645244960451 3 11.718951999999998 0 937332 0.1845 0.00043023255813956496
1645244964521 3 11.714199999999998 0 776416 0.14679999999999999 0.00043023255813956496
1645244968566 3 11.704971000000004 0 1025687 0.19419999999999998 0.00043023255813956496
1645244972228 3 11.947232000000003 0 815426 0.1544 0.00043023255813956496
1645244976504 3 11.684306 0 884625 0.1674 0.00043023255813956496
1645244980315 3 11.929111000000006 0 904952 0.1713 0.00043023255813956496
1645244984233 3 11.917969 0 954418 0.1804 0.00043023255813956496
1645244988563 3 11.657790000000006 0 910446 0.1723 0.00043023255813956496
1645244992410 3 11.896851000000005 0 922454 0.174 0.00043023255813956496
1645244996291 3 11.885981000000001 0 942842 0.1784 0.00043023255813956496
1645245000563 3 11.626938000000003 0 884128 0.1676 0.00043023255813956496
1645245004233 3 11.869441000000002 0 828263 0.1565 0.00043023255813956496
1645245008693 3 11.606244000000004 0 981175 0.1857 0.00043023255813956496
1645245012566 3 11.598955000000004 0 939007 0.1775 0.00043023255813956496
1645245016263 3 11.839512999999997 0 841370 0.1591 0.00043023255813956496
1645245020652 3 11.582273 0 947658 0.1792 0.00043023255813956496
1645245024439 3 11.800605000000004 0 828958 0.15660000000000002 0.00043023255813956496
1645245028384 3 11.790912000000006 0 977791 0.1849 0.00043023255813956496
1645245032595 3 11.533372 0 847215 0.16040000000000001 0.00043023255813956496
1645245036543 3 11.769745 0 978032 0.1851 0.00043023255813956496
1645245040411 3 11.754708000000008 0 934237 0.1769 0.00043023255813956496
1645245044195 3 11.996189999999999 0 889600 0.1684 0.00043023255813956496
1645245048179 3 11.987825999999998 0 988774 0.18460000000000001 0.00043023255813956496
1645245052311 3 11.982833 0 808061 0.15289999999999998 0.00043023255813956496
1645245056305 3 11.969006000000007 0 995677 0.1879 0.00043023255813956496
1645245060150 3 11.953378 0 924757 0.17470000000000002 0.00043023255813956496
1645245064277 3 11.946866 0 808228 0.1524 0.00043023255813956496
1645245068293 3 11.939408999999998 0 1014212 0.1914 0.00043023255813956496
1645245072490 3 11.68154899999999 0 845218 0.15940000000000001 0.00043023255813956496
1645245076307 3 11.923925999999994 0 910767 0.172 0.00043023255813956496
1645245080608 3 11.669022000000012 0 901777 0.16999999999999998 0.00043023255813956496
1645245084540 3 11.657779000000005 0 967347 0.183 0.00043023255813956496
1645245088406 3 11.902750999999995 0 935273 0.1769 0.00043023255813956496
1645245092241 3 11.895836000000003 0 916928 0.1734 0.00043023255813956496
1645245096621 3 11.638791999999995 0 940743 0.1775 0.00043023255813956496
1645245100381 3 11.877960999999999 0 877888 0.1656 0.00043023255813956496
1645245104578 3 11.621670999999992 0 839766 0.15960000000000002 0.00043023255813956496
1645245108525 3 11.616715999999997 0 976062 0.1844 0.00043023255813956496
1645245112433 3 11.861492999999996 0 958353 0.1814 0.00043023255813956496
1645245116610 3 11.594667000000015 0 836268 0.158 0.00043023255813956496
1645245120555 3 11.588313 0 968967 0.1832 0.00043023255813956496
1645245124713 3 11.577345000000008 0 825839 0.1561 0.00043023255813956496
1645245128659 3 11.571580000000012 0 974212 0.1842 0.00043023255813956496
1645245132400 3 11.814448999999996 0 867483 0.16419999999999998 0.00043023255813956496
1645245136369 3 11.80834200000001 0 987232 0.1867 0.00043023255813956496
1645245140706 3 11.550275999999997 0 921956 0.174 0.00043023255813956496
1645245144532 3 11.792774000000009 0 913803 0.1724 0.00043023255813956496
1645245148442 3 11.78835699999999 0 958215 0.1812 0.00043023255813956496
1645245152625 3 11.529751000000005 0 832934 0.15789999999999998 0.00043023255813956496
1645245156625 3 11.52462700000001 0 1005593 0.1899 0.00043023255813956496
1645245160492 3 11.768467000000015 0 935985 0.1769 0.00043023255813956496
1645245164615 3 11.510379 0 802415 0.1522 0.00043023255813956496
1645245168604 3 11.504828000000003 0 999009 0.1893 0.00043023255813956496
1645245172352 3 11.995405000000005 0 869418 0.16419999999999998 0.00043023255813956496
1645245176154 3 11.990152999999992 0 897686 0.1698 0.00043023255813956496
1645245180576 3 11.733115999999995 0 960141 0.18109999999999998 0.00043023255813956496
1645245184406 3 11.724568000000005 0 914618 0.173 0.00043023255813956496
1645245188295 3 11.96533500000001 0 949031 0.1793 0.00043023255813956496
1645245192638 3 11.70854700000001 0 919929 0.1739 0.00043023255813956496
1645245196494 3 11.701004000000012 0 930570 0.1755 0.00043023255813956496
1645245200288 3 11.941972000000021 0 894188 0.1689 0.00043023255813956496
1645245204467 3 11.688423 0 835562 0.1577 0.00043023255813956496
1645245208441 3 11.679142000000013 0 986170 0.1875 0.00043023255813956496
1645245212363 3 11.925405000000012 0 955812 0.18080000000000002 0.00043023255813956496
1645245216549 3 11.664246999999989 0 837688 0.1583 0.00043023255813956496
1645245220490 3 11.659587999999985 0 972932 0.1839 0.00043023255813956496
1645245224621 3 11.655355999999983 0 807690 0.1525 0.00043023255813956496
1645245228547 3 11.646213999999986 0 968173 0.183 0.00043023255813956496
1645245232292 3 11.891647999999975 0 872734 0.1646 0.00043023255813956496
1645245236272 3 11.879570999999999 0 991679 0.1879 0.00043023255813956496
1645245240630 3 11.625153000000012 0 930061 0.1758 0.00043023255813956496
1645245244404 3 11.866915000000006 0 884740 0.16770000000000002 0.00043023255813956496
1645245248338 3 11.860300999999993 0 968599 0.1832 0.00043023255813956496
1645245252543 3 11.598734999999976 0 848189 0.1603 0.00043023255813956496
1645245256507 3 11.841809000000012 0 989262 0.1869 0.00043023255813956496
1645245260363 3 11.831984999999975 0 929927 0.1758 0.00043023255813956496
1645245264560 3 11.577217000000019 0 845977 0.16 0.00043023255813956496
1645245268568 3 11.565718000000004 0 1009703 0.191 0.00043023255813956496
1645245272793 3 11.55348600000002 0 861836 0.1626 0.00043023255813956496

