1645255885498 1 3.999999 6387 346799 0.6268 -27.4641
1645255890028 0 4.280329 793 213385 0.3841 -3.4097255813953486
1645255892749 0 5.553522000000001 0 141806 0.2551 0.00006976744186043549
1645255894908 0 7.39513 0 112578 0.2009 0.00006976744186043549
1645255896469 0 9.833692 0 80671 0.144 0.00006976744186043549
1645255898822 0 11.549358 0 68729 0.123 0.00006976744186043549
1645255902923 0 11.544376 0 137895 0.2485 0.00006976744186043549
1645255906611 0 11.78661 0 114138 0.207 0.00006976744186043549
1645255911010 0 11.530314000000004 0 126013 0.22799999999999998 0.00006976744186043549
1645255915102 0 11.202818000000004 0 217236 0.396 0.00006976744186043549
1645255919211 0 11.092526 0 219398 0.39580000000000004 0.00006976744186043549
1645255922575 0 11.728813000000002 0 177648 0.3215 0.00006976744186043549
1645255926751 0 11.738053 0 166856 0.3029 0.00006976744186043549
1645255930940 0 11.363016000000002 0 223685 0.40499999999999997 0.00006976744186043549
1645255934840 0 11.463221000000004 0 206455 0.3749 0.00006976744186043549
1645255938655 0 11.701035000000005 0 121534 0.2191 0.00006976744186043549
1645255942698 0 11.691834 0 105092 0.1883 0.00006976744186043549
1645255946493 0 11.922217000000003 0 63086 0.11399999999999999 0.00006976744186043549
1645255950731 0 11.644571999999997 0 87739 0.159 0.00006976744186043549
1645255954633 0 11.868920000000003 0 152905 0.2759 0.00006976744186043549
1645255958563 0 11.853048000000001 0 100587 0.1797 0.00006976744186043549
1645255962552 0 11.821866 0 186001 0.33599999999999997 0.00006976744186043549
1645255966341 0 11.964049000000003 0 201620 0.363 0.00006976744186043549
1645255970388 0 11.914602000000002 0 218012 0.3928 0.00006976744186043549
1645255974765 0 11.785358000000002 0 123058 0.22210000000000002 0.00006976744186043549
1645255978526 0 11.779789000000008 0 198856 0.36 0.00006976744186043549
1645255982725 0 11.581755999999999 0 223061 0.40499999999999997 0.00006976744186043549
1645255986455 0 11.948414 0 143385 0.258 0.00006976744186043549
1645255990689 0 11.685915000000008 0 117021 0.20990000000000003 0.00006976744186043549
1645255994830 0 11.67069500000001 0 83595 0.15 0.00006976744186043549
1645255998699 0 11.645817000000008 0 68011 0.12290000000000001 0.00006976744186043549
1645256002731 0 11.631652000000003 0 134264 0.2399 0.00006976744186043549
1645256006900 0 11.612921 0 113722 0.2036 0.00006976744186043549
1645256010715 0 11.599556000000007 0 122694 0.2189 0.00006976744186043549
1645256014700 0 11.602525000000014 0 215146 0.3869 0.00006976744186043549
1645256018668 0 11.636212999999998 0 213339 0.384 0.00006976744186043549
1645256022991 0 11.54191800000001 0 176949 0.31789999999999996 0.00006976744186043549
1645256026978 0 11.523015000000015 0 158356 0.2878 0.00006976744186043549
1645256031113 0 11.19482099999999 0 219852 0.3987 0.00006976744186043549
1645256034837 0 11.473827 0 196864 0.357 0.00006976744186043549
1645256038586 0 11.745271000000002 0 116610 0.2098 0.00006976744186043549
1645256042683 0 11.735086999999993 0 107223 0.1948 0.00006976744186043549
1645256046489 0 11.975663999999995 0 64332 0.11699999999999999 0.00006976744186043549
1645256050739 0 11.714212000000003 0 88753 0.162 0.00006976744186043549
1645256054701 0 11.69861499999999 0 153489 0.279 0.00006976744186043549
1645256058669 0 11.693356999999992 0 101805 0.1826 0.00006976744186043549
1645256062690 0 11.680389999999989 0 186822 0.339 0.00006976744186043549
1645256066517 0 11.786032000000006 0 200149 0.3629 0.00006976744186043549
1645256070532 0 11.773941000000008 0 215305 0.3869 0.00006976744186043549
1645256074491 0 11.89902699999999 0 128759 0.23399999999999999 0.00006976744186043549
1645256078771 0 11.638172999999995 0 199367 0.3601 0.00006976744186043549
1645256082888 0 11.414489000000003 0 220759 0.399 0.00006976744186043549
1645256086712 0 11.626383000000004 0 149511 0.2699 0.00006976744186043549
1645256090487 0 11.87027599999999 0 118879 0.2132 0.00006976744186043549
1645256094661 0 11.864342999999991 0 85418 0.1527 0.00006976744186043549
1645256098534 0 11.844966 0 68807 0.123 0.00006976744186043549
1645256102569 0 11.837258999999989 0 132565 0.2399 0.00006976744186043549
1645256106850 0 11.58323200000001 0 117262 0.2129 0.00006976744186043549
1645256110580 0 11.827919000000009 0 116418 0.2102 0.00006976744186043549
1645256114750 0 11.552858000000015 0 223024 0.4048 0.00006976744186043549
1645256118800 0 11.50341499999999 0 214538 0.39 0.00006976744186043549
1645256122666 0 11.80060499999999 0 178191 0.3211 0.00006976744186043549
1645256126699 0 11.792569000000015 0 161454 0.2909 0.00006976744186043549
1645256130682 0 11.62336400000001 0 212225 0.3841 0.00006976744186043549
1645256134344 0 11.963390000000004 0 195858 0.3538 0.00006976744186043549
1645256138651 0 11.763296999999994 0 119665 0.21600000000000003 0.00006976744186043549
1645256142763 0 11.754306999999983 0 108667 0.19790000000000002 0.00006976744186043549
1645256146530 0 11.99640199999999 0 64782 0.11399999999999999 0.00006976744186043549
1645256150732 0 11.725386000000015 0 87523 0.1562 0.00006976744186043549
1645256154660 0 11.71799900000002 0 155607 0.2791 0.00006976744186043549
1645256158599 0 11.711444000000029 0 100404 0.1799 0.00006976744186043549
1645256162563 0 11.944846999999982 0 183614 0.33330000000000004 0.00006976744186043549
1645256166759 0 11.689502000000005 0 197686 0.357 0.00006976744186043549
1645256170819 0 11.483295999999996 0 217520 0.393 0.00006976744186043549
1645256174841 0 11.67488400000002 0 132353 0.2398 0.00006976744186043549
1645256178589 0 11.713911999999993 0 199853 0.363 0.00006976744186043549
1645256182794 0 11.510744999999986 0 225614 0.4074 0.00006976744186043549
1645256186669 0 11.64637399999998 0 150477 0.2731 0.00006976744186043549
1645256190911 0 11.639965000000018 0 117995 0.21280000000000002 0.00006976744186043549
1645256194571 0 11.871303000000012 0 86503 0.15309999999999999 0.00006976744186043549
1645256198903 0 11.61431600000003 0 67335 0.1199 0.00006976744186043549

