1645246366524 1 3.999999 978 346799 0.0863 -4.2054
1645246367256 0 7.2729989999999995 0 213385 0.0533 0.00017441860465117198
1645246367706 0 10.824781000000002 0 141806 0.0351 0.00006976744186043549
1645246370583 0 11.977260000000001 0 112578 0.027700000000000002 0.00006976744186043549
1645246374945 0 11.719135999999999 0 80671 0.0264 0.00006976744186043549
1645246378784 0 11.964013 0 68729 0.0233 0.00006976744186043549
1645246382794 0 11.954674 0 137895 0.0396 0.00006976744186043549
1645246386745 0 11.945158 0 114138 0.034699999999999995 0.00006976744186043549
1645246390725 0 11.935371000000004 0 126013 0.038 0.00006976744186043549
1645246394924 0 11.673410000000004 0 217236 0.0603 0.00006976744186043549
1645246398635 0 11.917449000000005 0 219398 0.0613 0.00006976744186043549
1645246402733 0 11.909264 0 177648 0.0497 0.00006976744186043549
1645246406808 0 11.900278 0 166856 0.047799999999999995 0.00006976744186043549
1645246411024 0 11.638249000000002 0 223685 0.0615 0.00006976744186043549
1645246414695 0 11.883065000000002 0 206455 0.057499999999999996 0.00006976744186043549
1645246419159 0 11.620123 0 121534 0.0364 0.00006976744186043549
1645246423088 0 11.610024000000003 0 105092 0.0323 0.00006976744186043549
1645246426908 0 11.855782000000005 0 63086 0.022 0.00006976744186043549
1645246430799 0 11.847087000000002 0 87739 0.0288 0.00006976744186043549
1645246434843 0 11.842376000000002 0 152905 0.0441 0.00006976744186043549
1645246438762 0 11.838212999999996 0 100587 0.0317 0.00006976744186043549
1645246442889 0 11.835093999999998 0 186001 0.052700000000000004 0.00006976744186043549
1645246447052 0 11.576197000000008 0 201620 0.056499999999999995 0.00006976744186043549
1645246450757 0 11.817830999999998 0 218012 0.060899999999999996 0.00006976744186043549
1645246454722 0 11.810744 0 123058 0.0369 0.00006976744186043549
1645246458892 0 11.803140999999997 0 198856 0.056799999999999996 0.00006976744186043549
1645246463125 0 11.543506000000008 0 223061 0.0619 0.00006976744186043549
1645246467144 0 11.53829900000001 0 143385 0.0421 0.00006976744186043549
1645246471091 0 11.526859000000002 0 117021 0.034999999999999996 0.00006976744186043549
1645246474955 0 11.771629000000004 0 83595 0.027000000000000003 0.00006976744186043549
1645246478798 0 11.762021000000004 0 68011 0.023799999999999998 0.00006976744186043549
1645246482808 0 11.74131700000001 0 134264 0.0403 0.00006976744186043549
1645246486753 0 11.987273000000002 0 113722 0.0342 0.00006976744186043549
1645246490719 0 11.972121999999999 0 122694 0.0369 0.00006976744186043549
1645246494918 0 11.712613000000005 0 215146 0.0602 0.00006976744186043549
1645246498607 0 11.957221000000004 0 213339 0.0593 0.00006976744186043549
1645246502714 0 11.953462000000002 0 176949 0.0506 0.00006976744186043549
1645246506771 0 11.94595000000001 0 158356 0.046200000000000005 0.00006976744186043549
1645246510987 0 11.690219000000013 0 219852 0.061399999999999996 0.00006976744186043549
1645246514638 0 11.934364000000016 0 196864 0.0558 0.00006976744186043549
1645246519099 0 11.67682400000001 0 116610 0.0354 0.00006976744186043549
1645246523035 0 11.66872699999999 0 107223 0.034100000000000005 0.00006976744186043549
1645246526854 0 11.909790000000015 0 64332 0.0222 0.00006976744186043549
1645246530738 0 11.902215000000012 0 88753 0.028199999999999996 0.00006976744186043549
1645246534785 0 11.895544999999998 0 153489 0.0451 0.00006976744186043549
1645246538698 0 11.891265000000004 0 101805 0.0319 0.00006976744186043549
1645246542821 0 11.882841000000013 0 186822 0.0522 0.00006976744186043549
1645246546989 0 11.627070000000003 0 200149 0.05669999999999999 0.00006976744186043549
1645246550691 0 11.868279000000001 0 215305 0.0601 0.00006976744186043549
1645246554678 0 11.862300000000005 0 128759 0.038400000000000004 0.00006976744186043549
1645246558842 0 11.858243000000016 0 199367 0.055700000000000006 0.00006976744186043549
1645246563049 0 11.598912000000013 0 220759 0.060899999999999996 0.00006976744186043549
1645246567082 0 11.590624999999989 0 149511 0.0439 0.00006976744186043549
1645246571035 0 11.579447000000016 0 118879 0.035699999999999996 0.00006976744186043549
1645246574912 0 11.822688999999997 0 85418 0.028199999999999996 0.00006976744186043549
1645246578745 0 11.811828999999989 0 68807 0.0234 0.00006976744186043549
1645246582732 0 11.808854999999994 0 132565 0.0391 0.00006976744186043549
1645246587190 0 11.546899999999994 0 117262 0.035699999999999996 0.00006976744186043549
1645246591135 0 11.54114100000001 0 116418 0.0348 0.00006976744186043549
1645246594853 0 11.78151600000001 0 223024 0.0616 0.00006976744186043549
1645246599051 0 11.524710999999996 0 214538 0.06 0.00006976744186043549
1645246603154 0 11.513796000000013 0 178191 0.0504 0.00006976744186043549
1645246607227 0 11.502182000000005 0 161454 0.047 0.00006976744186043549
1645246610923 0 11.744044000000002 0 212225 0.0598 0.00006976744186043549
1645246614566 0 11.985760999999997 0 195858 0.05500000000000001 0.00006976744186043549
1645246619030 0 11.726674000000003 0 119665 0.0356 0.00006976744186043549
1645246622966 0 11.712710000000015 0 108667 0.033600000000000005 0.00006976744186043549
1645246626779 0 11.953242999999986 0 64782 0.0217 0.00006976744186043549
1645246630662 0 11.942773999999986 0 87523 0.028000000000000004 0.00006976744186043549
1645246634712 0 11.93600600000002 0 155607 0.0453 0.00006976744186043549
1645246638632 0 11.930147999999974 0 100404 0.0317 0.00006976744186043549
1645246642749 0 11.920552999999984 0 183614 0.0518 0.00006976744186043549
1645246646909 0 11.658073000000002 0 197686 0.055700000000000006 0.00006976744186043549
1645246651112 0 11.652485000000013 0 217520 0.0608 0.00006976744186043549
1645246655103 0 11.648030000000006 0 132353 0.039400000000000004 0.00006976744186043549
1645246658765 0 11.893347000000006 0 199853 0.0566 0.00006976744186043549
1645246662998 0 11.633354999999995 0 225614 0.0626 0.00006976744186043549
1645246667032 0 11.627902000000006 0 150477 0.0436 0.00006976744186043549
1645246670990 0 11.617389000000003 0 117995 0.0354 0.00006976744186043549
1645246674866 0 11.860762000000022 0 86503 0.027700000000000002 0.00006976744186043549
1645246678696 0 11.851994999999988 0 67335 0.023200000000000002 0.00006976744186043549
1645246682701 0 11.846075999999982 0 132169 0.0405 0.00006976744186043549
1645246687168 0 11.586991000000012 0 118800 0.0361 0.00006976744186043549
1645246691124 0 11.580591000000027 0 116618 0.0355 0.00006976744186043549
1645246694846 0 11.821376999999984 0 222296 0.062 0.00006976744186043549

