1645256062608 1 3.999999 962 346799 0.0838 -4.1366
1645256063601 1 7.057194 0 363755 0.0882 0.00017441860465117198
1645256064580 1 10.080248000000001 0 362842 0.0877 0.00017441860465117198
1645256067110 1 11.735140000000001 0 384791 0.0932 0.00017441860465117198
1645256070752 3 11.976657 0 804438 0.1946 0.000174418604651283
1645256074891 3 11.969681999999999 0 828659 0.20379999999999998 0.00043023255813956496
1645256078780 3 11.964700999999998 0 937332 0.22890000000000002 0.00043023255813956496
1645256082766 3 11.955714 0 776416 0.18819999999999998 0.00043023255813956496
1645256086852 3 11.946466000000001 0 1025687 0.24860000000000002 0.00043023255813956496
1645256090928 3 11.936653000000003 0 815426 0.1971 0.00043023255813956496
1645256095172 3 11.680829000000003 0 884625 0.2145 0.00043023255813956496
1645256098968 3 11.916396000000006 0 904952 0.2191 0.00043023255813956496
1645256102894 3 11.908106000000004 0 954418 0.231 0.00043023255813956496
1645256107199 3 11.646682000000006 0 910446 0.2204 0.00043023255813956496
1645256111037 3 11.636312000000004 0 922454 0.22290000000000001 0.00043023255813956496
1645256114921 3 11.878999 0 942842 0.22799999999999998 0.00043023255813956496
1645256119169 3 11.617986000000002 0 884128 0.21459999999999999 0.00043023255813956496
1645256123273 3 11.598752000000005 0 828263 0.2001 0.00043023255813956496
1645256127250 3 11.585591000000008 0 981175 0.2379 0.00043023255813956496
1645256131121 3 11.576862000000006 0 939007 0.227 0.00043023255813956496
1645256135265 3 11.567390000000003 0 841370 0.20400000000000001 0.00043023255813956496
1645256139155 3 11.562358000000003 0 947658 0.2291 0.00043023255813956496
1645256143269 3 11.549855000000008 0 828958 0.2009 0.00043023255813956496
1645256147236 3 11.539016000000004 0 977791 0.2367 0.00043023255813956496
1645256150890 3 11.780472000000003 0 847215 0.20539999999999997 0.00043023255813956496
1645256155358 3 11.518093000000007 0 978032 0.2373 0.00043023255813956496
1645256159232 3 11.505685 0 934237 0.2262 0.00043023255813956496
1645256162992 3 11.744723000000008 0 889600 0.2153 0.00043023255813956496
1645256166992 3 11.732212000000004 0 988774 0.2399 0.00043023255813956496
1645256171047 3 11.724471000000008 0 808061 0.1957 0.00043023255813956496
1645256175060 3 11.718232 0 995677 0.2406 0.00043023255813956496
1645256178896 3 11.960577 0 924757 0.22410000000000002 0.00043023255813956496
1645256182949 3 11.703508999999997 0 808228 0.1957 0.00043023255813956496
1645256187008 3 11.693628000000004 0 1014212 0.2451 0.00043023255813956496
1645256191153 3 11.687415000000016 0 845218 0.20470000000000002 0.00043023255813956496
1645256194962 3 11.93237099999999 0 910767 0.22080000000000002 0.00043023255813956496
1645256198747 3 11.923913999999996 0 901777 0.2178 0.00043023255813956496
1645256203193 3 11.669664000000012 0 967347 0.2346 0.00043023255813956496
1645256207064 3 11.66319200000001 0 935273 0.227 0.00043023255813956496
1645256210884 3 11.908951000000002 0 916928 0.22210000000000002 0.00043023255813956496
1645256214756 3 11.897572999999994 0 940743 0.22749999999999998 0.00043023255813956496
1645256218979 3 11.888117999999992 0 877888 0.2129 0.00043023255813956496
1645256223113 3 11.633410999999995 0 839766 0.2032 0.00043023255813956496
1645256227073 3 11.621204000000006 0 976062 0.2355 0.00043023255813956496
1645256231004 3 11.84190799999999 0 958353 0.2314 0.00043023255813956496
1645256235132 3 11.586050999999998 0 836268 0.2024 0.00043023255813956496
1645256239082 3 11.575545000000005 0 968967 0.23500000000000001 0.00043023255813956496
1645256243179 3 11.562386000000004 0 825839 0.2 0.00043023255813956496
1645256247133 3 11.545479 0 974212 0.2358 0.00043023255813956496
1645256251356 3 11.540876999999995 0 867483 0.21030000000000001 0.00043023255813956496
1645256255345 3 11.52861200000001 0 987232 0.2386 0.00043023255813956496
1645256259181 3 11.521896999999996 0 921956 0.2233 0.00043023255813956496
1645256263004 3 11.762517000000003 0 913803 0.2219 0.00043023255813956496
1645256266930 3 11.742086 0 958215 0.23020000000000002 0.00043023255813956496
1645256271051 3 11.736346999999995 0 832934 0.2017 0.00043023255813956496
1645256275162 3 11.711329000000006 0 1005593 0.24369999999999997 0.00043023255813956496
1645256279037 3 11.704601999999994 0 935985 0.22679999999999997 0.00043023255813956496
1645256283080 3 11.697359000000006 0 802415 0.1941 0.00043023255813956496
1645256287099 3 11.693040999999994 0 999009 0.242 0.00043023255813956496
1645256290804 3 11.933290999999997 0 869418 0.21030000000000001 0.00043023255813956496
1645256295080 3 11.672022999999996 0 897686 0.21749999999999997 0.00043023255813956496
1645256299009 3 11.663995999999997 0 960141 0.2323 0.00043023255813956496
1645256302823 3 11.908471999999989 0 914618 0.2209 0.00043023255813956496
1645256307221 3 11.647032999999993 0 949031 0.22970000000000002 0.00043023255813956496
1645256311045 3 11.639037000000002 0 919929 0.22269999999999998 0.00043023255813956496
1645256314905 3 11.878022000000016 0 930570 0.2251 0.00043023255813956496
1645256319329 3 11.563692000000003 0 894188 0.2163 0.00043023255813956496
1645256322958 3 11.800763000000018 0 835562 0.2024 0.00043023255813956496
1645256326948 3 11.793752999999981 0 986170 0.2387 0.00043023255813956496
1645256330877 3 11.788270000000011 0 955812 0.23159999999999997 0.00043023255813956496
1645256335006 3 11.776959999999974 0 837688 0.2029 0.00043023255813956496
1645256338961 3 11.767126000000019 0 972932 0.2359 0.00043023255813956496
1645256343010 3 11.761302 0 807690 0.19490000000000002 0.00043023255813956496
1645256346953 3 11.755910000000029 0 968173 0.23349999999999999 0.00043023255813956496
1645256350661 3 11.998162999999977 0 872734 0.21139999999999998 0.00043023255813956496
1645256355169 3 11.736467000000005 0 991679 0.2403 0.00043023255813956496
1645256359020 3 11.723896000000025 0 930061 0.2254 0.00043023255813956496
1645256362761 3 11.963767000000018 0 884740 0.2145 0.00043023255813956496
1645256366709 3 11.957765999999992 0 968599 0.2347 0.00043023255813956496
1645256370856 3 11.946481000000006 0 848189 0.2049 0.00043023255813956496
1645256374849 3 11.936556999999993 0 989262 0.23959999999999998 0.00043023255813956496
1645256379208 3 11.67943600000001 0 929927 0.22519999999999998 0.00043023255813956496
1645256382855 3 11.917163000000016 0 845977 0.2049 0.00043023255813956496
1645256386904 3 11.909291999999994 0 1009703 0.2444 0.00043023255813956496
1645256391087 3 11.649892000000023 0 861836 0.2081 0.00043023255813956496

