1645242125163 1 3.999999 805 346799 0.06949999999999999 -3.4615
1645242126873 3 6.2941009999999995 0 755039 0.1518 0.000174418604651283
1645242128656 3 8.519582 0 835161 0.1673 0.00043023255813956496
1645242130586 3 10.583295 0 908792 0.1824 0.00043023255813956496
1645242133807 3 11.536385 0 804438 0.1615 0.00043023255813956496
1645242137589 3 11.779575999999999 0 828659 0.16670000000000001 0.00043023255813956496
1645242141581 3 11.770643 0 937332 0.189 0.00043023255813956496
1645242145744 3 11.515004999999999 0 776416 0.1564 0.00043023255813956496
1645242149912 3 11.503931000000001 0 1025687 0.2065 0.00043023255813956496
1645242153654 3 11.739604000000003 0 815426 0.16399999999999998 0.00043023255813956496
1645242157531 3 11.730336000000001 0 884625 0.1778 0.00043023255813956496
1645242161458 3 11.725348000000004 0 904952 0.1824 0.00043023255813956496
1645242165478 3 11.718219000000005 0 954418 0.1917 0.00043023255813956496
1645242169411 3 11.959356 0 910446 0.183 0.00043023255813956496
1645242173362 3 11.953271 0 922454 0.185 0.00043023255813956496
1645242177362 3 11.942438000000003 0 942842 0.1898 0.00043023255813956496
1645242181240 3 11.936345000000003 0 884128 0.1776 0.00043023255813956496
1645242185506 3 11.673754000000002 0 828263 0.1661 0.00043023255813956496
1645242189578 3 11.669904000000002 0 981175 0.1967 0.00043023255813956496
1645242193562 3 11.664023 0 939007 0.1886 0.00043023255813956496
1645242197355 3 11.907295000000005 0 841370 0.1693 0.00043023255813956496
1645242201361 3 11.897788000000006 0 947658 0.1906 0.00043023255813956496
1645242205642 3 11.640383 0 828958 0.1666 0.00043023255813956496
1645242209704 3 11.630707999999998 0 977791 0.19619999999999999 0.00043023255813956496
1645242213505 3 11.873767999999998 0 847215 0.1705 0.00043023255813956496
1645242217568 3 11.60548200000001 0 978032 0.1964 0.00043023255813956496
1645242221547 3 11.846325000000007 0 934237 0.1873 0.00043023255813956496
1645242225434 3 11.836442000000005 0 889600 0.17880000000000001 0.00043023255813956496
1645242229523 3 11.825665999999998 0 988774 0.199 0.00043023255813956496
1645242233750 3 11.565125000000009 0 808061 0.1625 0.00043023255813956496
1645242237850 3 11.543531999999999 0 995677 0.2002 0.00043023255813956496
1645242241810 3 11.539060000000006 0 924757 0.1857 0.00043023255813956496
1645242245534 3 11.779544999999999 0 808228 0.1623 0.00043023255813956496
1645242249681 3 11.523648000000009 0 1014212 0.2044 0.00043023255813956496
1645242253477 3 11.76700199999999 0 845218 0.1694 0.00043023255813956496
1645242257911 3 11.254126000000014 0 910767 0.1835 0.00043023255813956496
1645242261320 3 11.99749700000001 0 901777 0.1812 0.00043023255813956496
1645242265369 3 11.992879000000016 0 967347 0.1945 0.00043023255813956496
1645242269342 3 11.987117000000012 0 935273 0.1878 0.00043023255813956496
1645242273290 3 11.978003000000001 0 916928 0.1847 0.00043023255813956496
1645242277289 3 11.971405000000004 0 940743 0.1891 0.00043023255813956496
1645242281700 3 11.708628000000004 0 877888 0.17629999999999998 0.00043023255813956496
1645242285487 3 11.695202999999992 0 839766 0.1689 0.00043023255813956496
1645242289557 3 11.691685000000007 0 976062 0.1961 0.00043023255813956496
1645242293585 3 11.681939999999997 0 958353 0.19290000000000002 0.00043023255813956496
1645242297370 3 11.927313999999996 0 836268 0.1678 0.00043023255813956496
1645242301419 3 11.923085000000015 0 968967 0.19490000000000002 0.00043023255813956496
1645242305679 3 11.663938000000002 0 825839 0.16599999999999998 0.00043023255813956496
1645242309736 3 11.659390000000002 0 974212 0.1956 0.00043023255813956496
1645242313604 3 11.647660000000002 0 867483 0.1744 0.00043023255813956496
1645242317683 3 11.641940000000005 0 987232 0.19790000000000002 0.00043023255813956496
1645242321638 3 11.633731000000012 0 921956 0.18560000000000001 0.00043023255813956496
1645242325574 3 11.628964999999994 0 913803 0.1835 0.00043023255813956496
1645242329603 3 11.623941000000002 0 958215 0.19290000000000002 0.00043023255813956496
1645242333374 3 11.864596000000006 0 832934 0.1674 0.00043023255813956496
1645242337497 3 11.852624999999989 0 1005593 0.2022 0.00043023255813956496
1645242341477 3 11.848504999999989 0 935985 0.188 0.00043023255813956496
1645242345698 3 11.592709000000013 0 802415 0.1615 0.00043023255813956496
1645242349805 3 11.55304799999999 0 999009 0.2011 0.00043023255813956496
1645242353651 3 11.540240000000011 0 869418 0.17470000000000002 0.00043023255813956496
1645242357558 3 11.779300000000006 0 897686 0.1805 0.00043023255813956496
1645242361588 3 11.775611999999995 0 960141 0.19290000000000002 0.00043023255813956496
1645242365525 3 11.76388399999999 0 914618 0.184 0.00043023255813956496
1645242369539 3 11.755849000000012 0 949031 0.19090000000000001 0.00043023255813956496
1645242373488 3 11.746134000000012 0 919929 0.1849 0.00043023255813956496
1645242377459 3 11.739986000000016 0 930570 0.1869 0.00043023255813956496
1645242381354 3 11.981623000000013 0 894188 0.1797 0.00043023255813956496
1645242385636 3 11.726741000000004 0 835562 0.1681 0.00043023255813956496
1645242389230 3 11.964705999999978 0 986170 0.1983 0.00043023255813956496
1645242393254 3 11.960018999999988 0 955812 0.1924 0.00043023255813956496
1645242397546 3 11.703131999999982 0 837688 0.1682 0.00043023255813956496
1645242401603 3 11.689493000000027 0 972932 0.19590000000000002 0.00043023255813956496
1645242405331 3 11.93096700000001 0 807690 0.1623 0.00043023255813956496
1645242409385 3 11.925995 0 968173 0.1947 0.00043023255813956496
1645242413736 3 11.667876999999976 0 872734 0.17529999999999998 0.00043023255813956496
1645242417336 3 11.912732000000005 0 991679 0.1996 0.00043023255813956496
1645242421303 3 11.908011999999985 0 930061 0.1869 0.00043023255813956496
1645242425682 3 11.644503999999984 0 884740 0.17809999999999998 0.00043023255813956496
1645242429729 3 11.63343100000003 0 968599 0.1943 0.00043023255813956496
1645242433532 3 11.873409999999978 0 848189 0.1705 0.00043023255813956496
1645242437627 3 11.61562200000003 0 989262 0.1991 0.00043023255813956496
1645242441591 3 11.60764899999998 0 929927 0.1867 0.00043023255813956496
1645242445397 3 11.849521999999979 0 845977 0.1702 0.00043023255813956496
1645242449534 3 11.835257000000013 0 1009703 0.20299999999999999 0.00043023255813956496
1645242453369 3 11.82795299999998 0 861836 0.17350000000000002 0.00043023255813956496

