1645241504569 1 3.999999 1410 346799 0.12869999999999998 -6.063
1645241506033 1 6.531713 0 363755 0.1357 0.00017441860465117198
1645241507486 1 9.077838 0 362842 0.1356 0.00017441860465117198
1645241509019 1 11.545238000000001 0 384791 0.1433 0.00017441860465117198
1645241512712 3 11.889394999999999 0 804438 0.3 0.000174418604651283
1645241516907 3 11.878984999999998 0 828659 0.3095 0.00043023255813956496
1645241521013 3 11.618651999999997 0 937332 0.35 0.00043023255813956496
1645241525007 3 11.612786999999997 0 776416 0.2895 0.00043023255813956496
1645241528933 3 11.634791000000003 0 1025687 0.3823 0.00043023255813956496
1645241533076 3 11.593709000000004 0 815426 0.3044 0.00043023255813956496
1645241538964 3 9.600889000000002 0 884625 0.5783 0.00043023255813956496
1645241541012 1 11.575578 0 352030 0.1349 0.00043023255813956496
1645241544674 3 11.892964 0 954418 0.35609999999999997 0.000174418604651283
1645241549171 3 11.552023000000005 0 910446 0.3389 0.00043023255813956496
1645241552714 3 11.850614 0 922454 0.3428 0.00043023255813956496
1645241556831 3 11.786121000000001 0 942842 0.3518 0.00043023255813956496
1645241561233 3 11.529507000000002 0 884128 0.3301 0.00043023255813956496
1645241564932 3 11.774572 0 828263 0.3088 0.00043023255813956496
1645241568690 3 11.876086 0 981175 0.3661 0.00043023255813956496
1645241573296 3 11.499187000000006 0 939007 0.3505 0.00043023255813956496
1645241579130 3 9.434841000000006 0 841370 0.5729 0.00043023255813956496
1645241580862 1 11.703956000000005 0 402712 0.1541 0.00043023255813956496
1645241585080 3 11.718033000000005 0 828958 0.3097 0.000174418604651283
1645241588834 3 11.731228000000002 0 977791 0.365 0.00043023255813956496
1645241593100 3 11.702525000000009 0 847215 0.3161 0.00043023255813956496
1645241596851 3 11.715159 0 978032 0.3646 0.00043023255813956496
1645241600938 3 11.686558000000005 0 934237 0.3487 0.00043023255813956496
1645241604857 3 11.903036999999998 0 889600 0.3318 0.00043023255813956496
1645241608649 3 11.916341000000003 0 988774 0.36920000000000003 0.00043023255813956496
1645241612767 3 11.917355 0 808061 0.3012 0.00043023255813956496
1645241618545 3 10.024170999999996 0 995677 0.567 0.00043023255813956496
1645241620805 1 11.901995 0 409513 0.1557 0.00043023255813956496
1645241624915 3 11.896979000000002 0 808228 0.3004 0.000174418604651283
1645241628796 3 11.768619999999999 0 1014212 0.37770000000000004 0.00043023255813956496
1645241633048 3 11.629618999999991 0 845218 0.3144 0.00043023255813956496
1645241637045 3 11.623871000000008 0 910767 0.3402 0.00043023255813956496
1645241641011 3 11.614407999999997 0 901777 0.3366 0.00043023255813956496
1645241644710 3 11.854191000000014 0 967347 0.3605 0.00043023255813956496
1645241648812 3 11.84077400000001 0 935273 0.3496 0.00043023255813956496
1645241652828 3 11.832207000000011 0 916928 0.34140000000000004 0.00043023255813956496
1645241658889 3 9.680060999999995 0 940743 0.5955 0.00043023255813956496
1645241661013 1 11.565210000000008 0 372824 0.142 0.00043023255813956496
1645241664744 3 11.973129 0 839766 0.3133 0.000174418604651283
1645241668983 3 11.768242000000015 0 976062 0.3639 0.00043023255813956496
1645241672660 3 11.905628000000007 0 958353 0.35710000000000003 0.00043023255813956496
1645241676885 3 11.7851 0 836268 0.3114 0.00043023255813956496
1645241680598 3 11.967239000000006 0 968967 0.3617 0.00043023255813956496
1645241685275 3 11.519652000000008 0 825839 0.3076 0.00043023255813956496
1645241689010 3 11.556927000000002 0 974212 0.3634 0.00043023255813956496
1645241692844 3 11.75416100000001 0 867483 0.32320000000000004 0.00043023255813956496
1645241696628 3 11.936318999999997 0 987232 0.368 0.00043023255813956496
1645241700665 3 11.988685000000004 0 921956 0.3435 0.00043023255813956496
1645241704681 3 11.981493999999998 0 913803 0.3412 0.00043023255813956496
1645241710391 3 10.173583000000008 0 958215 0.5607 0.00043023255813956496
1645241712875 1 11.718210999999997 0 337939 0.1289 0.00043023255813956496
1645241716731 3 11.833787999999998 0 1005593 0.3754 0.000174418604651283
1645241720824 3 11.89288400000001 0 935985 0.3488 0.00043023255813956496
1645241724917 3 11.690358000000003 0 802415 0.29900000000000004 0.00043023255813956496
1645241728742 3 11.822117999999989 0 999009 0.3727 0.00043023255813956496
1645241733087 3 11.673316999999997 0 869418 0.3244 0.00043023255813956496
1645241739232 3 9.333080999999993 0 897686 0.605 0.00043023255813956496
1645241740859 1 11.70548500000001 0 372261 0.1427 0.00043023255813956496
1645241744888 3 11.901675000000012 0 914618 0.3402 0.000174418604651283
1645241749023 3 11.642270999999994 0 949031 0.3507 0.00043023255813956496
1645241753055 3 11.637426000000005 0 919929 0.3427 0.00043023255813956496
1645241756627 3 11.938285000000008 0 930570 0.3471 0.00043023255813956496
1645241761071 3 11.619519000000025 0 894188 0.3339 0.00043023255813956496
1645241764793 3 11.861707000000024 0 835562 0.3121 0.00043023255813956496
1645241768575 3 11.98873500000002 0 986170 0.3686 0.00043023255813956496
1645241772744 3 11.852026000000023 0 955812 0.3566 0.00043023255813956496
1645241777935 3 10.632409999999993 0 837688 0.5086 0.00043023255813956496
1645241781213 1 11.589445000000012 0 416856 0.1584 0.00043023255813956496
1645241784855 3 11.827578000000017 0 807690 0.30369999999999997 0.000174418604651283
1645241788572 3 11.992502000000002 0 968173 0.3612 0.00043023255813956496
1645241792939 3 11.810987000000011 0 872734 0.325 0.00043023255813956496
1645241796744 3 11.821617000000003 0 991679 0.3698 0.00043023255813956496
1645241800823 3 11.773708999999997 0 930061 0.3463 0.00043023255813956496
1645241805254 3 11.51018700000003 0 884740 0.3301 0.00043023255813956496
1645241808976 3 11.589448000000004 0 968599 0.36110000000000003 0.00043023255813956496
1645241814355 3 10.209333000000015 0 848189 0.5269999999999999 0.00043023255813956496
1645241817009 1 11.727329999999995 0 381135 0.1451 0.00043023255813956496
1645241820590 3 11.977058 0 929927 0.3472 0.000174418604651283
1645241824854 3 11.955264 0 845977 0.315 0.00043023255813956496
1645241828724 3 11.84125499999999 0 1009703 0.3759 0.00043023255813956496
1645241833054 3 11.675514000000021 0 861836 0.32120000000000004 0.00043023255813956496

