1645242351841 1 3.999999 801 346799 0.0697 -3.4442999999999997
1645242353585 1 6.287112 0 363755 0.0764 0.00017441860465117198
1645242355492 3 8.378387 0 835161 0.1675 0.000174418604651283
1645242357441 3 10.430591 0 908792 0.1823 0.00043023255813956496
1645242360190 3 11.870494999999998 0 804438 0.16160000000000002 0.00043023255813956496
1645242364481 3 11.615682999999999 0 828659 0.1666 0.00043023255813956496
1645242368051 3 11.851288999999998 0 937332 0.1945 0.00043023255813956496
1645242372233 3 11.845803 0 776416 0.1562 0.00043023255813956496
1645242376445 3 11.575779000000004 0 1025687 0.2064 0.00043023255813956496
1645242380202 3 11.814970000000002 0 815426 0.1636 0.00043023255813956496
1645242384113 3 11.802609000000004 0 884625 0.1778 0.00043023255813956496
1645242388549 3 11.542473000000001 0 904952 0.1815 0.00043023255813956496
1645242392115 3 11.759898 0 954418 0.19219999999999998 0.00043023255813956496
1645242396584 3 11.499000000000002 0 910446 0.18280000000000002 0.00043023255813956496
1645242400073 3 11.984143000000003 0 922454 0.1857 0.00043023255813956496
1645242404092 3 11.973701000000005 0 942842 0.1897 0.00043023255813956496
1645242407984 3 11.966229000000006 0 884128 0.1769 0.00043023255813956496
1645242412298 3 11.706496000000001 0 828263 0.1665 0.00043023255813956496
1645242416402 3 11.698580000000007 0 981175 0.1974 0.00043023255813956496
1645242420412 3 11.685842000000008 0 939007 0.1891 0.00043023255813956496
1645242424237 3 11.666306000000006 0 841370 0.1693 0.00043023255813956496
1645242428268 3 11.656902000000002 0 947658 0.1899 0.00043023255813956496
1645242432080 3 11.899229000000005 0 828958 0.1662 0.00043023255813956496
1645242436161 3 11.890602000000001 0 977791 0.1965 0.00043023255813956496
1645242439998 3 11.884315 0 847215 0.1699 0.00043023255813956496
1645242444092 3 11.875173000000004 0 978032 0.197 0.00043023255813956496
1645242448095 3 11.867434000000003 0 934237 0.188 0.00043023255813956496
1645242452497 3 11.604932000000005 0 889600 0.178 0.00043023255813956496
1645242456108 3 11.835450000000009 0 988774 0.199 0.00043023255813956496
1645242460379 3 11.577746000000005 0 808061 0.1626 0.00043023255813956496
1645242464489 3 11.566500000000005 0 995677 0.2 0.00043023255813956496
1645242468454 3 11.556036000000006 0 924757 0.1857 0.00043023255813956496
1645242472190 3 11.802542000000003 0 808228 0.1625 0.00043023255813956496
1645242476370 3 11.543891000000002 0 1014212 0.20400000000000001 0.00043023255813956496
1645242480182 3 11.783253000000002 0 845218 0.1694 0.00043023255813956496
1645242484129 3 11.769193000000001 0 910767 0.18309999999999998 0.00043023255813956496
1645242488574 3 11.510047000000014 0 901777 0.181 0.00043023255813956496
1645242492191 3 11.747738999999996 0 967347 0.195 0.00043023255813956496
1645242496243 3 11.740848999999997 0 935273 0.188 0.00043023255813956496
1645242500224 3 11.735521000000006 0 916928 0.1835 0.00043023255813956496
1645242504328 3 11.63495900000001 0 940743 0.193 0.00043023255813956496
1645242508226 3 11.87385599999999 0 877888 0.1766 0.00043023255813956496
1645242512054 3 11.860399999999998 0 839766 0.1694 0.00043023255813956496
1645242516145 3 11.854408000000006 0 976062 0.1964 0.00043023255813956496
1645242520185 3 11.846409999999992 0 958353 0.1923 0.00043023255813956496
1645242524490 3 11.58950999999999 0 836268 0.16770000000000002 0.00043023255813956496
1645242528545 3 11.582657000000012 0 968967 0.1945 0.00043023255813956496
1645242532323 3 11.72984199999999 0 825839 0.1659 0.00043023255813956496
1645242536408 3 11.534430000000015 0 974212 0.1955 0.00043023255813956496
1645242540402 0 11.52230800000001 0 128759 0.0257 0.00043023255813956496
1645242544421 0 11.517415999999997 0 199367 0.04 0.00006976744186043549
1645242548509 0 11.507401000000016 0 220759 0.045700000000000005 0.00006976744186043549
1645242552521 0 11.502134000000012 0 149511 0.038400000000000004 0.00006976744186043549
1645242555966 0 11.996269000000012 0 118879 0.0319 0.00006976744186043549
1645242560361 0 11.731266000000005 0 85418 0.0254 0.00006976744186043549
1645242564205 0 11.718234999999993 0 68807 0.0221 0.00006976744186043549
1645242568172 0 11.948907999999989 0 132565 0.034999999999999996 0.00006976744186043549
1645242572117 0 11.931043000000017 0 117262 0.0319 0.00006976744186043549
1645242576059 0 11.924614999999989 0 116418 0.0317 0.00006976744186043549
1645242580211 0 11.915784000000002 0 223024 0.053000000000000005 0.00006976744186043549
1645242584352 0 11.647818000000001 0 214538 0.051000000000000004 0.00006976744186043549
1645242588428 0 11.638823000000002 0 178191 0.0444 0.00006976744186043549
1645242592456 0 11.520897999999988 0 161454 0.040999999999999995 0.00006976744186043549
1645242596088 0 11.873091000000016 0 212225 0.0507 0.00006976744186043549
1645242600201 0 11.867415999999992 0 195858 0.0482 0.00006976744186043549
1645242604145 0 11.858874000000014 0 119665 0.0323 0.00006976744186043549
1645242608069 0 11.853087000000016 0 108667 0.0299 0.00006976744186043549
1645242612418 0 11.59490199999999 0 64782 0.0214 0.00006976744186043549
1645242616299 0 11.83701000000002 0 87523 0.0254 0.00006976744186043549
1645242620318 0 11.814705000000004 0 155607 0.0395 0.00006976744186043549
1645242624214 0 11.803494999999998 0 100404 0.027600000000000003 0.00006976744186043549
1645242628286 0 11.794891000000007 0 183614 0.045 0.00006976744186043549
1645242632386 0 11.534064999999998 0 197686 0.0474 0.00006976744186043549
1645242636525 0 11.528597999999988 0 217520 0.0524 0.00006976744186043549
1645242640491 0 11.52151200000003 0 132353 0.0344 0.00006976744186043549
1645242644618 0 11.508807999999988 0 199853 0.048 0.00006976744186043549
1645242648274 0 11.748078000000021 0 225614 0.053500000000000006 0.00006976744186043549
1645242652281 0 11.743146000000024 0 150477 0.038400000000000004 0.00006976744186043549
1645242656219 0 11.72912500000001 0 117995 0.0317 0.00006976744186043549
1645242660098 0 11.972600999999997 0 86503 0.0254 0.00006976744186043549
1645242664439 0 11.713223000000028 0 67335 0.0218 0.00006976744186043549
1645242668415 0 11.677095000000008 0 132169 0.0351 0.00006976744186043549
1645242672362 0 11.670346999999992 0 118800 0.032100000000000004 0.00006976744186043549
1645242676299 0 11.663384000000008 0 116618 0.0313 0.00006976744186043549

