1645240354801 1 3.999999 1382 346799 0.1187 -5.9426
1645240355715 0 7.097683 0 213385 0.0727 0.00017441860465117198
1645240356304 0 10.509798 0 141806 0.0491 0.00006976744186043549
1645240359290 0 11.632005 0 112578 0.0382 0.00006976744186043549
1645240363209 0 11.62812 0 80671 0.0309 0.00006976744186043549
1645240367086 0 11.869299 0 68729 0.027200000000000002 0.00006976744186043549
1645240371201 0 11.860382999999999 0 137895 0.0509 0.00006976744186043549
1645240375232 0 11.597195 0 114138 0.0428 0.00006976744186043549
1645240379300 0 11.590649000000003 0 126013 0.046400000000000004 0.00006976744186043549
1645240383189 0 11.831844000000004 0 217236 0.0789 0.00006976744186043549
1645240387085 0 11.827427 0 219398 0.0785 0.00006976744186043549
1645240391322 0 11.567784000000003 0 177648 0.0639 0.00006976744186043549
1645240395029 0 11.813767000000006 0 166856 0.0606 0.00006976744186043549
1645240399435 0 11.556591000000004 0 223685 0.0805 0.00006976744186043549
1645240403282 0 11.548884000000001 0 206455 0.0744 0.00006976744186043549
1645240407345 0 11.539996000000002 0 121534 0.0459 0.00006976744186043549
1645240411350 0 11.535817999999999 0 105092 0.0397 0.00006976744186043549
1645240415201 0 11.781647 0 63086 0.0251 0.00006976744186043549
1645240419136 0 11.77385600000001 0 87739 0.033600000000000005 0.00006976744186043549
1645240423297 0 11.518583000000007 0 152905 0.055700000000000006 0.00006976744186043549
1645240427279 0 11.763597000000004 0 100587 0.0382 0.00006976744186043549
1645240431547 0 11.501410000000007 0 186001 0.0673 0.00006976744186043549
1645240434876 0 11.993763999999999 0 201620 0.0728 0.00006976744186043549
1645240439255 0 11.733246000000008 0 218012 0.0781 0.00006976744186043549
1645240443313 0 11.730491999999998 0 123058 0.046 0.00006976744186043549
1645240447142 0 11.720514000000009 0 198856 0.0718 0.00006976744186043549
1645240451113 0 11.704206999999997 0 223061 0.0806 0.00006976744186043549
1645240455247 0 11.694389999999999 0 143385 0.053200000000000004 0.00006976744186043549
1645240459281 0 11.689581000000004 0 117021 0.0435 0.00006976744186043549
1645240463201 0 11.683382000000009 0 83595 0.032100000000000004 0.00006976744186043549
1645240467073 0 11.928733000000008 0 68011 0.027100000000000003 0.00006976744186043549
1645240471171 0 11.668867000000006 0 134264 0.0494 0.00006976744186043549
1645240475198 0 11.663424000000006 0 113722 0.0419 0.00006976744186043549
1645240479255 0 11.652817999999996 0 122694 0.0454 0.00006976744186043549
1645240483128 0 11.897159000000016 0 215146 0.0775 0.00006976744186043549
1645240486991 0 11.887243000000012 0 213339 0.0764 0.00006976744186043549
1645240491246 0 11.625232000000011 0 176949 0.0645 0.00006976744186043549
1645240495438 0 11.615553000000006 0 158356 0.0581 0.00006976744186043549
1645240499332 0 11.599410000000006 0 219852 0.0791 0.00006976744186043549
1645240503146 0 11.842951 0 196864 0.0711 0.00006976744186043549
1645240507179 0 11.837997000000001 0 116610 0.0433 0.00006976744186043549
1645240511186 0 11.832450999999992 0 107223 0.0402 0.00006976744186043549
1645240515046 0 11.82375300000001 0 64332 0.026000000000000002 0.00006976744186043549
1645240518994 0 11.81874400000001 0 88753 0.034699999999999995 0.00006976744186043549
1645240523161 0 11.809007000000008 0 153489 0.056799999999999996 0.00006976744186043549
1645240527142 0 11.803021999999999 0 101805 0.038400000000000004 0.00006976744186043549
1645240531415 0 11.547651000000002 0 186822 0.0673 0.00006976744186043549
1645240535251 0 11.789580999999998 0 200149 0.07289999999999999 0.00006976744186043549
1645240539119 0 11.783241000000004 0 215305 0.0776 0.00006976744186043549
1645240543196 0 11.77532500000001 0 128759 0.047799999999999995 0.00006976744186043549
1645240547517 0 11.52166299999999 0 199367 0.0713 0.00006976744186043549
1645240551409 0 11.515454000000005 0 220759 0.0796 0.00006976744186043549
1645240555058 0 11.759196000000003 0 149511 0.054900000000000004 0.00006976744186043549
1645240559105 0 11.75206 0 118879 0.045 0.00006976744186043549
1645240563025 0 11.997228000000007 0 85418 0.032600000000000004 0.00006976744186043549
1645240566893 0 11.989254000000017 0 68807 0.027100000000000003 0.00006976744186043549
1645240570980 0 11.984375 0 132565 0.0489 0.00006976744186043549
1645240575023 0 11.975987000000003 0 117262 0.0443 0.00006976744186043549
1645240579071 0 11.968828000000002 0 116418 0.044 0.00006976744186043549
1645240582972 0 11.958083000000016 0 223024 0.08030000000000001 0.00006976744186043549
1645240587345 0 11.703344000000016 0 214538 0.0772 0.00006976744186043549
1645240591093 0 11.944869000000011 0 178191 0.0651 0.00006976744186043549
1645240595281 0 11.688431000000008 0 161454 0.0586 0.00006976744186043549
1645240599143 0 11.674339000000003 0 212225 0.0767 0.00006976744186043549
1645240602951 0 11.914796999999993 0 195858 0.0707 0.00006976744186043549
1645240606989 0 11.909008999999998 0 119665 0.0443 0.00006976744186043549
1645240610994 0 11.904982000000018 0 108667 0.040600000000000004 0.00006976744186043549
1645240615347 0 11.648349999999994 0 64782 0.0254 0.00006976744186043549
1645240619286 0 11.640314999999987 0 87523 0.0337 0.00006976744186043549
1645240622951 0 11.885467000000006 0 155607 0.056499999999999995 0.00006976744186043549
1645240627434 0 11.628667000000007 0 100404 0.0377 0.00006976744186043549
1645240631198 0 11.61611099999999 0 183614 0.0658 0.00006976744186043549
1645240635009 0 11.860855000000015 0 197686 0.0713 0.00006976744186043549
1645240639393 0 11.601976999999977 0 217520 0.0785 0.00006976744186043549
1645240642984 0 11.846865999999977 0 132353 0.0493 0.00006976744186043549
1645240647306 0 11.588138000000015 0 199853 0.0723 0.00006976744186043549
1645240651215 0 11.829445000000021 0 225614 0.081 0.00006976744186043549
1645240655367 0 11.57252299999999 0 150477 0.055600000000000004 0.00006976744186043549
1645240659404 0 11.563468 0 117995 0.0438 0.00006976744186043549
1645240663336 0 11.55521600000003 0 86503 0.032600000000000004 0.00006976744186043549
1645240667199 0 11.79714899999999 0 67335 0.0263 0.00006976744186043549
1645240671288 0 11.537462000000005 0 132169 0.0491 0.00006976744186043549
1645240675338 0 11.528143 0 118800 0.0442 0.00006976744186043549
1645240679369 0 11.521545000000003 0 116618 0.0426 0.00006976744186043549
1645240683269 0 11.761519000000021 0 222296 0.07970000000000001 0.00006976744186043549

