1645235053628 1 3.999999 1350 346799 0.1233 -5.805
1645235054604 0 7.041831 0 213385 0.0765 0.00017441860465117198
1645235055214 0 10.430662000000002 0 141806 0.051000000000000004 0.00006976744186043549
1645235058216 0 11.597107000000001 0 112578 0.0397 0.00006976744186043549
1645235062146 0 11.591028999999999 0 80671 0.032600000000000004 0.00006976744186043549
1645235066019 0 11.836911999999998 0 68729 0.027500000000000004 0.00006976744186043549
1645235070146 0 11.583946999999998 0 137895 0.052700000000000004 0.00006976744186043549
1645235074191 0 11.574518999999999 0 114138 0.0439 0.00006976744186043549
1645235078298 0 11.569082000000002 0 126013 0.0491 0.00006976744186043549
1645235082218 0 11.564242000000004 0 217236 0.0814 0.00006976744186043549
1645235086131 0 11.55686 0 219398 0.08149999999999999 0.00006976744186043549
1645235089912 0 11.80133 0 177648 0.0665 0.00006976744186043549
1645235094144 0 11.542374000000002 0 166856 0.0626 0.00006976744186043549
1645235098085 0 11.783381000000006 0 223685 0.08349999999999999 0.00006976744186043549
1645235101954 0 11.774084000000002 0 206455 0.077 0.00006976744186043549
1645235106025 0 11.769074000000003 0 121534 0.0466 0.00006976744186043549
1645235110029 0 11.766067 0 105092 0.040799999999999996 0.00006976744186043549
1645235113892 0 11.757696000000003 0 63086 0.0259 0.00006976744186043549
1645235118340 0 11.500934999999998 0 87739 0.034699999999999995 0.00006976744186043549
1645235122039 0 11.746729000000002 0 152905 0.058399999999999994 0.00006976744186043549
1645235126031 0 11.734518000000008 0 100587 0.0387 0.00006976744186043549
1645235129843 0 11.971469999999997 0 186001 0.06949999999999999 0.00006976744186043549
1645235133703 0 11.965901000000002 0 201620 0.0756 0.00006976744186043549
1645235138119 0 11.70554 0 218012 0.0813 0.00006976744186043549
1645235141701 0 11.945793000000009 0 123058 0.0477 0.00006976744186043549
1645235146037 0 11.684791000000004 0 198856 0.0737 0.00006976744186043549
1645235150087 0 11.564795000000004 0 223061 0.0827 0.00006976744186043549
1645235154242 0 11.557642000000001 0 143385 0.0497 0.00006976744186043549
1645235158292 0 11.550483999999997 0 117021 0.0451 0.00006976744186043549
1645235162225 0 11.541810999999996 0 83595 0.0329 0.00006976744186043549
1645235166108 0 11.781796 0 68011 0.0279 0.00006976744186043549
1645235170229 0 11.522536000000002 0 134264 0.0514 0.00006976744186043549
1645235174274 0 11.518298999999999 0 113722 0.0439 0.00006976744186043549
1645235178348 0 11.511387999999997 0 122694 0.0465 0.00006976744186043549
1645235181759 0 11.971024 0 215146 0.08020000000000001 0.00006976744186043549
1645235186158 0 11.716238000000004 0 213339 0.0795 0.00006976744186043549
1645235189941 0 11.95107200000001 0 176949 0.0666 0.00006976744186043549
1645235194163 0 11.689751000000001 0 158356 0.0598 0.00006976744186043549
1645235198089 0 11.677267999999998 0 219852 0.0819 0.00006976744186043549
1645235201931 0 11.922651000000002 0 196864 0.0741 0.00006976744186043549
1645235205988 0 11.665911999999992 0 116610 0.0451 0.00006976744186043549
1645235210033 0 11.656168000000008 0 107223 0.0418 0.00006976744186043549
1645235213913 0 11.889588000000003 0 64332 0.0264 0.00006976744186043549
1645235217878 0 11.878557999999998 0 88753 0.036199999999999996 0.00006976744186043549
1645235222060 0 11.618916000000013 0 153489 0.058499999999999996 0.00006976744186043549
1645235226063 0 11.611125000000015 0 101805 0.0397 0.00006976744186043549
1645235229868 0 11.85525100000001 0 186822 0.0696 0.00006976744186043549
1645235234224 0 11.598420000000004 0 200149 0.0749 0.00006976744186043549
1645235238130 0 11.589395999999994 0 215305 0.0795 0.00006976744186043549
1645235242230 0 11.584216999999995 0 128759 0.0495 0.00006976744186043549
1645235246075 0 11.574435999999992 0 199367 0.0745 0.00006976744186043549
1645235250000 0 11.81898799999999 0 220759 0.0818 0.00006976744186043549
1645235254177 0 11.557186000000002 0 149511 0.0566 0.00006976744186043549
1645235258253 0 11.549283000000003 0 118879 0.045700000000000005 0.00006976744186043549
1645235262190 0 11.542248 0 85418 0.033800000000000004 0.00006976744186043549
1645235266071 0 11.78243900000001 0 68807 0.027700000000000002 0.00006976744186043549
1645235270183 0 11.517808000000002 0 132565 0.0505 0.00006976744186043549
1645235274245 0 11.512295999999992 0 117262 0.0459 0.00006976744186043549
1645235278300 0 11.502123000000012 0 116418 0.0456 0.00006976744186043549
1645235281737 0 11.994000999999997 0 223024 0.0838 0.00006976744186043549
1645235286145 0 11.737979999999993 0 214538 0.08 0.00006976744186043549
1645235289923 0 11.726163000000014 0 178191 0.0674 0.00006976744186043549
1645235294124 0 11.720208000000014 0 161454 0.060399999999999995 0.00006976744186043549
1645235298022 0 11.714800999999994 0 212225 0.0791 0.00006976744186043549
1645235301853 0 11.958067999999997 0 195858 0.073 0.00006976744186043549
1645235305910 0 11.947868 0 119665 0.0456 0.00006976744186043549
1645235309930 0 11.937287000000026 0 108667 0.0417 0.00006976744186043549
1645235313789 0 11.928934000000027 0 64782 0.026000000000000002 0.00006976744186043549
1645235317730 0 11.924743999999976 0 87523 0.0339 0.00006976744186043549
1645235321916 0 11.918424000000016 0 155607 0.058899999999999994 0.00006976744186043549
1645235325907 0 11.910928000000013 0 100404 0.0393 0.00006976744186043549
1645235330202 0 11.652495999999985 0 183614 0.06870000000000001 0.00006976744186043549
1645235334059 0 11.644295999999997 0 197686 0.074 0.00006976744186043549
1645235337975 0 11.889114000000006 0 217520 0.0809 0.00006976744186043549
1645235342084 0 11.631227000000024 0 132353 0.0509 0.00006976744186043549
1645235345930 0 11.870362999999998 0 199853 0.0745 0.00006976744186043549
1645235349867 0 11.863031999999976 0 225614 0.0836 0.00006976744186043549
1645235354046 0 11.597928000000024 0 150477 0.0583 0.00006976744186043549
1645235358102 0 11.593375999999978 0 117995 0.0458 0.00006976744186043549
1645235362046 0 11.838366000000008 0 86503 0.0342 0.00006976744186043549
1645235365917 0 11.82484199999999 0 67335 0.0273 0.00006976744186043549
1645235370017 0 11.821379999999976 0 132169 0.0503 0.00006976744186043549
1645235374085 0 11.561991999999975 0 118800 0.0465 0.00006976744186043549
1645235378141 0 11.55174199999999 0 116618 0.0451 0.00006976744186043549
1645235382066 0 11.795455000000004 0 222296 0.0824 0.00006976744186043549

