1645238358170 1 3.999999 1159 346799 0.1018 -4.9837
1645238360339 1 5.839809 0 363755 0.10740000000000001 0.00017441860465117198
1645238361569 1 8.607293 0 362842 0.1049 0.00017441860465117198
1645238362851 1 11.32759 0 384791 0.1121 0.00017441860465117198
1645238366455 3 11.969069 0 804438 0.2359 0.000174418604651283
1645238370518 3 11.681697999999999 0 828659 0.2435 0.00043023255813956496
1645238374442 3 11.924890999999999 0 937332 0.2751 0.00043023255813956496
1645238378382 3 11.910235999999998 0 776416 0.2279 0.00043023255813956496
1645238382546 3 11.651138000000003 0 1025687 0.3013 0.00043023255813956496
1645238386575 3 11.625125000000004 0 815426 0.2394 0.00043023255813956496
1645238390322 3 11.864379 0 884625 0.2599 0.00043023255813956496
1645238394632 3 11.602580000000003 0 904952 0.266 0.00043023255813956496
1645238398599 3 11.597206 0 954418 0.2804 0.00043023255813956496
1645238402431 3 11.842105000000004 0 910446 0.2666 0.00043023255813956496
1645238406781 3 11.586862000000004 0 922454 0.2702 0.00043023255813956496
1645238410682 3 11.571597000000004 0 942842 0.2762 0.00043023255813956496
1645238414792 3 11.567135 0 884128 0.2973 0.00043023255813956496
1645238420482 3 9.696647000000006 0 828263 0.5544 0.00043023255813956496
1645238423633 3 10.543112000000008 0 981175 0.292 0.00043023255813956496
1645238426538 3 11.639577000000003 0 939007 0.2759 0.00043023255813956496
1645238430625 3 11.794954000000004 0 841370 0.2468 0.00043023255813956496
1645238434521 3 11.771730000000005 0 947658 0.2774 0.00043023255813956496
1645238438600 3 11.759918999999996 0 828958 0.24300000000000002 0.00043023255813956496
1645238442625 3 11.745058999999998 0 977791 0.2867 0.00043023255813956496
1645238446275 3 11.983652000000006 0 847215 0.24860000000000002 0.00043023255813956496
1645238452211 3 9.964723000000006 0 978032 0.5817 0.00043023255813956496
1645238455217 3 10.959333999999998 0 934237 0.279 0.00043023255813956496
1645238458445 3 11.928253999999995 0 889600 0.26030000000000003 0.00043023255813956496
1645238462493 3 11.903087 0 988774 0.2909 0.00043023255813956496
1645238466484 3 11.891007000000002 0 808061 0.23690000000000003 0.00043023255813956496
1645238470539 3 11.886133000000001 0 995677 0.2926 0.00043023255813956496
1645238474406 3 11.815669 0 924757 0.2711 0.00043023255813956496
1645238478419 3 11.806702999999999 0 808228 0.2374 0.00043023255813956496
1645238482521 3 11.771440999999996 0 1014212 0.2972 0.00043023255813956496
1645238486622 3 11.760649999999998 0 845218 0.24769999999999998 0.00043023255813956496
1645238490425 3 11.999405999999993 0 910767 0.2673 0.00043023255813956496
1645238496174 3 10.000813999999991 0 901777 0.5615 0.00043023255813956496
1645238499307 3 10.873657000000009 0 967347 0.2891 0.00043023255813956496
1645238502676 3 11.667536000000013 0 935273 0.2733 0.00043023255813956496
1645238506527 3 11.658107999999999 0 916928 0.2678 0.00043023255813956496
1645238510434 3 11.899077000000005 0 940743 0.2757 0.00043023255813956496
1645238514634 3 11.642393999999996 0 877888 0.2579 0.00043023255813956496
1645238518731 3 11.625501000000014 0 839766 0.24569999999999997 0.00043023255813956496
1645238522741 3 11.618143000000003 0 976062 0.28690000000000004 0.00043023255813956496
1645238526677 3 11.604272000000009 0 958353 0.2815 0.00043023255813956496
1645238532558 3 9.62494799999999 0 836268 0.5759000000000001 0.00043023255813956496
1645238535708 3 10.467335999999989 0 968967 0.2899 0.00043023255813956496
1645238538285 3 11.890410000000003 0 825839 0.24220000000000003 0.00043023255813956496
1645238542818 3 11.520730000000015 0 974212 0.2859 0.00043023255813956496
1645238546472 0 11.730891000000014 0 128759 0.0378 0.00043023255813956496
1645238550209 0 11.972338000000008 0 199367 0.0626 0.00006976744186043549
1645238554508 0 11.718080000000015 0 220759 0.06889999999999999 0.00006976744186043549
1645238558609 0 11.70756399999999 0 149511 0.048 0.00006976744186043549
1645238562625 0 11.700386000000009 0 118879 0.0398 0.00006976744186043549
1645238566538 0 11.693366999999995 0 85418 0.0294 0.00006976744186043549
1645238570440 0 11.937793 0 68807 0.0247 0.00006976744186043549
1645238574499 0 11.678065000000004 0 132565 0.0428 0.00006976744186043549
1645238578519 0 11.673363999999992 0 117262 0.0391 0.00006976744186043549
1645238582536 0 11.669402999999988 0 116418 0.0377 0.00006976744186043549
1645238586374 0 11.90629100000001 0 223024 0.0701 0.00006976744186043549
1645238590677 0 11.64753300000001 0 214538 0.06720000000000001 0.00006976744186043549
1645238594370 0 11.893625000000014 0 178191 0.057199999999999994 0.00006976744186043549
1645238598512 0 11.882386999999994 0 161454 0.051500000000000004 0.00006976744186043549
1645238602809 0 11.60836900000001 0 212225 0.0666 0.00006976744186043549
1645238606663 0 11.713188000000002 0 195858 0.0623 0.00006976744186043549
1645238610702 0 11.701691000000011 0 119665 0.0392 0.00006976744186043549
1645238614714 0 11.663910999999985 0 108667 0.035699999999999996 0.00006976744186043549
1645238618574 0 11.65216300000003 0 64782 0.023799999999999998 0.00006976744186043549
1645238622525 0 11.892119999999977 0 87523 0.03 0.00006976744186043549
1645238626674 0 11.585476000000028 0 155607 0.0496 0.00006976744186043549
1645238630651 0 11.577146000000027 0 100404 0.034100000000000005 0.00006976744186043549
1645238634366 0 11.819702000000007 0 183614 0.058399999999999994 0.00006976744186043549
1645238638607 0 11.809202000000028 0 197686 0.062 0.00006976744186043549
1645238642429 0 11.759006999999997 0 217520 0.068 0.00006976744186043549
1645238646488 0 11.748444000000006 0 132353 0.0433 0.00006976744186043549
1645238650256 0 11.994505000000004 0 199853 0.0634 0.00006976744186043549
1645238654584 0 11.737963999999977 0 225614 0.0702 0.00006976744186043549
1645238658217 0 11.981501999999978 0 150477 0.0489 0.00006976744186043549
1645238662239 0 11.976833999999997 0 117995 0.039400000000000004 0.00006976744186043549
1645238666679 0 11.721183999999994 0 86503 0.029099999999999997 0.00006976744186043549
1645238670583 0 11.685239000000024 0 67335 0.024399999999999998 0.00006976744186043549
1645238674650 0 11.675041000000022 0 132169 0.0437 0.00006976744186043549
1645238678683 0 11.66351800000001 0 118800 0.0392 0.00006976744186043549
1645238682702 0 11.65498500000001 0 116618 0.0382 0.00006976744186043549

