1645231928781 1 3.999999 1046 346799 0.09340000000000001 -4.4978
1645231929868 1 6.924151999999999 0 363755 0.0985 0.00017441860465117198
1645231930948 1 9.84397 0 362842 0.0983 0.00017441860465117198
1645231933086 1 11.80322 0 384791 0.1035 0.00017441860465117198
1645231937462 3 11.53933 0 804438 0.21760000000000002 0.000174418604651283
1645231941333 3 11.526069999999999 0 828659 0.22679999999999997 0.00043023255813956496
1645231945479 3 11.515833999999998 0 937332 0.2537 0.00043023255813956496
1645231949181 3 11.757562 0 776416 0.2104 0.00043023255813956496
1645231953057 3 11.752888000000002 0 1025687 0.2774 0.00043023255813956496
1645231956868 3 11.993305000000003 0 815426 0.22080000000000002 0.00043023255813956496
1645231960864 3 11.984734000000003 0 884625 0.23929999999999998 0.00043023255813956496
1645231964906 3 11.973851000000003 0 904952 0.2445 0.00043023255813956496
1645231969093 3 11.710856 0 954418 0.2584 0.00043023255813956496
1645231973153 3 11.702916000000002 0 910446 0.2459 0.00043023255813956496
1645231977252 3 11.693893000000003 0 922454 0.2501 0.00043023255813956496
1645231980912 3 11.937311000000001 0 942842 0.25470000000000004 0.00043023255813956496
1645231986898 3 9.900466999999999 0 884128 0.5877 0.00043023255813956496
1645231989044 1 11.915505000000003 0 326924 0.0936 0.00043023255813956496
1645231993299 3 11.655487000000008 0 981175 0.26480000000000004 0.000174418604651283
1645231996967 3 11.89927800000001 0 939007 0.2564 0.00043023255813956496
1645232001351 3 11.634799999999998 0 841370 0.22820000000000001 0.00043023255813956496
1645232005013 3 11.862482 0 947658 0.2564 0.00043023255813956496
1645232009366 3 11.604887000000005 0 828958 0.22400000000000003 0.00043023255813956496
1645232013128 3 11.835122999999996 0 977791 0.265 0.00043023255813956496
1645232017022 3 11.821966000000003 0 847215 0.22949999999999998 0.00043023255813956496
1645232021270 3 11.556540999999996 0 978032 0.2641 0.00043023255813956496
1645232025404 3 11.542923000000002 0 934237 0.2531 0.00043023255813956496
1645232029421 3 11.529246999999998 0 889600 0.2413 0.00043023255813956496
1645232033190 3 11.772230000000008 0 988774 0.2676 0.00043023255813956496
1645232037485 3 11.508493000000001 0 808061 0.21880000000000002 0.00043023255813956496
1645232041285 3 11.726445999999996 0 995677 0.2693 0.00043023255813956496
1645232047377 3 9.416407000000007 0 924757 0.5986 0.00043023255813956496
1645232048973 1 11.960182000000003 0 307174 0.0889 0.00043023255813956496
1645232053328 3 11.67604200000001 0 1014212 0.274 0.000174418604651283
1645232057266 3 11.662530000000004 0 845218 0.23349999999999999 0.00043023255813956496
1645232061367 3 11.644805999999988 0 910767 0.2501 0.00043023255813956496
1645232064914 3 11.880048000000016 0 901777 0.244 0.00043023255813956496
1645232069153 3 11.863785000000007 0 967347 0.2619 0.00043023255813956496
1645232073289 3 11.591634999999997 0 935273 0.253 0.00043023255813956496
1645232077392 3 11.57990000000001 0 916928 0.24860000000000002 0.00043023255813956496
1645232081051 3 11.821163000000013 0 940743 0.2541 0.00043023255813956496
1645232085041 3 11.804968000000002 0 877888 0.23769999999999997 0.00043023255813956496
1645232089424 3 11.54046600000001 0 839766 0.22719999999999999 0.00043023255813956496
1645232093159 3 11.780057999999997 0 976062 0.26389999999999997 0.00043023255813956496
1645232097362 3 11.503545000000003 0 958353 0.2596 0.00043023255813956496
1645232101225 3 11.74464900000001 0 836268 0.2258 0.00043023255813956496
1645232104954 3 11.983078000000006 0 968967 0.262 0.00043023255813956496
1645232109303 3 11.717939999999999 0 825839 0.22349999999999998 0.00043023255813956496
1645232113045 3 11.961251000000004 0 974212 0.26389999999999997 0.00043023255813956496
1645232118614 3 10.178826000000015 0 867483 0.5458999999999999 0.00043023255813956496
1645232120926 1 11.933073000000007 0 390086 0.11120000000000001 0.00043023255813956496
1645232125033 3 11.915858000000014 0 921956 0.24910000000000002 0.000174418604651283
1645232129155 3 11.646275000000003 0 913803 0.2509 0.00043023255813956496
1645232133356 3 11.634443000000005 0 958215 0.2586 0.00043023255813956496
1645232137218 3 11.596462000000002 0 832934 0.2257 0.00043023255813956496
1645232141050 3 11.833799999999997 0 1005593 0.2732 0.00043023255813956496
1645232145177 3 11.823768000000001 0 935985 0.2531 0.00043023255813956496
1645232149450 3 11.558483999999993 0 802415 0.2173 0.00043023255813956496
1645232153262 3 11.530854000000005 0 999009 0.2707 0.00043023255813956496
1645232157222 3 11.761710999999991 0 869418 0.2355 0.00043023255813956496
1645232161247 3 11.748018000000002 0 897686 0.2433 0.00043023255813956496
1645232164950 3 11.981550999999996 0 960141 0.2596 0.00043023255813956496
1645232169027 3 11.96108000000001 0 914618 0.24780000000000002 0.00043023255813956496
1645232173208 3 11.696383999999995 0 949031 0.25680000000000003 0.00043023255813956496
1645232177297 3 11.680752000000012 0 919929 0.2487 0.00043023255813956496
1645232180919 3 11.91655399999999 0 930570 0.2517 0.00043023255813956496
1645232186906 3 9.88556699999998 0 894188 0.5884 0.00043023255813956496
1645232189028 1 11.894695000000013 0 328352 0.0939 0.00043023255813956496
1645232193305 3 11.63319899999999 0 986170 0.2663 0.000174418604651283
1645232197021 3 11.869227000000024 0 955812 0.261 0.00043023255813956496
1645232201389 3 11.603530999999975 0 837688 0.22599999999999998 0.00043023255813956496
1645232205127 3 11.845262999999989 0 972932 0.2633 0.00043023255813956496
1645232209410 3 11.584569999999985 0 807690 0.2183 0.00043023255813956496
1645232213129 3 11.82820700000002 0 968173 0.2619 0.00043023255813956496
1645232217090 3 11.814178000000027 0 872734 0.236 0.00043023255813956496
1645232221380 3 11.554014999999993 0 991679 0.2684 0.00043023255813956496
1645232225025 3 11.79756100000003 0 930061 0.2517 0.00043023255813956496
1645232229030 3 11.789904999999976 0 884740 0.23959999999999998 0.00043023255813956496
1645232233265 3 11.529105000000015 0 968599 0.2627 0.00043023255813956496
1645232237165 3 11.756641000000002 0 848189 0.22959999999999997 0.00043023255813956496
1645232240949 3 11.994500000000016 0 989262 0.268 0.00043023255813956496
1645232246939 3 9.855058999999983 0 929927 0.5881000000000001 0.00043023255813956496
1645232249179 1 11.68796100000003 0 347396 0.10129999999999999 0.00043023255813956496
1645232253093 3 11.913090000000011 0 1009703 0.2787 0.000174418604651283
1645232257096 3 11.874004000000014 0 861836 0.23679999999999998 0.00043023255813956496

