1645245305903 1 3.999999 2296 346799 0.2182 -9.8728
1645245310878 3 4.278384 1249 755039 0.4756 -5.3705255813953485
1645245313276 1 5.882720000000001 0 362842 0.22879999999999998 0.00043023255813956496
1645245319115 3 4.251468000000001 201 908792 0.5725 -0.8641255813953487
1645245321460 1 5.897381999999999 0 339137 0.2144 0.00043023255813956496
1645245326800 3 4.5560899999999975 0 828659 0.5227 0.000174418604651283
1645245329463 1 5.893473999999998 0 406206 0.25339999999999996 0.00043023255813956496
1645245334464 3 4.892811999999999 0 776416 0.48869999999999997 0.000174418604651283
1645245337182 1 6.174342000000003 0 414092 0.2613 0.00043023255813956496
1645245342428 3 4.927786000000005 0 815426 0.5139 0.000174418604651283
1645245344948 1 6.409076000000006 0 366374 0.2319 0.00043023255813956496
1645245350767 3 4.589594000000005 0 904952 0.5702 0.000174418604651283
1645245353231 1 6.127271 0 371605 0.23490000000000003 0.00043023255813956496
1645245359084 3 4.369496000000005 98 910446 0.5743 -0.4212255813953487
1645245361644 1 5.8142290000000045 0 374050 0.2355 0.00043023255813956496
1645245367716 3 4.448295000000002 711 942842 0.5952 -3.0571255813953484
1645245370231 1 5.9332040000000035 0 377983 0.23700000000000002 0.00043023255813956496
1645245375558 3 4.605985000000004 0 828263 0.5215 0.000174418604651283
1645245378110 1 6.054336000000006 0 388939 0.24489999999999998 0.00043023255813956496
1645245384180 3 4.368269999999995 386 939007 0.5925 -1.6596255813953487
1645245386665 1 5.881541999999996 0 362131 0.22759999999999997 0.00043023255813956496
1645245392753 3 4.480220000000003 680 947658 0.5963 -2.9238255813953486
1645245394916 1 6.311667999999997 0 327400 0.20459999999999998 0.00043023255813956496
1645245401188 3 4.394030000000001 355 977791 0.6154 -1.5263255813953487
1645245403393 1 6.188040999999998 0 317452 0.2 0.00043023255813956496
1645245409663 3 4.472830999999999 554 978032 0.6158 -2.3820255813953484
1645245412205 1 5.931365999999997 0 384934 0.24220000000000003 0.00043023255813956496
1645245417940 3 4.254868999999999 58 889600 0.5608 -0.24922558139534878
1645245420598 1 5.593846999999997 0 387965 0.24500000000000002 0.00043023255813956496
1645245425816 3 4.375805 0 808061 0.5102 0.000174418604651283
1645245428409 1 5.782122999999999 0 394452 0.24830000000000002 0.00043023255813956496
1645245434344 3 4.280164999999997 432 924757 0.5817 -1.8574255813953486
1645245436491 1 6.132845000000003 0 307174 0.1941 0.00043023255813956496
1645245443000 3 4.444938000000008 819 1014212 0.6385 -3.5215255813953483
1645245445245 1 6.197555999999992 0 340231 0.21349999999999997 0.00043023255813956496
1645245451108 3 4.495657999999992 159 910767 0.5751999999999999 -0.6835255813953487
1645245453539 1 6.0630199999999945 0 353022 0.2223 0.00043023255813956496
1645245459747 3 4.384371000000016 533 967347 0.6097 -2.2917255813953488
1645245462183 1 5.949805999999995 0 368813 0.2326 0.00043023255813956496
1645245468079 3 4.400766000000004 346 916928 0.5782 -1.4876255813953487
1645245470645 1 5.831346999999994 0 374507 0.23610000000000003 0.00043023255813956496
1645245476295 3 4.483291000000008 295 877888 0.5533 -1.2683255813953487
1645245478457 1 6.315256000000005 0 326437 0.2045 0.00043023255813956496
1645245484733 3 4.249358000000001 208 976062 0.6165 -0.8942255813953487
1645245487446 1 5.533608000000015 0 400632 0.25179999999999997 0.00043023255813956496
1645245492838 3 4.437439000000012 297 836268 0.5273 -1.2769255813953486
1645245495528 1 5.7479020000000105 0 407655 0.2565 0.00043023255813956496
1645245500838 3 4.4705470000000105 33 825839 0.5194 -0.14172558139534863
1645245503586 1 5.723808999999989 0 404220 0.2544 0.00043023255813956496
1645245509168 3 4.482877000000002 341 867483 0.5466 -1.4661255813953487
1645245511739 1 5.90961200000001 0 390086 0.2451 0.00043023255813956496
1645245517654 3 4.3024230000000045 306 921956 0.5798 -1.3156255813953486
1645245520157 1 5.798504000000008 0 365827 0.2304 0.00043023255813956496
1645245526301 3 4.344671000000005 686 958215 0.6031 -2.9496255813953485
1645245528540 1 6.104182000000009 0 337939 0.21309999999999998 0.00043023255813956496
1645245534991 3 4.261445000000009 608 1005593 0.6327 -2.614225581395349
1645245537634 1 5.618898999999999 0 390582 0.2451 0.00043023255813956496
1645245542809 3 4.44148899999999 0 802415 0.5062 0.000174418604651283
1645245545427 1 5.823160999999999 0 399016 0.25070000000000003 0.00043023255813956496
1645245551034 3 4.3254909999999995 104 869418 0.5484 -0.44702558139534876
1645245553564 1 5.789954999999992 0 371149 0.2333 0.00043023255813956496
1645245559726 3 4.415787999999992 784 960141 0.6049 -3.3710255813953487
1645245562315 1 5.827185000000014 0 394237 0.24689999999999998 0.00043023255813956496
1645245568409 3 4.427356000000003 694 949031 0.5971 -2.9840255813953487
1645245571014 1 5.822458000000012 0 381418 0.23929999999999998 0.00043023255813956496
1645245576988 3 4.353437999999983 507 930570 0.5858 -2.1799255813953486
1645245579436 1 5.904304000000025 0 371908 0.2333 0.00043023255813956496
1645245584821 3 4.520083999999997 0 835562 0.5261 0.000174418604651283
1645245587324 1 6.015856999999983 0 379027 0.23820000000000002 0.00043023255813956496
1645245593505 3 4.322158000000002 488 955812 0.6029 -2.098225581395349
1645245595803 1 6.023360000000025 0 333046 0.2097 0.00043023255813956496
1645245602054 3 4.29213500000003 519 972932 0.6146 -2.2315255813953487
1645245604280 1 6.070427999999993 0 335171 0.2105 0.00043023255813956496
1645245610500 3 4.294983000000002 448 968173 0.6096 -1.9262255813953486
1645245612819 1 5.974140999999975 0 337330 0.21259999999999998 0.00043023255813956496
1645245619190 3 4.475436000000002 869 991679 0.6259 -3.7365255813953486
1645245621751 1 5.912324000000012 0 387864 0.24489999999999998 0.00043023255813956496
1645245627437 3 4.329128000000026 102 884740 0.5566 -0.4384255813953488
1645245630096 1 5.6694949999999835 0 391839 0.2459 0.00043023255813956496

