1645229427473 1 3.999999 4842 346799 0.47309999999999997 -20.8206
1645229430611 0 4.875987 0 213385 0.2922 0.00017441860465117198
1645229432651 0 6.831860000000001 0 141806 0.19390000000000002 0.00006976744186043549
1645229434285 0 9.1978 0 112578 0.15089999999999998 0.00006976744186043549
1645229435484 0 11.998448 0 80671 0.1089 0.00006976744186043549
1645229440016 0 11.576118999999998 0 68729 0.0912 0.00006976744186043549
1645229443984 0 11.568423 0 137895 0.1874 0.00006976744186043549
1645229448170 0 11.560424999999999 0 114138 0.157 0.00006976744186043549
1645229452006 0 11.553499000000002 0 126013 0.1722 0.00006976744186043549
1645229456088 0 11.545861000000002 0 217236 0.2961 0.00006976744186043549
1645229460190 0 11.539261000000003 0 219398 0.2985 0.00006976744186043549
1645229463717 0 11.779203000000003 0 177648 0.242 0.00006976744186043549
1645229468118 0 11.520181000000001 0 166856 0.22879999999999998 0.00006976744186043549
1645229471782 0 11.760593 0 223685 0.3049 0.00006976744186043549
1645229476207 0 11.502704000000001 0 206455 0.2811 0.00006976744186043549
1645229479976 0 11.745616000000005 0 121534 0.1656 0.00006976744186043549
1645229483509 0 11.985496000000005 0 105092 0.1417 0.00006976744186043549
1645229487978 0 11.723026000000004 0 63086 0.0851 0.00006976744186043549
1645229491768 0 11.715153 0 87739 0.11779999999999999 0.00006976744186043549
1645229495956 0 11.703263000000007 0 152905 0.20659999999999998 0.00006976744186043549
1645229499948 0 11.696821999999997 0 100587 0.1375 0.00006976744186043549
1645229503589 0 11.939574000000007 0 186001 0.2526 0.00006976744186043549
1645229507973 0 11.683898999999997 0 201620 0.277 0.00006976744186043549
1645229511570 0 11.923652000000004 0 218012 0.2988 0.00006976744186043549
1645229515861 0 11.666888999999998 0 123058 0.16770000000000002 0.00006976744186043549
1645229519701 0 11.909922000000009 0 198856 0.2722 0.00006976744186043549
1645229523870 0 11.650982999999997 0 223061 0.30510000000000004 0.00006976744186043549
1645229527937 0 11.641965999999996 0 143385 0.19590000000000002 0.00006976744186043549
1645229531619 0 11.885435000000001 0 117021 0.15689999999999998 0.00006976744186043549
1645229535870 0 11.625004000000004 0 83595 0.11339999999999999 0.00006976744186043549
1645229539923 0 11.609706000000003 0 68011 0.0935 0.00006976744186043549
1645229543851 0 11.854213000000001 0 134264 0.1805 0.00006976744186043549
1645229548018 0 11.587102000000002 0 113722 0.15460000000000002 0.00006976744186043549
1645229551787 0 11.830866999999998 0 122694 0.1655 0.00006976744186043549
1645229555844 0 11.823308999999995 0 215146 0.2944 0.00006976744186043549
1645229559857 0 11.811679999999996 0 213339 0.2898 0.00006976744186043549
1645229563888 0 11.804296999999991 0 176949 0.24180000000000001 0.00006976744186043549
1645229568156 0 11.545346999999992 0 158356 0.2158 0.00006976744186043549
1645229571757 0 11.788078000000013 0 219852 0.3008 0.00006976744186043549
1645229576052 0 11.530874000000011 0 196864 0.268 0.00006976744186043549
1645229579753 0 11.77317099999999 0 116610 0.1591 0.00006976744186043549
1645229583807 0 11.763745999999998 0 107223 0.1461 0.00006976744186043549
1645229587797 0 11.75498300000001 0 64332 0.0871 0.00006976744186043549
1645229591613 0 11.99812 0 88753 0.1199 0.00006976744186043549
1645229595802 0 11.737569000000008 0 153489 0.20929999999999999 0.00006976744186043549
1645229599808 0 11.728253999999993 0 101805 0.1395 0.00006976744186043549
1645229603958 0 11.723504999999989 0 186822 0.2549 0.00006976744186043549
1645229607794 0 11.715434000000016 0 200149 0.2726 0.00006976744186043549
1645229611846 0 11.707583999999997 0 215305 0.2941 0.00006976744186043549
1645229615725 0 11.950052 0 128759 0.1767 0.00006976744186043549
1645229619544 0 11.941379000000012 0 199367 0.2705 0.00006976744186043549
1645229623684 0 11.933274000000011 0 220759 0.303 0.00006976744186043549
1645229627849 0 11.673385999999994 0 149511 0.205 0.00006976744186043549
1645229631596 0 11.911390000000011 0 118879 0.1635 0.00006976744186043549
1645229635892 0 11.653404999999992 0 85418 0.1177 0.00006976744186043549
1645229639941 0 11.647357 0 68807 0.0936 0.00006976744186043549
1645229643847 0 11.639633000000003 0 132565 0.1809 0.00006976744186043549
1645229648082 0 11.62915000000001 0 117262 0.1615 0.00006976744186043549
1645229651761 0 11.87372400000001 0 116418 0.1568 0.00006976744186043549
1645229655926 0 11.61072999999999 0 223024 0.3049 0.00006976744186043549
1645229659960 0 11.60081199999999 0 214538 0.29159999999999997 0.00006976744186043549
1645229664016 0 11.592573000000016 0 178191 0.2439 0.00006976744186043549
1645229667830 0 11.831366000000003 0 161454 0.2202 0.00006976744186043549
1645229671843 0 11.82444799999999 0 212225 0.29009999999999997 0.00006976744186043549
1645229676114 0 11.567313000000013 0 195858 0.2657 0.00006976744186043549
1645229679838 0 11.804360000000003 0 119665 0.1612 0.00006976744186043549
1645229683941 0 11.546087999999997 0 108667 0.1479 0.00006976744186043549
1645229687925 0 11.784312999999997 0 64782 0.0872 0.00006976744186043549
1645229691721 0 11.775840000000017 0 87523 0.1177 0.00006976744186043549
1645229695972 0 11.517174000000011 0 155607 0.2137 0.00006976744186043549
1645229699960 0 11.761821999999995 0 100404 0.1371 0.00006976744186043549
1645229704064 0 11.501980000000003 0 183614 0.2484 0.00006976744186043549
1645229707855 0 11.74483600000002 0 197686 0.2681 0.00006976744186043549
1645229711953 0 11.736339999999984 0 217520 0.2985 0.00006976744186043549
1645229715851 0 11.729587999999978 0 132353 0.17880000000000001 0.00006976744186043549
1645229719673 0 11.971447000000012 0 199853 0.27240000000000003 0.00006976744186043549
1645229723854 0 11.71545900000001 0 225614 0.3073 0.00006976744186043549
1645229728016 0 11.70724899999999 0 150477 0.2051 0.00006976744186043549
1645229731721 0 11.950357999999994 0 117995 0.1591 0.00006976744186043549
1645229735993 0 11.693445999999994 0 86503 0.1177 0.00006976744186043549
1645229740006 0 11.685175000000015 0 67335 0.0917 0.00006976744186043549
1645229743930 0 11.679198999999983 0 132169 0.181 0.00006976744186043549
1645229747656 0 11.92247900000001 0 118800 0.1611 0.00006976744186043549
1645229751844 0 11.665575999999987 0 116618 0.1592 0.00006976744186043549

