1645230506322 1 3.999999 2087 346799 0.1955 -8.9741
1645230508482 1 5.845155999999999 0 363755 0.20600000000000002 0.00017441860465117198
1645230510657 1 7.668006000000001 0 362842 0.2052 0.00017441860465117198
1645230512921 1 9.404466000000001 0 384791 0.21669999999999998 0.00017441860465117198
1645230514946 1 11.380657999999999 0 339137 0.19039999999999999 0.00017441860465117198
1645230518776 1 11.778726999999998 0 393219 0.2222 0.00017441860465117198
1645230522685 1 11.763742999999998 0 406206 0.2298 0.00017441860465117198
1645230526999 1 11.50703 0 303135 0.1714 0.00017441860465117198
1645230530435 1 11.996345000000002 0 414092 0.23420000000000002 0.00017441860465117198
1645230534454 1 11.985661000000004 0 337705 0.191 0.00017441860465117198
1645230538626 1 11.723682000000004 0 366374 0.2062 0.00017441860465117198
1645230542720 1 11.706944 0 352030 0.19890000000000002 0.00017441860465117198
1645230546426 1 11.936242 0 371605 0.20990000000000003 0.00017441860465117198
1645230550708 1 11.672377000000004 0 385670 0.21789999999999998 0.00017441860465117198
1645230554926 1 11.644434000000004 0 374050 0.2118 0.00017441860465117198
1645230558601 1 11.886751000000004 0 367058 0.2077 0.00017441860465117198
1645230562836 1 11.628968 0 377983 0.21349999999999997 0.00017441860465117198
1645230566782 1 11.619001000000004 0 326924 0.1843 0.00017441860465117198
1645230570576 1 11.861877000000007 0 388939 0.21949999999999997 0.00017441860465117198
1645230574900 1 11.598748999999998 0 392939 0.2222 0.00017441860465117198
1645230578545 1 11.838794000000007 0 362131 0.2048 0.00017441860465117198
1645230582923 1 11.579174000000009 0 402712 0.22799999999999998 0.00017441860465117198
1645230586888 1 11.565925000000007 0 327400 0.1851 0.00017441860465117198
1645230590759 1 11.805312999999998 0 401133 0.2271 0.00017441860465117198
1645230594653 1 11.799059999999997 0 317452 0.1797 0.00017441860465117198
1645230598968 1 11.541035000000008 0 391753 0.2212 0.00017441860465117198
1645230602745 1 11.78322200000001 0 384934 0.21749999999999997 0.00017441860465117198
1645230606918 1 11.526967999999997 0 367179 0.20779999999999998 0.00017441860465117198
1645230610714 1 11.76970200000001 0 387965 0.21949999999999997 0.00017441860465117198
1645230614689 1 11.756580999999997 0 333821 0.1878 0.00017441860465117198
1645230619019 1 11.501126999999997 0 394452 0.22280000000000003 0.00017441860465117198
1645230622428 1 11.989803000000009 0 409513 0.23149999999999998 0.00017441860465117198
1645230626771 1 11.733581999999998 0 307174 0.1743 0.00017441860465117198
1645230630751 1 11.721995000000007 0 420407 0.2383 0.00017441860465117198
1645230634772 1 11.717821000000015 0 340231 0.19219999999999998 0.00017441860465117198
1645230638493 1 11.959175000000016 0 374730 0.21190000000000003 0.00017441860465117198
1645230642582 1 11.954091000000005 0 353022 0.1991 0.00017441860465117198
1645230646401 1 11.94941399999999 0 393253 0.22240000000000001 0.00017441860465117198
1645230650582 1 11.939667000000014 0 368813 0.20790000000000003 0.00017441860465117198
1645230654795 1 11.684274000000016 0 372578 0.2109 0.00017441860465117198
1645230658511 1 11.926116000000007 0 374507 0.2109 0.00017441860465117198
1645230662722 1 11.66990899999999 0 372824 0.211 0.00017441860465117198
1645230666666 1 11.664782000000002 0 326437 0.1845 0.00017441860465117198
1645230670436 1 11.907107999999994 0 383127 0.21600000000000003 0.00017441860465117198
1645230674799 1 11.649407999999994 0 400632 0.2265 0.00017441860465117198
1645230678835 1 11.642859000000016 0 342596 0.1927 0.00017441860465117198
1645230682735 1 11.638100000000009 0 407655 0.2303 0.00017441860465117198
1645230686751 1 11.629523000000006 0 337450 0.1911 0.00017441860465117198
1645230690632 1 11.874580000000009 0 404220 0.2284 0.00017441860465117198
1645230694605 1 11.869447000000008 0 331794 0.1881 0.00017441860465117198
1645230698921 1 11.607603000000012 0 390086 0.2213 0.00017441860465117198
1645230702717 1 11.852686000000006 0 387516 0.2198 0.00017441860465117198
1645230706887 1 11.593845000000016 0 365827 0.20670000000000002 0.00017441860465117198
1645230710720 1 11.833786000000003 0 392579 0.223 0.00017441860465117198
1645230714723 1 11.819486000000012 0 337939 0.19 0.00017441860465117198
1645230718632 1 11.810048999999992 0 406896 0.23090000000000002 0.00017441860465117198
1645230722931 1 11.55238399999999 0 390582 0.2202 0.00017441860465117198
1645230726895 1 11.540599000000014 0 328479 0.1863 0.00017441860465117198
1645230730751 1 11.781511999999992 0 399016 0.2254 0.00017441860465117198
1645230734956 1 11.524450000000002 0 370990 0.21000000000000002 0.00017441860465117198
1645230738659 1 11.765792000000005 0 371149 0.2101 0.00017441860465117198
1645230742865 1 11.502870000000001 0 372261 0.2109 0.00017441860465117198
1645230746696 1 11.746363000000002 0 394237 0.22290000000000001 0.00017441860465117198
1645230750378 1 11.989507000000003 0 368311 0.2085 0.00017441860465117198
1645230754650 1 11.727074000000016 0 381418 0.2162 0.00017441860465117198
1645230758832 1 11.718351000000013 0 368451 0.2085 0.00017441860465117198
1645230762544 1 11.955615000000023 0 371908 0.2111 0.00017441860465117198
1645230766501 1 11.943925999999976 0 328352 0.1853 0.00017441860465117198
1645230770738 1 11.68148100000002 0 379027 0.2133 0.00017441860465117198
1645230774650 1 11.925027999999998 0 407465 0.23090000000000002 0.00017441860465117198
1645230778641 1 11.909224999999992 0 333046 0.1888 0.00017441860465117198
1645230782612 1 11.902192000000014 0 416856 0.2367 0.00017441860465117198
1645230786615 1 11.89434 0 335171 0.1896 0.00017441860465117198
1645230790496 1 11.886318000000017 0 401613 0.2274 0.00017441860465117198
1645230794501 1 11.878458000000023 0 337330 0.1903 0.00017441860465117198
1645230798821 1 11.618588999999986 0 391244 0.221 0.00017441860465117198
1645230802675 1 11.864823000000001 0 387864 0.2222 0.00017441860465117198
1645230806833 1 11.607546000000013 0 363813 0.20579999999999998 0.00017441860465117198
1645230810650 1 11.846467000000018 0 391839 0.2212 0.00017441860465117198
1645230814659 1 11.840154999999982 0 336898 0.1905 0.00017441860465117198
1645230818912 1 11.584430999999995 0 381135 0.215 0.00017441860465117198
1645230822700 1 11.826968000000022 0 386654 0.2186 0.00017441860465117198
1645230826782 1 11.563563999999985 0 347396 0.1972 0.00017441860465117198
1645230830601 1 11.806290999999987 0 392538 0.22160000000000002 0.00017441860465117198

