1645253071610 1 3.999999 804 346799 0.0701 -3.4572
1645253073357 3 6.270633999999999 0 755039 0.15309999999999999 0.000174418604651283
1645253075166 3 8.466073000000002 0 835161 0.1704 0.00043023255813956496
1645253077126 3 10.50078 0 908792 0.1855 0.00043023255813956496
1645253079873 3 11.804754999999998 0 804438 0.16399999999999998 0.00043023255813956496
1645253084168 3 11.548433999999999 0 828659 0.1689 0.00043023255813956496
1645253088191 3 11.536065 0 937332 0.1925 0.00043023255813956496
1645253091902 3 11.770188999999998 0 776416 0.15889999999999999 0.00043023255813956496
1645253096096 3 11.764615000000003 0 1025687 0.20950000000000002 0.00043023255813956496
1645253100360 3 11.503924000000001 0 815426 0.1665 0.00043023255813956496
1645253103764 3 11.999362000000005 0 884625 0.1806 0.00043023255813956496
1645253107713 3 11.986704000000003 0 904952 0.1847 0.00043023255813956496
1645253111758 3 11.981418000000005 0 954418 0.1948 0.00043023255813956496
1645253115720 3 11.974115000000005 0 910446 0.1853 0.00043023255813956496
1645253119702 3 11.968878000000004 0 922454 0.1879 0.00043023255813956496
1645253123728 3 11.957932 0 942842 0.1924 0.00043023255813956496
1645253128141 3 11.693020000000004 0 884128 0.1803 0.00043023255813956496
1645253131936 3 11.938137000000005 0 828263 0.1689 0.00043023255813956496
1645253136038 3 11.676814000000007 0 981175 0.1998 0.00043023255813956496
1645253140049 3 11.670014000000009 0 939007 0.1911 0.00043023255813956496
1645253143863 3 11.912436 0 841370 0.17099999999999999 0.00043023255813956496
1645253147898 3 11.903531000000001 0 947658 0.1931 0.00043023255813956496
1645253152191 3 11.645122 0 828958 0.1685 0.00043023255813956496
1645253155786 3 11.888548 0 977791 0.19990000000000002 0.00043023255813956496
1645253160119 3 11.629193 0 847215 0.17250000000000001 0.00043023255813956496
1645253164206 3 11.625462999999996 0 978032 0.1995 0.00043023255813956496
1645253168215 3 11.622375000000005 0 934237 0.1908 0.00043023255813956496
1645253172130 3 11.612744000000006 0 889600 0.1816 0.00043023255813956496
1645253176244 3 11.603786 0 988774 0.202 0.00043023255813956496
1645253179991 3 11.846212000000008 0 808061 0.1647 0.00043023255813956496
1645253184124 3 11.591614000000007 0 995677 0.2031 0.00043023255813956496
1645253188106 3 11.584111000000007 0 924757 0.1887 0.00043023255813956496
1645253191853 3 11.82639900000001 0 808228 0.1645 0.00043023255813956496
1645253196023 3 11.81491100000001 0 1014212 0.2068 0.00043023255813956496
1645253199850 3 11.808133999999995 0 845218 0.17270000000000002 0.00043023255813956496
1645253204312 3 11.546501000000006 0 910767 0.1857 0.00043023255813956496
1645253208249 3 11.539580999999998 0 901777 0.184 0.00043023255813956496
1645253212324 3 11.529378000000008 0 967347 0.1975 0.00043023255813956496
1645253216334 3 11.523415 0 935273 0.191 0.00043023255813956496
1645253220305 3 11.51325399999999 0 916928 0.1872 0.00043023255813956496
1645253223828 3 11.997860000000003 0 940743 0.192 0.00043023255813956496
1645253227718 3 11.988957999999997 0 877888 0.17880000000000001 0.00043023255813956496
1645253232035 3 11.730012000000016 0 839766 0.1719 0.00043023255813956496
1645253236133 3 11.720079999999996 0 976062 0.1993 0.00043023255813956496
1645253239686 3 11.958607 0 958353 0.1956 0.00043023255813956496
1645253243990 3 11.703339 0 836268 0.1704 0.00043023255813956496
1645253248070 3 11.690857999999992 0 968967 0.1978 0.00043023255813956496
1645253251857 3 11.935476999999992 0 825839 0.1686 0.00043023255813956496
1645253255939 3 11.924191000000008 0 974212 0.1986 0.00043023255813956496
1645253259816 3 11.906398999999993 0 867483 0.1769 0.00043023255813956496
1645253263952 3 11.894947000000002 0 987232 0.20099999999999998 0.00043023255813956496
1645253267936 3 11.88940500000001 0 921956 0.1879 0.00043023255813956496
1645253271900 3 11.879898999999995 0 913803 0.18660000000000002 0.00043023255813956496
1645253275953 3 11.87557000000001 0 958215 0.1953 0.00043023255813956496
1645253280252 3 11.615494000000012 0 832934 0.1702 0.00043023255813956496
1645253283913 3 11.86042900000001 0 1005593 0.2052 0.00043023255813956496
1645253287929 3 11.851302000000004 0 935985 0.1908 0.00043023255813956496
1645253292166 3 11.593076999999994 0 802415 0.1634 0.00043023255813956496
1645253295803 3 11.838388000000009 0 999009 0.2036 0.00043023255813956496
1645253300178 3 11.579153999999988 0 869418 0.1774 0.00043023255813956496
1645253304110 3 11.573846000000003 0 897686 0.1834 0.00043023255813956496
1645253308168 3 11.569165999999996 0 960141 0.1961 0.00043023255813956496
1645253312132 3 11.561064000000016 0 914618 0.18660000000000002 0.00043023255813956496
1645253316201 3 11.549426000000011 0 949031 0.196 0.00043023255813956496
1645253320178 3 11.543348000000009 0 919929 0.1876 0.00043023255813956496
1645253324179 3 11.530996000000016 0 930570 0.1895 0.00043023255813956496
1645253328096 3 11.773715999999979 0 894188 0.1819 0.00043023255813956496
1645253331900 3 11.758215000000007 0 835562 0.1706 0.00043023255813956496
1645253336010 3 11.75070199999999 0 986170 0.20139999999999997 0.00043023255813956496
1645253340063 3 11.743761000000006 0 955812 0.19490000000000002 0.00043023255813956496
1645253343868 3 11.986835999999983 0 837688 0.1705 0.00043023255813956496
1645253347955 3 11.719627000000003 0 972932 0.1986 0.00043023255813956496
1645253351697 3 11.959471000000008 0 807690 0.1646 0.00043023255813956496
1645253355779 3 11.952436999999975 0 968173 0.1974 0.00043023255813956496
1645253360161 3 11.692763000000014 0 872734 0.17809999999999998 0.00043023255813956496
1645253363781 3 11.93486999999999 0 991679 0.2021 0.00043023255813956496
1645253367776 3 11.93163800000002 0 930061 0.1896 0.00043023255813956496
1645253372178 3 11.671023999999989 0 884740 0.1807 0.00043023255813956496
1645253375778 3 11.910717999999974 0 968599 0.1973 0.00043023255813956496
1645253380104 3 11.648832000000027 0 848189 0.17270000000000002 0.00043023255813956496
1645253384223 3 11.638470999999981 0 989262 0.202 0.00043023255813956496
1645253388227 3 11.629273000000012 0 929927 0.18919999999999998 0.00043023255813956496
1645253392045 3 11.622164999999995 0 845977 0.17250000000000001 0.00043023255813956496
1645253396212 3 11.614341000000024 0 1009703 0.20579999999999998 0.00043023255813956496
1645253400073 3 11.608042000000012 0 861836 0.1755 0.00043023255813956496

