1645249532385 1 3.999999 1269 346799 0.11639999999999999 -5.4567
1645249533313 0 7.083424 0 213385 0.072 0.00017441860465117198
1645249533891 0 10.506828 0 141806 0.0479 0.00006976744186043549
1645249536874 0 11.524567000000001 0 112578 0.0379 0.00006976744186043549
1645249540781 0 11.754952999999999 0 80671 0.0305 0.00006976744186043549
1645249544646 0 11.751679999999999 0 68729 0.0267 0.00006976744186043549
1645249548746 0 11.743023999999998 0 137895 0.0499 0.00006976744186043549
1645249552763 0 11.736698999999998 0 114138 0.041999999999999996 0.00006976744186043549
1645249556824 0 11.727516000000001 0 126013 0.046400000000000004 0.00006976744186043549
1645249560692 0 11.717878000000002 0 217236 0.07730000000000001 0.00006976744186043549
1645249564565 0 11.962198 0 219398 0.07730000000000001 0.00006976744186043549
1645249568797 0 11.706136 0 177648 0.063 0.00006976744186043549
1645249572499 0 11.948108000000005 0 166856 0.059899999999999995 0.00006976744186043549
1645249576882 0 11.688873000000001 0 223685 0.0786 0.00006976744186043549
1645249580715 0 11.682741 0 206455 0.0732 0.00006976744186043549
1645249584763 0 11.677501 0 121534 0.0446 0.00006976744186043549
1645249588750 0 11.669385000000005 0 105092 0.0386 0.00006976744186043549
1645249592596 0 11.912567000000003 0 63086 0.024399999999999998 0.00006976744186043549
1645249596526 0 11.903897999999998 0 87739 0.033100000000000004 0.00006976744186043549
1645249600670 0 11.897101000000006 0 152905 0.05500000000000001 0.00006976744186043549
1645249604641 0 11.888252000000008 0 100587 0.0378 0.00006976744186043549
1645249608913 0 11.632501000000005 0 186001 0.0664 0.00006976744186043549
1645249612726 0 11.873930000000001 0 201620 0.0716 0.00006976744186043549
1645249616592 0 11.866782999999998 0 218012 0.0765 0.00006976744186043549
1645249620639 0 11.857982000000007 0 123058 0.045 0.00006976744186043549
1645249624942 0 11.601635000000002 0 198856 0.0706 0.00006976744186043549
1645249628832 0 11.596590000000006 0 223061 0.0785 0.00006976744186043549
1645249632960 0 11.589891000000009 0 143385 0.0522 0.00006976744186043549
1645249636990 0 11.585563000000008 0 117021 0.043 0.00006976744186043549
1645249640898 0 11.581091 0 83595 0.031 0.00006976744186043549
1645249644768 0 11.825015000000008 0 68011 0.026500000000000003 0.00006976744186043549
1645249648852 0 11.565031000000005 0 134264 0.0484 0.00006976744186043549
1645249652880 0 11.559286999999998 0 113722 0.0419 0.00006976744186043549
1645249656929 0 11.551286000000005 0 122694 0.0443 0.00006976744186043549
1645249660781 0 11.79532900000001 0 215146 0.0754 0.00006976744186043549
1645249664632 0 11.78659300000001 0 213339 0.0749 0.00006976744186043549
1645249668877 0 11.53129100000001 0 176949 0.0641 0.00006976744186043549
1645249673059 0 11.522722000000016 0 158356 0.05689999999999999 0.00006976744186043549
1645249676960 0 11.51741100000001 0 219852 0.0785 0.00006976744186043549
1645249680772 0 11.756043000000005 0 196864 0.0706 0.00006976744186043549
1645249684794 0 11.747927000000004 0 116610 0.0422 0.00006976744186043549
1645249688789 0 11.736308000000008 0 107223 0.0397 0.00006976744186043549
1645249692639 0 11.977678999999995 0 64332 0.0249 0.00006976744186043549
1645249696571 0 11.969363000000016 0 88753 0.033600000000000005 0.00006976744186043549
1645249700723 0 11.707476000000014 0 153489 0.05500000000000001 0.00006976744186043549
1645249704706 0 11.696121000000005 0 101805 0.0382 0.00006976744186043549
1645249708470 0 11.940539000000001 0 186822 0.0664 0.00006976744186043549
1645249712778 0 11.682598000000013 0 200149 0.0711 0.00006976744186043549
1645249716633 0 11.925264999999996 0 215305 0.0755 0.00006976744186043549
1645249720703 0 11.91614100000001 0 128759 0.0469 0.00006976744186043549
1645249724506 0 11.905550000000005 0 199367 0.0703 0.00006976744186043549
1645249728878 0 11.650421999999992 0 220759 0.0776 0.00006976744186043549
1645249732518 0 11.890454000000005 0 149511 0.054000000000000006 0.00006976744186043549
1645249736552 0 11.884795999999994 0 118879 0.0437 0.00006976744186043549
1645249740974 0 11.621219999999994 0 85418 0.0324 0.00006976744186043549
1645249744840 0 11.612075000000004 0 68807 0.0268 0.00006976744186043549
1645249748917 0 11.60709700000001 0 132565 0.0477 0.00006976744186043549
1645249752950 0 11.600982000000016 0 117262 0.0427 0.00006976744186043549
1645249756976 0 11.59492800000001 0 116418 0.0429 0.00006976744186043549
1645249760860 0 11.590225000000004 0 223024 0.0786 0.00006976744186043549
1645249764741 0 11.836478999999997 0 214538 0.0779 0.00006976744186043549
1645249768977 0 11.579066000000012 0 178191 0.0637 0.00006976744186043549
1645249772650 0 11.822502000000014 0 161454 0.057499999999999996 0.00006976744186043549
1645249776996 0 11.56452200000001 0 212225 0.0749 0.00006976744186043549
1645249780807 0 11.809444000000013 0 195858 0.0696 0.00006976744186043549
1645249784841 0 11.795861000000002 0 119665 0.0438 0.00006976744186043549
1645249788848 0 11.783370999999988 0 108667 0.0405 0.00006976744186043549
1645249792694 0 11.775083999999993 0 64782 0.0247 0.00006976744186043549
1645249797126 0 11.510475999999983 0 87523 0.0329 0.00006976744186043549
1645249800783 0 11.75254799999999 0 155607 0.05600000000000001 0.00006976744186043549
1645249804748 0 11.746580999999992 0 100404 0.0368 0.00006976744186043549
1645249808498 0 11.991498999999976 0 183614 0.065 0.00006976744186043549
1645249812799 0 11.734972000000027 0 197686 0.06999999999999999 0.00006976744186043549
1645249816674 0 11.723888999999986 0 217520 0.07730000000000001 0.00006976744186043549
1645249820753 0 11.71572900000001 0 132353 0.048299999999999996 0.00006976744186043549
1645249824560 0 11.960328000000004 0 199853 0.0708 0.00006976744186043549
1645249828450 0 11.95360199999999 0 225614 0.07930000000000001 0.00006976744186043549
1645249832591 0 11.93782600000003 0 150477 0.05450000000000001 0.00006976744186043549
1645249836634 0 11.928173000000015 0 117995 0.0446 0.00006976744186043549
1645249840564 0 11.91430200000002 0 86503 0.0329 0.00006976744186043549
1645249844923 0 11.651732999999979 0 67335 0.026000000000000002 0.00006976744186043549
1645249848505 0 11.895902999999976 0 132169 0.048 0.00006976744186043549
1645249852536 0 11.886994000000016 0 118800 0.0435 0.00006976744186043549
1645249856554 0 11.879390999999998 0 116618 0.0423 0.00006976744186043549
1645249860934 0 11.624873999999977 0 222296 0.078 0.00006976744186043549

