1645240490958 1 3.999999 1306 346799 0.1189 -5.6158
1645240493382 1 5.583463 0 363755 0.12490000000000001 0.00017441860465117198
1645240494762 1 8.202765000000001 0 362842 0.1244 0.00017441860465117198
1645240496209 1 10.756127000000001 0 384791 0.1321 0.00017441860465117198
1645240499522 1 11.651252999999999 0 339137 0.1163 0.00017441860465117198
1645240503537 1 11.612459 0 393219 0.1348 0.00017441860465117198
1645240507559 1 11.599737999999999 0 406206 0.1391 0.00017441860465117198
1645240511231 1 11.838753 0 303135 0.1036 0.00017441860465117198
1645240515290 1 11.827116000000004 0 414092 0.14250000000000002 0.00017441860465117198
1645240519568 1 11.569506000000004 0 337705 0.1157 0.00017441860465117198
1645240523455 1 11.562538000000004 0 366374 0.12589999999999998 0.00017441860465117198
1645240527279 1 11.807518000000002 0 352030 0.12050000000000001 0.00017441860465117198
1645240531211 1 11.795042000000002 0 371605 0.1265 0.00017441860465117198
1645240535658 1 11.537557 0 385670 0.1319 0.00017441860465117198
1645240539568 1 11.519348 0 374050 0.12869999999999998 0.00017441860465117198
1645240543446 1 11.760029000000003 0 367058 0.1254 0.00017441860465117198
1645240547358 1 11.738373000000003 0 377983 0.12969999999999998 0.00017441860465117198
1645240551110 1 11.976155000000006 0 326924 0.11220000000000001 0.00017441860465117198
1645240555071 1 11.970244000000008 0 388939 0.1333 0.00017441860465117198
1645240559051 1 11.959750999999997 0 392939 0.13440000000000002 0.00017441860465117198
1645240563412 1 11.700761 0 362131 0.12450000000000001 0.00017441860465117198
1645240567408 1 11.691990000000004 0 402712 0.1383 0.00017441860465117198
1645240571177 1 11.938258000000005 0 327400 0.11279999999999998 0.00017441860465117198
1645240575185 1 11.934325999999999 0 401133 0.13799999999999998 0.00017441860465117198
1645240579408 1 11.672168999999997 0 317452 0.10940000000000001 0.00017441860465117198
1645240583385 1 11.664046999999997 0 391753 0.1339 0.00017441860465117198
1645240587344 1 11.659299000000004 0 384934 0.132 0.00017441860465117198
1645240591214 1 11.902798000000004 0 367179 0.1253 0.00017441860465117198
1645240595174 1 11.891587000000001 0 387965 0.1329 0.00017441860465117198
1645240599441 1 11.626041 0 333821 0.1137 0.00017441860465117198
1645240603409 1 11.621803 0 394452 0.1357 0.00017441860465117198
1645240607434 1 11.611781000000008 0 409513 0.1401 0.00017441860465117198
1645240611115 1 11.855798000000007 0 307174 0.1055 0.00017441860465117198
1645240615177 1 11.849041999999997 0 420407 0.1442 0.00017441860465117198
1645240619467 1 11.593277999999998 0 340231 0.11679999999999999 0.00017441860465117198
1645240623393 1 11.586050999999998 0 374730 0.1291 0.00017441860465117198
1645240627219 1 11.823117999999994 0 353022 0.12090000000000001 0.00017441860465117198
1645240631190 1 11.812715999999995 0 393253 0.1346 0.00017441860465117198
1645240635573 1 11.55676299999999 0 368813 0.12589999999999998 0.00017441860465117198
1645240639490 1 11.547680000000014 0 372578 0.12789999999999999 0.00017441860465117198
1645240643396 1 11.791260999999992 0 374507 0.1285 0.00017441860465117198
1645240647292 1 11.779684000000003 0 372824 0.1281 0.00017441860465117198
1645240651536 1 11.520430000000005 0 326437 0.11180000000000001 0.00017441860465117198
1645240655457 1 11.757481000000013 0 383127 0.1311 0.00017441860465117198
1645240659515 1 11.656058999999999 0 400632 0.1373 0.00017441860465117198
1645240663319 1 11.647234999999995 0 342596 0.1172 0.00017441860465117198
1645240667344 1 11.642731999999995 0 407655 0.1394 0.00017441860465117198
1645240671117 1 11.889281000000011 0 337450 0.1162 0.00017441860465117198
1645240675141 1 11.876733999999999 0 404220 0.1386 0.00017441860465117198
1645240679356 0 11.619958999999994 0 128759 0.0443 0.00017441860465117198
1645240683210 0 11.86283800000001 0 199367 0.07189999999999999 0.00006976744186043549
1645240687143 0 11.856303999999994 0 220759 0.0795 0.00006976744186043549
1645240691310 0 11.84793400000001 0 149511 0.054900000000000004 0.00006976744186043549
1645240695377 0 11.592082000000005 0 118879 0.0449 0.00006976744186043549
1645240699341 0 11.807154999999995 0 85418 0.0325 0.00006976744186043549
1645240703232 0 11.792727000000014 0 68807 0.0269 0.00006976744186043549
1645240707338 0 11.786081999999993 0 132565 0.0491 0.00006976744186043549
1645240711388 0 11.782700000000006 0 117262 0.0437 0.00006976744186043549
1645240715437 0 11.777929 0 116418 0.0432 0.00006976744186043549
1645240719362 0 11.746542000000005 0 223024 0.0805 0.00006976744186043549
1645240723276 0 11.732 0 214538 0.0781 0.00006976744186043549
1645240727078 0 11.976933000000002 0 178191 0.0646 0.00006976744186043549
1645240731455 0 11.762484 0 161454 0.0586 0.00006976744186043549
1645240735386 0 11.687111000000016 0 212225 0.0764 0.00006976744186043549
1645240739245 0 11.933092000000016 0 195858 0.07039999999999999 0.00006976744186043549
1645240743358 0 11.646263000000005 0 119665 0.0449 0.00006976744186043549
1645240747422 0 11.631520000000023 0 108667 0.0407 0.00006976744186043549
1645240751338 0 11.873714000000007 0 64782 0.026000000000000002 0.00006976744186043549
1645240755328 0 11.819457 0 87523 0.0334 0.00006976744186043549
1645240759558 0 11.561950000000024 0 155607 0.056799999999999996 0.00006976744186043549
1645240763592 0 11.552181000000019 0 100404 0.0371 0.00006976744186043549
1645240767472 0 11.73683699999998 0 183614 0.0663 0.00006976744186043549
1645240771326 0 11.694037999999978 0 197686 0.0715 0.00006976744186043549
1645240775263 0 11.937189999999987 0 217520 0.0784 0.00006976744186043549
1645240779409 0 11.649135000000001 0 132353 0.0489 0.00006976744186043549
1645240783304 0 11.88812999999999 0 199853 0.0723 0.00006976744186043549
1645240787300 0 11.814211999999998 0 225614 0.08070000000000001 0.00006976744186043549
1645240791496 0 11.50685500000003 0 150477 0.0551 0.00006976744186043549
1645240795577 0 11.551618000000019 0 117995 0.0445 0.00006976744186043549
1645240799566 0 11.546077000000025 0 86503 0.0325 0.00006976744186043549
1645240803464 0 11.539653999999985 0 67335 0.026000000000000002 0.00006976744186043549
1645240807621 0 11.532876999999985 0 132169 0.049 0.00006976744186043549
1645240811197 0 11.772470999999996 0 118800 0.0444 0.00006976744186043549
1645240815266 0 11.761637000000007 0 116618 0.0435 0.00006976744186043549

