1645245551608 1 3.999999 2290 346799 0.21810000000000002 -9.847
1645245553764 0 5.843057999999999 0 213385 0.1341 0.00017441860465117198
1645245554790 0 8.819695000000001 0 141806 0.0885 0.00006976744186043549
1645245557348 1 10.262429000000001 0 384791 0.242 0.000069767441860491
1645245560104 1 11.60314 0 339137 0.213 0.00017441860465117198
1645245564210 1 11.589548999999998 0 393219 0.24780000000000002 0.00017441860465117198
1645245567892 1 11.834712 0 406206 0.255 0.00017441860465117198
1645245571934 1 11.81953 0 303135 0.1914 0.00017441860465117198
1645245576162 1 11.561214000000003 0 414092 0.26139999999999997 0.00017441860465117198
1645245579925 1 11.799345000000002 0 337705 0.2136 0.00017441860465117198
1645245583890 1 11.785904000000002 0 366374 0.23159999999999997 0.00017441860465117198
1645245588236 1 11.527329000000002 0 352030 0.22200000000000003 0.00017441860465117198
1645245592208 1 11.518109000000003 0 371605 0.2333 0.00017441860465117198
1645245596269 1 11.510495000000006 0 385670 0.2431 0.00017441860465117198
1645245600246 1 11.502678000000003 0 374050 0.2351 0.00017441860465117198
1645245603688 1 11.993037000000001 0 367058 0.23149999999999998 0.00017441860465117198
1645245607689 1 11.983440000000002 0 377983 0.2383 0.00017441860465117198
1645245611874 1 11.970009000000005 0 326924 0.20539999999999997 0.00017441860465117198
1645245615960 1 11.686740999999998 0 388939 0.24500000000000002 0.00017441860465117198
1645245620068 1 11.679139000000006 0 392939 0.2479 0.00017441860465117198
1645245623963 1 11.669970000000006 0 362131 0.22759999999999997 0.00017441860465117198
1645245628140 1 11.662473000000006 0 402712 0.25470000000000004 0.00017441860465117198
1645245631820 1 11.903136000000003 0 327400 0.2057 0.00017441860465117198
1645245635983 1 11.648742999999996 0 401133 0.2537 0.00017441860465117198
1645245640110 1 11.642693000000008 0 317452 0.1995 0.00017441860465117198
1645245644197 1 11.634546 0 391753 0.24700000000000003 0.00017441860465117198
1645245647752 1 11.876546000000005 0 384934 0.24300000000000002 0.00017441860465117198
1645245652184 1 11.607516000000004 0 367179 0.23079999999999998 0.00017441860465117198
1645245656255 1 11.60002 0 387965 0.24489999999999998 0.00017441860465117198
1645245659974 1 11.828125999999997 0 333821 0.2096 0.00017441860465117198
1645245664085 1 11.567166999999998 0 394452 0.2487 0.00017441860465117198
1645245667815 1 11.791877 0 409513 0.2575 0.00017441860465117198
1645245671943 1 11.786026000000007 0 307174 0.1968 0.00017441860465117198
1645245676227 1 11.522193999999999 0 420407 0.264 0.00017441860465117198
1645245680029 1 11.767471 0 340231 0.21549999999999997 0.00017441860465117198
1645245684025 1 11.755493999999999 0 374730 0.23650000000000002 0.00017441860465117198
1645245687864 1 11.990880000000004 0 353022 0.2209 0.00017441860465117198
1645245691978 1 11.69726700000001 0 393253 0.24780000000000002 0.00017441860465117198
1645245695933 1 11.686499999999995 0 368813 0.23149999999999998 0.00017441860465117198
1645245699927 1 11.688727 0 372578 0.2351 0.00017441860465117198
1645245703924 1 11.893156000000005 0 374507 0.2364 0.00017441860465117198
1645245707915 1 11.886393999999996 0 372824 0.2355 0.00017441860465117198
1645245712098 1 11.62617499999999 0 326437 0.20459999999999998 0.00017441860465117198
1645245716125 1 11.621172999999999 0 383127 0.2411 0.00017441860465117198
1645245719765 1 11.85919100000001 0 400632 0.2517 0.00017441860465117198
1645245724043 1 11.603922000000011 0 342596 0.2152 0.00017441860465117198
1645245728233 1 11.597448000000014 0 407655 0.2576 0.00017441860465117198
1645245731971 1 11.838695999999999 0 337450 0.2124 0.00017441860465117198
1645245735816 1 11.924162999999993 0 404220 0.2541 0.00017441860465117198
1645245739781 0 11.902929999999998 0 128759 0.08120000000000001 0.00017441860465117198
1645245744166 0 11.645281000000011 0 199367 0.12490000000000001 0.00006976744186043549
1645245748182 0 11.630909000000003 0 220759 0.1386 0.00006976744186043549
1645245751745 0 11.873883000000006 0 149511 0.0948 0.00006976744186043549
1645245756111 0 11.616409000000004 0 118879 0.0742 0.00006976744186043549
1645245759760 0 11.856333000000006 0 85418 0.053500000000000006 0.00006976744186043549
1645245763849 0 11.852621999999997 0 68807 0.0423 0.00006976744186043549
1645245767807 0 11.846247000000005 0 132565 0.0832 0.00006976744186043549
1645245772173 0 11.589922000000001 0 117262 0.0738 0.00006976744186043549
1645245776034 0 11.583507999999995 0 116418 0.0728 0.00006976744186043549
1645245780066 0 11.575254000000001 0 223024 0.14079999999999998 0.00006976744186043549
1645245784036 0 11.820290999999997 0 214538 0.1348 0.00006976744186043549
1645245788299 0 11.556801000000007 0 178191 0.1119 0.00006976744186043549
1645245791953 0 11.753945000000016 0 161454 0.1014 0.00006976744186043549
1645245795914 0 11.747034000000014 0 212225 0.133 0.00006976744186043549
1645245799780 0 11.991444000000001 0 195858 0.12350000000000001 0.00006976744186043549
1645245803651 0 11.982281 0 119665 0.0747 0.00006976744186043549
1645245807973 0 11.724955000000023 0 108667 0.0691 0.00006976744186043549
1645245812010 0 11.719793999999979 0 64782 0.0398 0.00006976744186043549
1645245815675 0 11.961452000000008 0 87523 0.054700000000000006 0.00006976744186043549
1645245819780 0 11.955640000000017 0 155607 0.0977 0.00006976744186043549
1645245824043 0 11.697561000000007 0 100404 0.0634 0.00006976744186043549
1645245827817 0 11.942897000000016 0 183614 0.11479999999999999 0.00006976744186043549
1645245831682 0 11.933904999999982 0 197686 0.1237 0.00006976744186043549
1645245836165 0 11.675294000000008 0 217520 0.1366 0.00006976744186043549
1645245840109 0 11.66664000000003 0 132353 0.08299999999999999 0.00006976744186043549
1645245844002 0 11.657787999999982 0 199853 0.126 0.00006976744186043549
1645245848041 0 11.645758999999998 0 225614 0.141 0.00006976744186043549
1645245852112 0 11.640483000000017 0 150477 0.09459999999999999 0.00006976744186043549
1645245855989 0 11.631867999999997 0 117995 0.0745 0.00006976744186043549
1645245860142 0 11.627076999999986 0 86503 0.0534 0.00006976744186043549
1645245864183 0 11.617991000000018 0 67335 0.0421 0.00006976744186043549
1645245868167 0 11.608202000000006 0 132169 0.0833 0.00006976744186043549
1645245872050 0 11.598116000000005 0 118800 0.0754 0.00006976744186043549
1645245875906 0 11.844343999999978 0 116618 0.0728 0.00006976744186043549

