1645233309567 1 3.999999 1467 346799 0.1349 -6.3081
1645233312722 3 4.861916 0 755039 0.29460000000000003 0.000174418604651283
1645233316084 3 5.548349000000001 0 835161 0.3265 0.00043023255813956496
1645233319742 3 5.8924710000000005 0 908792 0.35550000000000004 0.00043023255813956496
1645233322986 3 6.649080999999999 0 804438 0.3147 0.00043023255813956496
1645233326329 3 7.304818999999998 0 828659 0.3238 0.00043023255813956496
1645233330100 3 7.534858999999997 0 937332 0.3668 0.00043023255813956496
1645233333295 3 8.346522999999998 0 776416 0.30369999999999997 0.00043023255813956496
1645233337409 3 8.226575000000004 0 1025687 0.4006 0.00043023255813956496
1645233340698 3 8.935963000000001 0 815426 0.3187 0.00043023255813956496
1645233346651 3 6.984443000000006 0 884625 0.5854 0.00043023255813956496
1645233349217 2 8.416964 0 575427 0.22759999999999997 0.00043023255813956496
1645233351593 2 10.040446000000003 0 582800 0.2264 0.00027906976744174194
1645233354119 2 11.51764 0 619183 0.2414 0.00027906976744174194
1645233358033 2 11.700137000000005 0 592095 0.2312 0.00027906976744174194
1645233361934 2 11.943139000000002 0 588643 0.2303 0.00027906976744174194
1645233366011 3 11.670389 0 884128 0.34550000000000003 0.000279069767441964
1645233369849 3 11.90898 0 828263 0.3238 0.00043023255813956496
1645233373781 3 11.852688 0 981175 0.3835 0.00043023255813956496
1645233378057 3 11.638991000000004 0 939007 0.3673 0.00043023255813956496
1645233381948 3 11.878028 0 841370 0.3294 0.00043023255813956496
1645233385758 3 11.875565000000009 0 947658 0.3708 0.00043023255813956496
1645233390100 3 11.60902800000001 0 828958 0.3237 0.00043023255813956496
1645233396340 3 9.29316200000001 0 977791 0.6134999999999999 0.00043023255813956496
1645233398651 2 10.982173000000003 0 516287 0.20539999999999997 0.00043023255813956496
1645233402205 2 11.585164000000006 0 627180 0.2447 0.00027906976744174194
1645233406158 2 11.577925000000008 0 603841 0.2355 0.00027906976744174194
1645233410031 2 11.823093999999998 0 582703 0.2271 0.00027906976744174194
1645233414074 2 11.559928999999997 0 626605 0.2448 0.00027906976744174194
1645233417829 3 11.804831000000007 0 808061 0.3155 0.000279069767441964
1645233421826 3 11.807545000000005 0 995677 0.3893 0.00043023255813956496
1645233426041 3 11.787908999999999 0 924757 0.36150000000000004 0.00043023255813956496
1645233430309 3 11.523562999999996 0 808228 0.3162 0.00043023255813956496
1645233434376 3 11.257129000000006 0 1014212 0.3966 0.00043023255813956496
1645233440376 3 9.257665000000003 0 845218 0.5896 0.00043023255813956496
1645233442934 2 10.705006999999995 0 594286 0.23559999999999998 0.00043023255813956496
1645233445884 2 11.928821999999997 0 599508 0.2343 0.00027906976744174194
1645233449827 2 11.978657999999996 0 599347 0.23410000000000003 0.00027906976744174194
1645233453823 2 11.96674999999999 0 609977 0.2391 0.00027906976744174194
1645233457784 2 11.957628999999997 0 604926 0.2359 0.00027906976744174194
1645233462063 3 11.693386000000004 0 940743 0.36760000000000004 0.000279069767441964
1645233466107 3 11.68293700000001 0 877888 0.3443 0.00043023255813956496
1645233472089 3 9.544588000000005 0 839766 0.5881000000000001 0.00043023255813956496
1645233474742 2 10.891555000000011 0 618775 0.2455 0.00043023255813956496
1645233477854 2 11.911260999999996 0 642262 0.25070000000000003 0.00027906976744174194
1645233482119 2 11.653956999999991 0 553119 0.2162 0.00027906976744174194
1645233486225 2 11.642167999999998 0 640678 0.2504 0.00027906976744174194
1645233489921 2 11.885055999999992 0 535087 0.20929999999999999 0.00027906976744174194
1645233493844 3 11.796222999999998 0 974212 0.3805 0.000279069767441964
1645233497843 3 11.865420999999998 0 867483 0.3392 0.00043023255813956496
1645233501809 3 11.826573999999994 0 987232 0.3861 0.00043023255813956496
1645233506011 3 11.85430199999999 0 921956 0.36019999999999996 0.00043023255813956496
1645233509685 3 11.949024000000009 0 913803 0.3577 0.00043023255813956496
1645233516073 3 9.559845999999993 0 958215 0.6287 0.00043023255813956496
1645233518370 2 11.263616000000013 0 530643 0.21030000000000001 0.00043023255813956496
1645233522021 2 11.818002000000007 0 652691 0.2546 0.00027906976744174194
1645233526001 2 11.812923000000012 0 609815 0.2378 0.00027906976744174194
1645233530233 2 11.55452600000001 0 544612 0.2129 0.00027906976744174194
1645233534304 2 11.546021999999994 0 632508 0.2472 0.00027906976744174194
1645233537808 3 11.824804 0 869418 0.3403 0.000279069767441964
1645233541921 3 11.777051 0 897686 0.3514 0.00043023255813956496
1645233548373 3 9.260027000000008 0 960141 0.6353 0.00043023255813956496
1645233550996 2 10.636975000000007 0 613859 0.2427 0.00043023255813956496
1645233553977 2 11.753104000000008 0 608720 0.23759999999999998 0.00027906976744174194
1645233557947 2 11.741119999999995 0 606705 0.2359 0.00027906976744174194
1645233561865 2 11.984577999999999 0 593343 0.23220000000000002 0.00027906976744174194
1645233565759 2 11.979623000000004 0 587405 0.22959999999999997 0.00027906976744174194
1645233570137 3 11.716350999999975 0 835562 0.3267 0.000279069767441964
1645233574093 3 11.541367999999977 0 986170 0.3856 0.00043023255813956496
1645233577937 3 11.701917999999978 0 955812 0.374 0.00043023255813956496
1645233581810 3 11.93285000000003 0 837688 0.3272 0.00043023255813956496
1645233588272 3 9.361251999999979 0 972932 0.6361 0.00043023255813956496
1645233590581 2 11.051327000000015 0 530123 0.21030000000000001 0.00043023255813956496
1645233594204 2 11.661298999999985 0 646460 0.2521 0.00027906976744174194
1645233597921 2 11.90048200000001 0 544018 0.21150000000000002 0.00027906976744174194
1645233602016 2 11.644708999999978 0 639772 0.2492 0.00027906976744174194
1645233606031 2 11.637699999999995 0 616543 0.24100000000000002 0.00027906976744174194
1645233610096 3 11.627113000000008 0 884740 0.34609999999999996 0.000279069767441964
1645233613986 3 11.648340000000019 0 968599 0.37879999999999997 0.00043023255813956496
1645233619994 3 9.640593000000024 0 848189 0.5905 0.00043023255813956496
1645233622713 2 10.91994699999998 0 638300 0.2524 0.00043023255813956496
1645233626261 2 11.599251999999979 0 626429 0.24409999999999998 0.00027906976744174194
1645233629969 2 11.843952000000002 0 538866 0.2101 0.00027906976744174194
1645233634060 2 11.583979 0 636237 0.24830000000000002 0.00027906976744174194
1645233637965 2 11.829510000000028 0 590006 0.2312 0.00027906976744174194

