1645242135458 1 3.999999 807 346799 0.06989999999999999 -3.4701
1645242138314 4 5.161591 0 1312552 0.2631 0.000174418604651283
1645242141193 4 6.282778 0 1383123 0.2779 0.000662790697674609
1645242144217 4 7.262869 0 1451767 0.29159999999999997 0.000662790697674609
1645242146947 4 8.528377999999998 0 1308083 0.263 0.000662790697674609
1645242149661 4 9.816320999999999 0 1299338 0.2612 0.000662790697674609
1645242152684 4 10.791383 0 1453833 0.2923 0.000662790697674609
1645242155915 4 11.790395 0 1280990 0.2592 0.000662790697674609
1645242159763 4 11.785446000000004 0 1612910 0.3245 0.000662790697674609
1645242163813 4 11.780509000000002 0 1213987 0.24369999999999997 0.000662790697674609
1645242168193 4 11.514954000000003 0 1380918 0.2779 0.000662790697674609
1645242171974 4 11.504570000000001 0 1334467 0.2678 0.000662790697674609
1645242175519 4 11.996864000000002 0 1463126 0.2943 0.000662790697674609
1645242179494 4 11.986247000000006 0 1421742 0.2858 0.000662790697674609
1645242183988 4 11.722889000000002 0 1436771 0.2891 0.000662790697674609
1645242187959 4 11.714798000000002 0 1425347 0.2868 0.000662790697674609
1645242191820 4 11.700021 0 1366001 0.2742 0.000662790697674609
1645242196007 4 11.608024 0 1281785 0.2576 0.000662790697674609
1645242199653 4 11.851579000000001 0 1514044 0.3043 0.000662790697674609
1645242203641 4 11.843173000000007 0 1432783 0.2883 0.000662790697674609
1645242208058 4 11.586155000000005 0 1401397 0.2821 0.000662790697674609
1645242212080 4 11.579113000000007 0 1450362 0.2919 0.000662790697674609
1645242215727 4 11.819703000000004 0 1266375 0.2545 0.000662790697674609
1645242219863 4 11.810347000000007 0 1497932 0.3003 0.000662790697674609
1645242224090 4 11.555069000000003 0 1308773 0.2632 0.000662790697674609
1645242227741 4 11.800268000000003 0 1516715 0.3049 0.000662790697674609
1645242232183 4 11.537024000000002 0 1407805 0.2831 0.000662790697674609
1645242236133 4 11.529173 0 1394624 0.2805 0.000662790697674609
1645242239768 4 11.768845999999996 0 1502056 0.3021 0.000662790697674609
1645242243938 4 11.756504000000007 0 1276395 0.2566 0.000662790697674609
1645242248020 4 11.499909000000002 0 1480768 0.29769999999999996 0.000662790697674609
1645242251590 4 11.995863 0 1473992 0.2967 0.000662790697674609
1645242255836 4 11.735523 0 1306146 0.2631 0.000662790697674609
1645242259581 4 11.977079000000003 0 1565699 0.3146 0.000662790697674609
1645242263736 4 11.956210999999996 0 1268922 0.255 0.000662790697674609
1645242267665 4 11.947867000000002 0 1406335 0.2828 0.000662790697674609
1645242271550 4 11.938539999999989 0 1381377 0.2778 0.000662790697674609
1645242275625 4 11.926140000000004 0 1475162 0.2968 0.000662790697674609
1645242279605 4 11.91503800000001 0 1430482 0.288 0.000662790697674609
1645242283621 4 11.905440999999996 0 1439994 0.28959999999999997 0.000662790697674609
1645242288047 4 11.648312000000004 0 1405476 0.2823 0.000662790697674609
1645242291925 4 11.641987 0 1382866 0.27799999999999997 0.000662790697674609
1645242295651 4 11.883815999999996 0 1303196 0.262 0.000662790697674609
1645242299853 4 11.870626000000016 0 1538814 0.3095 0.000662790697674609
1645242303840 4 11.86327399999999 0 1423261 0.2867 0.000662790697674609
1645242307712 4 11.857635000000016 0 1377859 0.27690000000000003 0.000662790697674609
1645242312122 4 11.591035000000005 0 1396488 0.2807 0.000662790697674609
1645242315767 4 11.833963000000011 0 1265878 0.2543 0.000662790697674609
1645242319863 4 11.824399 0 1474721 0.2968 0.000662790697674609
1645242323722 4 11.817966000000013 0 1357016 0.2727 0.000662790697674609
1645242327856 4 11.806450000000012 0 1508969 0.3033 0.000662790697674609
1645242331821 4 11.798131000000012 0 1420161 0.2855 0.000662790697674609
1645242335729 4 11.791376000000014 0 1394798 0.2805 0.000662790697674609
1645242339839 4 11.784727000000004 0 1499654 0.3015 0.000662790697674609
1645242344116 4 11.525660000000016 0 1323592 0.26589999999999997 0.000662790697674609
1645242348190 4 11.613688999999994 0 1477260 0.2974 0.000662790697674609
1645242351755 4 11.85963000000001 0 1474833 0.2965 0.000662790697674609
1645242355980 4 11.845399000000015 0 1299401 0.2616 0.000662790697674609
1645242359805 4 11.829167000000012 0 1595638 0.321 0.000662790697674609
1645242363987 4 11.823313000000013 0 1282380 0.2577 0.000662790697674609
1645242367915 4 11.812508000000008 0 1402228 0.282 0.000662790697674609
1645242371838 4 11.805433999999991 0 1404885 0.2826 0.000662790697674609
1645242375867 4 11.796351000000016 0 1453425 0.2926 0.000662790697674609
1645242379889 4 11.788934000000012 0 1453998 0.2927 0.000662790697674609
1645242383851 4 11.77770799999999 0 1424197 0.28650000000000003 0.000662790697674609
1645242388297 4 11.511202999999995 0 1409895 0.2841 0.000662790697674609
1645242392187 4 11.50054399999999 0 1381516 0.2781 0.000662790697674609
1645242395897 4 11.745772999999986 0 1298461 0.261 0.000662790697674609
1645242400079 4 11.741213000000016 0 1530017 0.3073 0.000662790697674609
1645242404081 4 11.733113000000003 0 1437352 0.2891 0.000662790697674609
1645242407893 4 11.721970999999996 0 1344879 0.271 0.000662790697674609
1645242411990 4 11.712707000000023 0 1490910 0.3001 0.000662790697674609
1645242415636 4 11.959895000000017 0 1264017 0.2542 0.000662790697674609
1645242419668 4 11.946971000000019 0 1458446 0.2932 0.000662790697674609
1645242424029 4 11.689768000000015 0 1366050 0.2751 0.000662790697674609
1645242427729 4 11.92327499999999 0 1540108 0.3093 0.000662790697674609
1645242431684 4 11.914206999999976 0 1421303 0.2859 0.000662790697674609
1645242436019 4 11.653485999999987 0 1359213 0.2734 0.000662790697674609
1645242440180 4 11.64590400000003 0 1514199 0.3048 0.000662790697674609
1645242443889 4 11.88210300000003 0 1296661 0.2606 0.000662790697674609
1645242449532 4 10.046157999999991 0 1340186 0.5543 0.000662790697674609
1645242452801 4 10.77840900000001 0 1478975 0.3054 0.000662790697674609
1645242455609 4 11.974740999999995 0 1342511 0.2696 0.000662790697674609
1645242459784 4 11.846008999999981 0 1527618 0.30670000000000003 0.000662790697674609
1645242463994 4 11.58990399999999 0 1297467 0.26080000000000003 0.000662790697674609

