1645228718829 1 3.999999 1192 346799 0.1055 -5.1255999999999995
1645228719710 0 7.129298 0 213385 0.0638 0.00017441860465117198
1645228720244 0 10.601702000000001 0 141806 0.0432 0.00006976744186043549
1645228723193 0 11.693218000000002 0 112578 0.0339 0.00006976744186043549
1645228727063 0 11.939706 0 80671 0.0274 0.00006976744186043549
1645228730914 0 11.936202999999999 0 68729 0.0251 0.00006976744186043549
1645228734995 0 11.925214 0 137895 0.046400000000000004 0.00006976744186043549
1645228738985 0 11.915163 0 114138 0.038900000000000004 0.00006976744186043549
1645228743016 0 11.908421000000004 0 126013 0.0432 0.00006976744186043549
1645228747327 0 11.649866000000003 0 217236 0.0697 0.00006976744186043549
1645228751142 0 11.888096000000004 0 219398 0.0705 0.00006976744186043549
1645228755330 0 11.630122 0 177648 0.058499999999999996 0.00006976744186043549
1645228758977 0 11.872809000000004 0 166856 0.05450000000000001 0.00006976744186043549
1645228763300 0 11.614444000000006 0 223685 0.07239999999999999 0.00006976744186043549
1645228767067 0 11.860342000000003 0 206455 0.0668 0.00006976744186043549
1645228771081 0 11.854232000000003 0 121534 0.041299999999999996 0.00006976744186043549
1645228775041 0 11.843193 0 105092 0.0358 0.00006976744186043549
1645228779370 0 11.581701000000002 0 63086 0.0228 0.00006976744186043549
1645228783281 0 11.564075000000003 0 87739 0.0306 0.00006976744186043549
1645228787385 0 11.558761000000004 0 152905 0.0503 0.00006976744186043549
1645228791348 0 11.551674000000006 0 100587 0.0356 0.00006976744186043549
1645228795058 0 11.796242000000007 0 186001 0.060399999999999995 0.00006976744186043549
1645228799316 0 11.539054000000007 0 201620 0.0654 0.00006976744186043549
1645228803125 0 11.778953999999999 0 218012 0.0703 0.00006976744186043549
1645228807234 0 11.769581000000002 0 123058 0.0416 0.00006976744186043549
1645228811478 0 11.512875000000008 0 198856 0.0646 0.00006976744186043549
1645228815315 0 11.757491000000002 0 223061 0.07189999999999999 0.00006976744186043549
1645228818893 0 11.995244999999997 0 143385 0.047599999999999996 0.00006976744186043549
1645228822886 0 11.988808000000006 0 117021 0.0391 0.00006976744186043549
1645228827276 0 11.728750000000005 0 83595 0.0293 0.00006976744186043549
1645228831131 0 11.720826000000002 0 68011 0.0252 0.00006976744186043549
1645228835184 0 11.703596000000005 0 134264 0.0451 0.00006976744186043549
1645228839177 0 11.700356 0 113722 0.0395 0.00006976744186043549
1645228843189 0 11.688195000000007 0 122694 0.0403 0.00006976744186043549
1645228846984 0 11.933086000000003 0 215146 0.0697 0.00006976744186043549
1645228851270 0 11.672537000000005 0 213339 0.06889999999999999 0.00006976744186043549
1645228854951 0 11.912056000000007 0 176949 0.057999999999999996 0.00006976744186043549
1645228859074 0 11.903478000000007 0 158356 0.0522 0.00006976744186043549
1645228863402 0 11.647111999999993 0 219852 0.0727 0.00006976744186043549
1645228867139 0 11.890996999999999 0 196864 0.0645 0.00006976744186043549
1645228871129 0 11.878006 0 116610 0.0391 0.00006976744186043549
1645228875099 0 11.872495000000015 0 107223 0.0369 0.00006976744186043549
1645228879433 0 11.617834000000016 0 64332 0.0234 0.00006976744186043549
1645228883352 0 11.603205000000003 0 88753 0.0308 0.00006976744186043549
1645228887458 0 11.594402000000002 0 153489 0.0509 0.00006976744186043549
1645228891411 0 11.584355000000016 0 101805 0.0351 0.00006976744186043549
1645228895129 0 11.831418000000014 0 186822 0.0613 0.00006976744186043549
1645228899384 0 11.572099000000009 0 200149 0.0654 0.00006976744186043549
1645228903182 0 11.812822000000011 0 215305 0.06949999999999999 0.00006976744186043549
1645228907218 0 11.80537000000001 0 128759 0.0438 0.00006976744186043549
1645228911474 0 11.545193000000012 0 199367 0.0651 0.00006976744186043549
1645228915286 0 11.784116000000012 0 220759 0.0715 0.00006976744186043549
1645228919382 0 11.528198000000003 0 149511 0.0496 0.00006976744186043549
1645228923379 0 11.520419000000004 0 118879 0.039900000000000005 0.00006976744186043549
1645228927278 0 11.76580899999999 0 85418 0.0301 0.00006976744186043549
1645228931126 0 11.758036000000004 0 68807 0.0249 0.00006976744186043549
1645228935162 0 11.752861999999993 0 132565 0.0442 0.00006976744186043549
1645228939158 0 11.745995999999991 0 117262 0.0397 0.00006976744186043549
1645228943151 0 11.735794999999996 0 116418 0.0397 0.00006976744186043549
1645228946973 0 11.979962999999998 0 223024 0.0722 0.00006976744186043549
1645228951268 0 11.722823000000005 0 214538 0.06939999999999999 0.00006976744186043549
1645228954949 0 11.965564999999998 0 178191 0.0586 0.00006976744186043549
1645228959076 0 11.95811599999999 0 161454 0.053200000000000004 0.00006976744186043549
1645228963361 0 11.69510600000001 0 212225 0.0683 0.00006976744186043549
1645228967098 0 11.936281000000008 0 195858 0.0641 0.00006976744186043549
1645228971100 0 11.929957000000002 0 119665 0.040100000000000004 0.00006976744186043549
1645228975065 0 11.923260000000028 0 108667 0.037 0.00006976744186043549
1645228979411 0 11.660689999999988 0 64782 0.0242 0.00006976744186043549
1645228983317 0 11.651656000000003 0 87523 0.030699999999999998 0.00006976744186043549
1645228987430 0 11.647401000000002 0 155607 0.0512 0.00006976744186043549
1645228991370 0 11.641818999999998 0 100404 0.034699999999999995 0.00006976744186043549
1645228995066 0 11.882301999999981 0 183614 0.059899999999999995 0.00006976744186043549
1645228999306 0 11.627084000000025 0 197686 0.064 0.00006976744186043549
1645229003104 0 11.863998999999978 0 217520 0.07039999999999999 0.00006976744186043549
1645229007140 0 11.857886000000008 0 132353 0.0441 0.00006976744186043549
1645229011399 0 11.604487000000006 0 199853 0.0654 0.00006976744186043549
1645229015228 0 11.84865000000002 0 225614 0.0725 0.00006976744186043549
1645229019323 0 11.59181000000001 0 150477 0.0496 0.00006976744186043549
1645229023319 0 11.58168599999999 0 117995 0.04 0.00006976744186043549
1645229027219 0 11.822991000000002 0 86503 0.03 0.00006976744186043549
1645229031068 0 11.817743000000007 0 67335 0.0249 0.00006976744186043549
1645229035118 0 11.81167499999998 0 132169 0.045 0.00006976744186043549
1645229039117 0 11.804757999999993 0 118800 0.039900000000000005 0.00006976744186043549
1645229043107 0 11.796780000000012 0 116618 0.038900000000000004 0.00006976744186043549
1645229047417 0 11.540589000000011 0 222296 0.0716 0.00006976744186043549

