1645252743156 1 3.999999 2496 346799 0.23690000000000003 -10.7328
1645252745749 1 5.415544 0 363755 0.24830000000000002 0.00017441860465117198
1645252748329 1 6.840293000000001 0 362842 0.24710000000000001 0.00017441860465117198
1645252751050 1 8.116572000000001 0 384791 0.2616 0.00017441860465117198
1645252753463 1 9.703237 0 339137 0.2307 0.00017441860465117198
1645252756237 1 10.927878 0 393219 0.2683 0.00017441860465117198
1645252759605 1 11.718947 0 406206 0.27690000000000003 0.00017441860465117198
1645252763273 1 11.964430999999998 0 303135 0.207 0.00017441860465117198
1645252767703 1 11.708694000000001 0 414092 0.2826 0.00017441860465117198
1645252771606 1 11.699635000000004 0 337705 0.2293 0.00017441860465117198
1645252775713 1 11.692944000000004 0 366374 0.2505 0.00017441860465117198
1645252779718 1 11.684629000000001 0 352030 0.2404 0.00017441860465117198
1645252783357 1 11.928662000000003 0 371605 0.2539 0.00017441860465117198
1645252787603 1 11.663941000000001 0 385670 0.2642 0.00017441860465117198
1645252791267 1 11.908896000000006 0 374050 0.2557 0.00017441860465117198
1645252795380 1 11.899081000000002 0 367058 0.2506 0.00017441860465117198
1645252799570 1 11.634907000000005 0 377983 0.2585 0.00017441860465117198
1645252803407 1 11.879036 0 326924 0.2237 0.00017441860465117198
1645252807662 1 11.623344000000003 0 388939 0.265 0.00017441860465117198
1645252811448 1 11.864274000000009 0 392939 0.2682 0.00017441860465117198
1645252815521 1 11.855612000000008 0 362131 0.2473 0.00017441860465117198
1645252819375 1 11.85106900000001 0 402712 0.2746 0.00017441860465117198
1645252823712 1 11.591507000000007 0 327400 0.2234 0.00017441860465117198
1645252827560 1 11.831243 0 401133 0.2741 0.00017441860465117198
1645252831818 1 11.571574999999996 0 317452 0.2162 0.00017441860465117198
1645252835600 1 11.813511000000005 0 391753 0.267 0.00017441860465117198
1645252839828 1 11.549883000000008 0 384934 0.263 0.00017441860465117198
1645252843448 1 11.794547000000009 0 367179 0.25 0.00017441860465117198
1645252847714 1 11.536333999999997 0 387965 0.2667 0.00017441860465117198
1645252851594 1 11.780220999999997 0 333821 0.2277 0.00017441860465117198
1645252855887 1 11.521927000000005 0 394452 0.2694 0.00017441860465117198
1645252859776 1 11.504258000000007 0 409513 0.2787 0.00017441860465117198
1645252863478 1 11.746657999999996 0 307174 0.2101 0.00017441860465117198
1645252867459 1 11.737025000000003 0 420407 0.2872 0.00017441860465117198
1645252871392 1 11.976670000000013 0 340231 0.2314 0.00017441860465117198
1645252875550 1 11.713170999999988 0 374730 0.2555 0.00017441860465117198
1645252879557 1 11.70414199999999 0 353022 0.2404 0.00017441860465117198
1645252883344 1 11.949086999999992 0 393253 0.268 0.00017441860465117198
1645252887450 1 11.938064999999995 0 368813 0.2506 0.00017441860465117198
1645252891599 1 11.680093999999997 0 372578 0.2548 0.00017441860465117198
1645252895263 1 11.915502000000004 0 374507 0.2559 0.00017441860465117198
1645252899410 1 11.91117700000001 0 372824 0.2549 0.00017441860465117198
1645252903749 1 11.654907000000009 0 326437 0.22360000000000002 0.00017441860465117198
1645252907481 1 11.899442999999991 0 383127 0.2619 0.00017441860465117198
1645252911309 1 11.891655000000014 0 400632 0.2722 0.00017441860465117198
1645252915748 1 11.634892000000008 0 342596 0.2334 0.00017441860465117198
1645252919629 1 11.630535000000009 0 407655 0.2779 0.00017441860465117198
1645252923538 1 11.870082999999994 0 337450 0.2307 0.00017441860465117198
1645252927412 1 11.86480800000001 0 404220 0.2767 0.00017441860465117198
1645252931776 1 11.609298999999993 0 331794 0.22690000000000002 0.00017441860465117198
1645252935545 1 11.85482300000001 0 390086 0.2663 0.00017441860465117198
1645252939782 1 11.598898999999989 0 387516 0.2642 0.00017441860465117198
1645252943383 1 11.840581000000014 0 365827 0.2496 0.00017441860465117198
1645252947665 1 11.579785000000015 0 392579 0.2681 0.00017441860465117198
1645252951574 1 11.818016999999998 0 337939 0.23090000000000002 0.00017441860465117198
1645252955461 1 11.808593000000002 0 406896 0.2777 0.00017441860465117198
1645252959719 1 11.552684 0 390582 0.2661 0.00017441860465117198
1645252963578 1 11.790798999999993 0 328479 0.2253 0.00017441860465117198
1645252967412 1 11.778714000000008 0 399016 0.2723 0.00017441860465117198
1645252971556 1 11.77211299999999 0 370990 0.2536 0.00017441860465117198
1645252975692 1 11.518010000000004 0 371149 0.25329999999999997 0.00017441860465117198
1645252979839 1 11.506536000000011 0 372261 0.25379999999999997 0.00017441860465117198
1645252983626 1 11.749154000000004 0 394237 0.2692 0.00017441860465117198
1645252987246 1 11.991127000000006 0 368311 0.2516 0.00017441860465117198
1645252991453 1 11.729970000000009 0 381418 0.26 0.00017441860465117198
1645252995570 1 11.724823000000015 0 368451 0.2515 0.00017441860465117198
1645252999218 1 11.969335000000001 0 371908 0.2548 0.00017441860465117198
1645253003568 1 11.710887000000014 0 328352 0.22440000000000002 0.00017441860465117198
1645253007248 1 11.95525600000002 0 379027 0.2579 0.00017441860465117198
1645253011631 1 11.696331999999984 0 407465 0.27749999999999997 0.00017441860465117198
1645253015513 1 11.684463999999991 0 333046 0.22749999999999998 0.00017441860465117198
1645253019478 1 11.913126999999974 0 416856 0.2842 0.00017441860465117198
1645253023369 1 11.90606600000001 0 335171 0.22890000000000002 0.00017441860465117198
1645253027716 1 11.64412900000002 0 401613 0.2745 0.00017441860465117198
1645253031625 1 11.636499000000015 0 337330 0.2307 0.00017441860465117198
1645253035407 1 11.878964999999994 0 391244 0.26739999999999997 0.00017441860465117198
1645253039657 1 11.622790000000009 0 387864 0.2651 0.00017441860465117198
1645253043742 1 11.616506000000015 0 363813 0.2485 0.00017441860465117198
1645253047526 1 11.862893999999983 0 391839 0.2683 0.00017441860465117198
1645253051425 1 11.854602 0 336898 0.2298 0.00017441860465117198
1645253055640 1 11.596667000000025 0 381135 0.2611 0.00017441860465117198
1645253059389 1 11.839597000000026 0 386654 0.2637 0.00017441860465117198
1645253063374 1 11.825292999999988 0 347396 0.238 0.00017441860465117198
1645253067659 1 11.569879000000014 0 392538 0.2681 0.00017441860465117198

