1645250232617 1 3.999999 780 346799 0.0673 -3.354
1645250234294 3 6.3430159999999995 0 755039 0.1463 0.000174418604651283
1645250236027 3 8.608164 0 835161 0.1621 0.00043023255813956496
1645250237895 3 10.739007 0 908792 0.1757 0.00043023255813956496
1645250241060 3 11.766765999999999 0 804438 0.156 0.00043023255813956496
1645250245272 3 11.510091 0 828659 0.1612 0.00043023255813956496
1645250248775 3 11.998656999999998 0 937332 0.1899 0.00043023255813956496
1645250252898 3 11.742016 0 776416 0.1514 0.00043023255813956496
1645250256991 3 11.725552000000004 0 1025687 0.1995 0.00043023255813956496
1645250260692 3 11.968996000000004 0 815426 0.15760000000000002 0.00043023255813956496
1645250265015 3 11.712603000000001 0 884625 0.1721 0.00043023255813956496
1645250268871 3 11.959627000000005 0 904952 0.17609999999999998 0.00043023255813956496
1645250272832 3 11.946015000000003 0 954418 0.1854 0.00043023255813956496
1645250276707 3 11.937325000000001 0 910446 0.1775 0.00043023255813956496
1645250281100 3 11.677418000000003 0 922454 0.1794 0.00043023255813956496
1645250285041 3 11.667404000000005 0 942842 0.1832 0.00043023255813956496
1645250288857 3 11.913848000000002 0 884128 0.1718 0.00043023255813956496
1645250293073 3 11.655889000000002 0 828263 0.16140000000000002 0.00043023255813956496
1645250297105 3 11.644317000000001 0 981175 0.1905 0.00043023255813956496
1645250301033 3 11.633283000000006 0 939007 0.1825 0.00043023255813956496
1645250304771 3 11.879107000000005 0 841370 0.16319999999999998 0.00043023255813956496
1645250309216 3 11.621355000000008 0 947658 0.1842 0.00043023255813956496
1645250312978 3 11.856833000000009 0 828958 0.1605 0.00043023255813956496
1645250316993 3 11.848195000000004 0 977791 0.19019999999999998 0.00043023255813956496
1645250321241 3 11.585464000000002 0 847215 0.1649 0.00043023255813956496
1645250325238 3 11.577069000000009 0 978032 0.1903 0.00043023255813956496
1645250329155 3 11.568150000000003 0 934237 0.18180000000000002 0.00043023255813956496
1645250332986 3 11.812443000000002 0 889600 0.173 0.00043023255813956496
1645250337013 3 11.802796 0 988774 0.1925 0.00043023255813956496
1645250341186 3 11.544300000000007 0 808061 0.1571 0.00043023255813956496
1645250345228 3 11.536349999999999 0 995677 0.1937 0.00043023255813956496
1645250349130 3 11.529817000000008 0 924757 0.1799 0.00043023255813956496
1645250353297 3 11.515513999999996 0 808228 0.1571 0.00043023255813956496
1645250357365 3 11.505069000000006 0 1014212 0.1967 0.00043023255813956496
1645250361104 3 11.74333200000001 0 845218 0.16399999999999998 0.00043023255813956496
1645250364997 3 11.722171000000003 0 910767 0.17709999999999998 0.00043023255813956496
1645250368849 3 11.965033000000005 0 901777 0.1755 0.00043023255813956496
1645250372831 3 11.955511000000001 0 967347 0.188 0.00043023255813956496
1645250376755 3 11.949036000000007 0 935273 0.182 0.00043023255813956496
1645250381140 3 11.687008999999989 0 916928 0.1786 0.00043023255813956496
1645250385065 3 11.683588000000015 0 940743 0.1827 0.00043023255813956496
1645250388869 3 11.925569999999993 0 877888 0.1696 0.00043023255813956496
1645250393104 3 11.649074000000013 0 839766 0.1629 0.00043023255813956496
1645250397097 3 11.638226000000003 0 976062 0.1896 0.00043023255813956496
1645250401062 3 11.632650000000012 0 958353 0.1863 0.00043023255813956496
1645250404791 3 11.870497 0 836268 0.1628 0.00043023255813956496
1645250408775 3 11.86730399999999 0 968967 0.1887 0.00043023255813956496
1645250412980 3 11.856913999999989 0 825839 0.1609 0.00043023255813956496
1645250416972 3 11.85069200000001 0 974212 0.18939999999999999 0.00043023255813956496
1645250421263 3 11.590390000000014 0 867483 0.1691 0.00043023255813956496
1645250425284 3 11.583832000000001 0 987232 0.1914 0.00043023255813956496
1645250429179 3 11.573916999999994 0 921956 0.17909999999999998 0.00043023255813956496
1645250433059 3 11.818432999999999 0 913803 0.1774 0.00043023255813956496
1645250437029 3 11.806545 0 958215 0.1864 0.00043023255813956496
1645250441248 3 11.549130999999988 0 832934 0.162 0.00043023255813956496
1645250445310 3 11.538038 0 1005593 0.19590000000000002 0.00043023255813956496
1645250449230 3 11.531179000000009 0 935985 0.1822 0.00043023255813956496
1645250452892 3 11.774991 0 802415 0.1563 0.00043023255813956496
1645250456939 3 11.767307000000017 0 999009 0.194 0.00043023255813956496
1645250461230 3 11.506889999999999 0 869418 0.1692 0.00043023255813956496
1645250465077 3 11.75098700000001 0 897686 0.1748 0.00043023255813956496
1645250469055 3 11.728940999999992 0 960141 0.186 0.00043023255813956496
1645250472931 3 11.722459000000015 0 914618 0.1776 0.00043023255813956496
1645250476881 3 11.967960000000005 0 949031 0.1844 0.00043023255813956496
1645250480769 3 11.956277 0 919929 0.1787 0.00043023255813956496
1645250485179 3 11.694481999999994 0 930570 0.1807 0.00043023255813956496
1645250489014 3 11.689755999999988 0 894188 0.17370000000000002 0.00043023255813956496
1645250492738 3 11.92897800000003 0 835562 0.1623 0.00043023255813956496
1645250496751 3 11.922315000000026 0 986170 0.1917 0.00043023255813956496
1645250501206 3 11.665188999999998 0 955812 0.18580000000000002 0.00043023255813956496
1645250504930 3 11.91122200000001 0 837688 0.1629 0.00043023255813956496
1645250508925 3 11.902339999999981 0 972932 0.1893 0.00043023255813956496
1645250513094 3 11.64331900000002 0 807690 0.1565 0.00043023255813956496
1645250517075 3 11.636347999999998 0 968173 0.1881 0.00043023255813956496
1645250520865 3 11.873268999999993 0 872734 0.1692 0.00043023255813956496
1645250524894 3 11.859245999999985 0 991679 0.1928 0.00043023255813956496
1645250528812 3 11.821489999999983 0 930061 0.1802 0.00043023255813956496
1645250533136 3 11.559436000000005 0 884740 0.1722 0.00043023255813956496
1645250537126 3 11.552903000000015 0 968599 0.1886 0.00043023255813956496
1645250540872 3 11.795283999999981 0 848189 0.16419999999999998 0.00043023255813956496
1645250544890 3 11.785462999999993 0 989262 0.1924 0.00043023255813956496
1645250549298 3 11.525736999999992 0 929927 0.18080000000000002 0.00043023255813956496
1645250553045 3 11.75974500000001 0 845977 0.1644 0.00043023255813956496
1645250557106 3 11.752947000000006 0 1009703 0.196 0.00043023255813956496
1645250560878 3 11.986113999999986 0 861836 0.1668 0.00043023255813956496

