1645247768910 1 3.999999 3258 346799 0.3151 -14.0094
1645247771066 0 5.908757 0 213385 0.194 0.00017441860465117198
1645247772457 0 8.51739 0 141806 0.1292 0.00006976744186043549
1645247773568 0 11.405438 0 112578 0.10129999999999999 0.00006976744186043549
1645247777406 0 11.797638999999998 0 80671 0.0727 0.00006976744186043549
1645247781629 0 11.534565999999998 0 68729 0.0619 0.00006976744186043549
1645247785485 0 11.524840999999999 0 137895 0.1252 0.00006976744186043549
1645247789628 0 11.519078 0 114138 0.1042 0.00006976744186043549
1645247793392 0 11.759755000000002 0 126013 0.11539999999999999 0.00006976744186043549
1645247797475 0 11.503291 0 217236 0.1982 0.00006976744186043549
1645247801080 0 11.996143000000004 0 219398 0.1996 0.00006976744186043549
1645247805294 0 11.736151 0 177648 0.16060000000000002 0.00006976744186043549
1645247809415 0 11.727244000000006 0 166856 0.152 0.00006976744186043549
1645247813038 0 11.971585000000005 0 223685 0.2021 0.00006976744186043549
1645247817516 0 11.705984 0 206455 0.187 0.00006976744186043549
1645247821226 0 11.944576000000005 0 121534 0.11120000000000001 0.00006976744186043549
1645247825270 0 11.931477000000001 0 105092 0.0938 0.00006976744186043549
1645247829460 0 11.671041000000002 0 63086 0.057499999999999996 0.00006976744186043549
1645247833354 0 11.662244000000001 0 87739 0.0791 0.00006976744186043549
1645247837335 0 11.652464000000009 0 152905 0.13799999999999998 0.00006976744186043549
1645247841353 0 11.643889000000001 0 100587 0.0915 0.00006976744186043549
1645247845152 0 11.884867999999997 0 186001 0.1689 0.00006976744186043549
1645247849589 0 11.62601500000001 0 201620 0.1829 0.00006976744186043549
1645247853183 0 11.868772000000007 0 218012 0.1984 0.00006976744186043549
1645247857415 0 11.61157200000001 0 123058 0.11259999999999999 0.00006976744186043549
1645247861321 0 11.854383999999996 0 198856 0.1796 0.00006976744186043549
1645247865455 0 11.591885000000005 0 223061 0.2028 0.00006976744186043549
1645247869367 0 11.836576000000008 0 143385 0.1312 0.00006976744186043549
1645247873524 0 11.572400000000002 0 117021 0.1058 0.00006976744186043549
1645247877375 0 11.812646999999998 0 83595 0.0743 0.00006976744186043549
1645247881607 0 11.553731999999997 0 68011 0.0618 0.00006976744186043549
1645247885442 0 11.546529000000007 0 134264 0.1223 0.00006976744186043549
1645247889586 0 11.533671999999996 0 113722 0.1026 0.00006976744186043549
1645247893293 0 11.775075000000001 0 122694 0.1093 0.00006976744186043549
1645247897350 0 11.766445000000004 0 215146 0.1941 0.00006976744186043549
1645247901397 0 11.760913000000016 0 213339 0.194 0.00006976744186043549
1645247905602 0 11.498953 0 176949 0.1601 0.00006976744186043549
1645247909134 0 11.990629000000013 0 158356 0.14350000000000002 0.00006976744186043549
1645247913233 0 11.981804000000011 0 219852 0.19970000000000002 0.00006976744186043549
1645247917140 0 11.97395800000001 0 196864 0.18009999999999998 0.00006976744186043549
1645247921304 0 11.713009 0 116610 0.10540000000000001 0.00006976744186043549
1645247925407 0 11.703836999999993 0 107223 0.09809999999999999 0.00006976744186043549
1645247929085 0 11.94856200000001 0 64332 0.0576 0.00006976744186043549
1645247933505 0 11.690845999999993 0 88753 0.08070000000000001 0.00006976744186043549
1645247937518 0 11.683773000000002 0 153489 0.1405 0.00006976744186043549
1645247941060 0 11.929020000000008 0 101805 0.09280000000000001 0.00006976744186043549
1645247945369 0 11.668810000000008 0 186822 0.1703 0.00006976744186043549
1645247949294 0 11.910436000000004 0 200149 0.1815 0.00006976744186043549
1645247953334 0 11.651453000000004 0 215305 0.19390000000000002 0.00006976744186043549
1645247957127 0 11.896192000000013 0 128759 0.1182 0.00006976744186043549
1645247961552 0 11.637785000000008 0 199367 0.1813 0.00006976744186043549
1645247965170 0 11.882620000000003 0 220759 0.2011 0.00006976744186043549
1645247969138 0 11.875115999999991 0 149511 0.1363 0.00006976744186043549
1645247973312 0 11.863331000000017 0 118879 0.1065 0.00006976744186043549
1645247977190 0 11.855921999999993 0 85418 0.0774 0.00006976744186043549
1645247981423 0 11.598718999999988 0 68807 0.0617 0.00006976744186043549
1645247985244 0 11.843680000000006 0 132565 0.12090000000000001 0.00006976744186043549
1645247989421 0 11.586463000000009 0 117262 0.1069 0.00006976744186043549
1645247993579 0 11.58086800000001 0 116418 0.1052 0.00006976744186043549
1645247997213 0 11.821292 0 223024 0.2024 0.00006976744186043549
1645248001274 0 11.813433000000003 0 214538 0.1956 0.00006976744186043549
1645248005503 0 11.553947999999991 0 178191 0.1618 0.00006976744186043549
1645248009568 0 11.548969999999997 0 161454 0.1462 0.00006976744186043549
1645248013594 0 11.538332999999994 0 212225 0.1926 0.00006976744186043549
1645248017461 0 11.52651800000001 0 195858 0.17729999999999999 0.00006976744186043549
1645248021663 0 11.514080000000007 0 119665 0.10800000000000001 0.00006976744186043549
1645248025251 0 11.757897000000014 0 108667 0.0985 0.00006976744186043549
1645248029429 0 11.749727000000007 0 64782 0.0571 0.00006976744186043549
1645248033334 0 11.735959999999977 0 87523 0.0787 0.00006976744186043549
1645248037358 0 11.72945900000002 0 155607 0.1419 0.00006976744186043549
1645248041383 0 11.721967000000006 0 100404 0.0915 0.00006976744186043549
1645248045145 0 11.963314000000025 0 183614 0.16570000000000001 0.00006976744186043549
1645248049041 0 11.957704999999976 0 197686 0.18 0.00006976744186043549
1645248053106 0 11.948013000000003 0 217520 0.1965 0.00006976744186043549
1645248057409 0 11.689825999999982 0 132353 0.1196 0.00006976744186043549
1645248061348 0 11.683200999999997 0 199853 0.1832 0.00006976744186043549
1645248065492 0 11.674214000000006 0 225614 0.20379999999999998 0.00006976744186043549
1645248069464 0 11.656924000000004 0 150477 0.1363 0.00006976744186043549
1645248073131 0 11.901741000000015 0 117995 0.1068 0.00006976744186043549
1645248077510 0 11.63798700000001 0 86503 0.0772 0.00006976744186043549
1645248081212 0 11.878280000000018 0 67335 0.0602 0.00006976744186043549
1645248085535 0 11.618145000000027 0 132169 0.12090000000000001 0.00006976744186043549
1645248089227 0 11.858105000000023 0 118800 0.1083 0.00006976744186043549
1645248093388 0 11.592921999999987 0 116618 0.1055 0.00006976744186043549

