1645237291754 1 3.999999 1614 346799 0.1507 -6.9402
1645237294277 1 5.513623 0 363755 0.1572 0.00017441860465117198
1645237296373 1 7.590142000000001 0 362842 0.1759 0.00017441860465117198
1645237298363 1 9.558309000000001 0 384791 0.1665 0.00017441860465117198
1645237299966 1 11.957923999999998 0 339137 0.1471 0.00017441860465117198
1645237304309 1 11.762065999999999 0 393219 0.1705 0.00017441860465117198
1645237308208 1 11.751368 0 406206 0.1764 0.00017441860465117198
1645237312146 1 11.996586999999998 0 303135 0.1316 0.00017441860465117198
1645237316073 1 11.987979000000003 0 414092 0.1803 0.00017441860465117198
1645237320174 1 11.980224000000003 0 337705 0.14650000000000002 0.00017441860465117198
1645237324387 1 11.706309000000005 0 366374 0.15860000000000002 0.00017441860465117198
1645237328035 1 11.950810000000004 0 352030 0.1525 0.00017441860465117198
1645237332272 1 11.693177000000006 0 371605 0.1608 0.00017441860465117198
1645237336065 1 11.938644000000004 0 385670 0.1673 0.00017441860465117198
1645237340311 1 11.682570000000005 0 374050 0.162 0.00017441860465117198
1645237344016 1 11.924229000000004 0 367058 0.1588 0.00017441860465117198
1645237348327 1 11.666628000000003 0 377983 0.16399999999999998 0.00017441860465117198
1645237352370 1 11.661583 0 326924 0.14179999999999998 0.00017441860465117198
1645237356206 1 11.904144000000002 0 388939 0.1685 0.00017441860465117198
1645237360063 1 11.897636000000006 0 392939 0.17170000000000002 0.00017441860465117198
1645237364267 1 11.886978999999997 0 362131 0.1567 0.00017441860465117198
1645237368138 1 11.858784999999997 0 402712 0.1741 0.00017441860465117198
1645237372200 1 11.851723000000007 0 327400 0.1419 0.00017441860465117198
1645237376562 1 11.592853000000005 0 401133 0.17370000000000002 0.00017441860465117198
1645237380571 1 11.564149999999998 0 317452 0.1369 0.00017441860465117198
1645237384396 1 11.554534000000004 0 391753 0.1699 0.00017441860465117198
1645237388212 1 11.799838000000008 0 384934 0.1673 0.00017441860465117198
1645237392434 1 11.541755000000009 0 367179 0.1582 0.00017441860465117198
1645237396239 1 11.788117999999997 0 387965 0.1685 0.00017441860465117198
1645237400307 1 11.781924000000004 0 333821 0.14479999999999998 0.00017441860465117198
1645237404629 1 11.525480000000002 0 394452 0.1712 0.00017441860465117198
1645237408519 1 11.517016999999996 0 409513 0.1769 0.00017441860465117198
1645237412469 1 11.510423000000003 0 307174 0.1328 0.00017441860465117198
1645237416406 1 11.754683999999997 0 420407 0.1822 0.00017441860465117198
1645237419997 1 11.974321000000003 0 340231 0.1472 0.00017441860465117198
1645237424240 1 11.692744000000005 0 374730 0.1619 0.00017441860465117198
1645237428386 1 11.686474000000004 0 353022 0.1528 0.00017441860465117198
1645237432205 1 11.929422000000017 0 393253 0.1704 0.00017441860465117198
1645237436431 1 11.671864 0 368813 0.1597 0.00017441860465117198
1645237440165 1 11.908761999999996 0 372578 0.1613 0.00017441860465117198
1645237444403 1 11.653076999999996 0 374507 0.1621 0.00017441860465117198
1645237448132 1 11.892697999999996 0 372824 0.1608 0.00017441860465117198
1645237452165 1 11.884680000000003 0 326437 0.14150000000000001 0.00017441860465117198
1645237456445 1 11.624659000000008 0 383127 0.16599999999999998 0.00017441860465117198
1645237460331 1 11.617479000000003 0 400632 0.17370000000000002 0.00017441860465117198
1645237464431 1 11.610780000000005 0 342596 0.14850000000000002 0.00017441860465117198
1645237468302 1 11.854096999999996 0 407655 0.1765 0.00017441860465117198
1645237472374 1 11.585709000000008 0 337450 0.1457 0.00017441860465117198
1645237476244 1 11.82596000000001 0 404220 0.1758 0.00017441860465117198
1645237480543 0 11.571118000000013 0 128759 0.0558 0.00017441860465117198
1645237484511 0 11.566131000000013 0 199367 0.08549999999999999 0.00006976744186043549
1645237488580 0 11.559169999999995 0 220759 0.0949 0.00006976744186043549
1645237492351 0 11.802751 0 149511 0.0639 0.00006976744186043549
1645237496498 0 11.546280999999993 0 118879 0.053700000000000005 0.00006976744186043549
1645237500510 0 11.540179999999992 0 85418 0.0388 0.00006976744186043549
1645237504473 0 11.528804000000008 0 68807 0.0318 0.00006976744186043549
1645237508182 0 11.771714000000003 0 132565 0.0595 0.00006976744186043549
1645237512338 0 11.762338999999997 0 117262 0.0531 0.00006976744186043549
1645237516494 0 11.506008000000008 0 116418 0.052700000000000004 0.00006976744186043549
1645237520647 0 11.500978000000003 0 223024 0.10089999999999999 0.00006976744186043549
1645237524220 0 11.734501999999992 0 214538 0.09519999999999999 0.00006976744186043549
1645237528120 0 11.96968799999999 0 178191 0.0776 0.00006976744186043549
1645237532451 0 11.704102000000006 0 161454 0.0712 0.00006976744186043549
1645237536009 0 11.938772 0 212225 0.09419999999999999 0.00006976744186043549
1645237540072 0 11.933655000000016 0 195858 0.0876 0.00006976744186043549
1645237544230 0 11.92963499999999 0 119665 0.0538 0.00006976744186043549
1645237548397 0 11.624142000000006 0 108667 0.0499 0.00006976744186043549
1645237552332 0 11.615499999999997 0 64782 0.0301 0.00006976744186043549
1645237556366 0 11.608497 0 87523 0.0397 0.00006976744186043549
1645237560175 0 11.843186000000003 0 155607 0.06949999999999999 0.00006976744186043549
1645237564273 0 11.83703700000001 0 100404 0.0454 0.00006976744186043549
1645237568224 0 11.826757999999984 0 183614 0.0809 0.00006976744186043549
1645237572230 0 11.817633999999998 0 197686 0.0878 0.00006976744186043549
1645237576367 0 11.554984999999988 0 217520 0.0973 0.00006976744186043549
1645237580591 0 11.546707000000026 0 132353 0.059399999999999994 0.00006976744186043549
1645237584613 0 11.534494999999993 0 199853 0.08940000000000001 0.00006976744186043549
1645237588242 0 11.769766000000004 0 225614 0.0999 0.00006976744186043549
1645237592049 0 11.985681999999997 0 150477 0.0679 0.00006976744186043549
1645237596206 0 11.734796000000017 0 117995 0.0523 0.00006976744186043549
1645237600239 0 11.726774999999975 0 86503 0.0388 0.00006976744186043549
1645237604204 0 11.962752000000023 0 67335 0.0317 0.00006976744186043549
1645237608427 0 11.675792999999999 0 132169 0.059199999999999996 0.00006976744186043549
1645237612097 0 11.91599500000001 0 118800 0.0538 0.00006976744186043549
1645237616283 0 11.657488 0 116618 0.0522 0.00006976744186043549

