1645238259056 1 3.999999 1122 346799 0.1016 -4.824599999999999
1645238261480 3 5.597928 0 755039 0.2217 0.000174418604651283
1645238264031 3 7.047089000000001 0 835161 0.24489999999999998 0.00043023255813956496
1645238266808 3 8.277912 0 908792 0.2665 0.00043023255813956496
1645238269269 3 9.809031999999998 0 804438 0.2355 0.00043023255813956496
1645238271818 3 11.260432999999999 0 828659 0.24359999999999998 0.00043023255813956496
1645238275681 3 11.612506 0 937332 0.2752 0.00043023255813956496
1645238279566 3 11.609130999999998 0 776416 0.2284 0.00043023255813956496
1645238283702 3 11.599485000000001 0 1025687 0.301 0.00043023255813956496
1645238287696 3 11.593781000000003 0 815426 0.23929999999999998 0.00043023255813956496
1645238291398 3 11.831561 0 884625 0.2598 0.00043023255813956496
1645238295667 3 11.576917000000002 0 904952 0.26549999999999996 0.00043023255813956496
1645238299569 3 11.568505000000002 0 954418 0.2802 0.00043023255813956496
1645238303352 3 11.815137 0 910446 0.2672 0.00043023255813956496
1645238309259 3 9.825108 0 922454 0.5788 0.00043023255813956496
1645238312281 3 10.797556 0 942842 0.28159999999999996 0.00043023255813956496
1645238315476 3 11.783791 0 884128 0.2591 0.00043023255813956496
1645238319514 3 11.779405000000004 0 828263 0.24359999999999998 0.00043023255813956496
1645238323509 3 11.773077999999998 0 981175 0.2882 0.00043023255813956496
1645238327365 3 11.764569000000009 0 939007 0.275 0.00043023255813956496
1645238331436 3 11.758143000000004 0 841370 0.2472 0.00043023255813956496
1645238335327 3 11.999244000000004 0 947658 0.2782 0.00043023255813956496
1645238339370 3 11.741923999999997 0 828958 0.24380000000000002 0.00043023255813956496
1645238343349 3 11.733270000000005 0 977791 0.28690000000000004 0.00043023255813956496
1645238347447 3 11.725336999999996 0 847215 0.2499 0.00043023255813956496
1645238351426 3 11.71475000000001 0 978032 0.2874 0.00043023255813956496
1645238355323 3 11.950576999999996 0 934237 0.2742 0.00043023255813956496
1645238359531 3 11.695502000000005 0 889600 0.2611 0.00043023255813956496
1645238363546 3 11.682949000000008 0 988774 0.2904 0.00043023255813956496
1645238367518 3 11.678673000000003 0 808061 0.2371 0.00043023255813956496
1645238371543 3 11.669526000000005 0 995677 0.2922 0.00043023255813956496
1645238375375 3 11.910049 0 924757 0.2722 0.00043023255813956496
1645238379364 3 11.900290999999996 0 808228 0.2385 0.00043023255813956496
1645238383443 3 11.637937000000008 0 1014212 0.2975 0.00043023255813956496
1645238387525 3 11.631380000000007 0 845218 0.24769999999999998 0.00043023255813956496
1645238391309 3 11.87105299999999 0 910767 0.2677 0.00043023255813956496
1645238395564 3 11.611355000000003 0 901777 0.2645 0.00043023255813956496
1645238399519 3 11.60311999999999 0 967347 0.2839 0.00043023255813956496
1645238403373 3 11.845820000000003 0 935273 0.2746 0.00043023255813956496
1645238407675 3 11.588918000000007 0 916928 0.2691 0.00043023255813956496
1645238411545 3 11.581995000000006 0 940743 0.2753 0.00043023255813956496
1645238415722 3 11.575187 0 877888 0.2578 0.00043023255813956496
1645238419289 3 11.810360000000003 0 839766 0.24689999999999998 0.00043023255813956496
1645238423765 3 11.554217999999992 0 976062 0.28700000000000003 0.00043023255813956496
1645238427682 3 11.547573999999997 0 958353 0.2815 0.00043023255813956496
1645238431737 3 11.538678000000004 0 836268 0.24559999999999998 0.00043023255813956496
1645238435688 3 11.532151999999996 0 968967 0.28490000000000004 0.00043023255813956496
1645238439713 3 11.517367000000007 0 825839 0.2428 0.00043023255813956496
1645238443673 3 11.509960000000007 0 974212 0.2858 0.00043023255813956496
1645238447825 3 11.498064999999997 0 867483 0.2555 0.00043023255813956496
1645238451322 3 11.986594999999994 0 987232 0.28959999999999997 0.00043023255813956496
1645238457053 3 10.031970999999999 0 921956 0.5621 0.00043023255813956496
1645238459970 3 11.108923000000004 0 913803 0.27240000000000003 0.00043023255813956496
1645238463398 3 11.706941 0 958215 0.281 0.00043023255813956496
1645238467441 3 11.695175000000006 0 832934 0.24409999999999998 0.00043023255813956496
1645238471505 3 11.687069000000008 0 1005593 0.2948 0.00043023255813956496
1645238475349 3 11.931505000000016 0 935985 0.2747 0.00043023255813956496
1645238479312 3 11.914836000000008 0 802415 0.23559999999999998 0.00043023255813956496
1645238483351 3 11.902946000000014 0 999009 0.2935 0.00043023255813956496
1645238487506 3 11.638706000000013 0 869418 0.25539999999999996 0.00043023255813956496
1645238491244 3 11.875219000000016 0 897686 0.264 0.00043023255813956496
1645238495678 3 11.618471 0 960141 0.2822 0.00043023255813956496
1645238499479 3 11.608626000000015 0 914618 0.26890000000000003 0.00043023255813956496
1645238505666 3 9.41739100000001 0 949031 0.6082 0.00043023255813956496
1645238508605 3 10.472884999999991 0 919929 0.27480000000000004 0.00043023255813956496
1645238511440 3 11.649562000000003 0 930570 0.27280000000000004 0.00043023255813956496
1645238515677 3 11.563548000000026 0 894188 0.2629 0.00043023255813956496
1645238519743 3 11.555695000000014 0 835562 0.2452 0.00043023255813956496
1645238523740 3 11.545952 0 986170 0.2899 0.00043023255813956496
1645238527653 3 11.535513999999978 0 955812 0.2806 0.00043023255813956496
1645238531716 3 11.52887400000003 0 837688 0.24630000000000002 0.00043023255813956496
1645238535682 3 11.52110399999998 0 972932 0.2863 0.00043023255813956496
1645238539658 3 11.501774000000012 0 807690 0.23700000000000002 0.00043023255813956496
1645238543105 3 11.991062 0 968173 0.2844 0.00043023255813956496
1645238547261 3 11.979388000000029 0 872734 0.2559 0.00043023255813956496
1645238551285 3 11.973026000000004 0 991679 0.292 0.00043023255813956496
1645238555123 3 11.959429999999998 0 930061 0.2731 0.00043023255813956496
1645238559319 3 11.952445000000012 0 884740 0.2595 0.00043023255813956496
1645238563266 3 11.942223000000013 0 968599 0.2846 0.00043023255813956496
1645238567355 3 11.931205999999975 0 848189 0.2495 0.00043023255813956496
1645238571356 3 11.924324000000013 0 989262 0.2902 0.00043023255813956496
1645238575201 3 11.920792000000006 0 929927 0.273 0.00043023255813956496
1645238579287 3 11.912393000000009 0 845977 0.2485 0.00043023255813956496
1645238583358 3 11.90767599999998 0 1009703 0.29660000000000003 0.00043023255813956496
1645238587486 3 11.646772999999996 0 861836 0.2529 0.00043023255813956496

