1645228721007 1 3.999999 1165 346799 0.10469999999999999 -5.0095
1645228723532 3 5.491159 0 755039 0.22959999999999997 0.000174418604651283
1645228726183 3 6.837721000000001 0 835161 0.2541 0.00043023255813956496
1645228729065 3 7.9545580000000005 0 908792 0.2764 0.00043023255813956496
1645228731632 3 9.387039999999999 0 804438 0.2447 0.00043023255813956496
1645228734269 3 10.751373 0 828659 0.2519 0.00043023255813956496
1645228737237 3 11.782001999999999 0 937332 0.2848 0.00043023255813956496
1645228741218 3 11.852953 0 776416 0.23679999999999998 0.00043023255813956496
1645228745453 3 11.586358000000004 0 1025687 0.3121 0.00043023255813956496
1645228750832 3 10.187266000000001 0 815426 0.5277999999999999 0.00043023255813956496
1645228753765 3 11.254881000000005 0 884625 0.2732 0.00043023255813956496
1645228757624 3 11.555145000000003 0 904952 0.27549999999999997 0.00043023255813956496
1645228761642 3 11.542677000000005 0 954418 0.2905 0.00043023255813956496
1645228765516 3 11.536293 0 910446 0.2773 0.00043023255813956496
1645228769427 3 11.776374000000004 0 922454 0.2808 0.00043023255813956496
1645228773403 3 11.759506000000002 0 942842 0.28690000000000004 0.00043023255813956496
1645228777698 3 11.503044000000003 0 884128 0.269 0.00043023255813956496
1645228781320 3 11.743920000000003 0 828263 0.2524 0.00043023255813956496
1645228785412 3 11.734246999999996 0 981175 0.29910000000000003 0.00043023255813956496
1645228789386 3 11.719818000000004 0 939007 0.2864 0.00043023255813956496
1645228793550 3 11.702652999999998 0 841370 0.2561 0.00043023255813956496
1645228797553 3 11.688673000000009 0 947658 0.2885 0.00043023255813956496
1645228802868 3 10.300483999999997 0 828958 0.5197 0.00043023255813956496
1645228806305 3 10.866150000000005 0 977791 0.3019 0.00043023255813956496
1645228809493 3 11.724848000000009 0 847215 0.2578 0.00043023255813956496
1645228813564 3 11.719308999999996 0 978032 0.2964 0.00043023255813956496
1645228817545 3 11.708348999999998 0 934237 0.2838 0.00043023255813956496
1645228821349 3 11.946545999999998 0 889600 0.2705 0.00043023255813956496
1645228825465 3 11.930907000000005 0 988774 0.3013 0.00043023255813956496
1645228829541 3 11.673446999999996 0 808061 0.2464 0.00043023255813956496
1645228833681 3 11.653796999999997 0 995677 0.3032 0.00043023255813956496
1645228837594 3 11.635292000000007 0 924757 0.2813 0.00043023255813956496
1645228843390 3 9.781765000000007 0 808228 0.5688 0.00043023255813956496
1645228846728 3 10.43991100000001 0 1014212 0.3136 0.00043023255813956496
1645228849412 3 11.752440000000007 0 845218 0.2566 0.00043023255813956496
1645228853798 3 11.586794999999995 0 910767 0.2778 0.00043023255813956496
1645228857648 3 11.569530000000015 0 901777 0.2742 0.00043023255813956496
1645228861701 3 11.558637000000004 0 967347 0.29500000000000004 0.00043023255813956496
1645228865656 3 11.546993000000015 0 935273 0.28500000000000003 0.00043023255813956496
1645228869546 3 11.787312000000014 0 916928 0.2785 0.00043023255813956496
1645228873510 3 11.771906000000001 0 940743 0.28690000000000004 0.00043023255813956496
1645228877786 3 11.509365000000003 0 877888 0.267 0.00043023255813956496
1645228881443 3 11.749082000000016 0 839766 0.2557 0.00043023255813956496
1645228887721 3 9.44425799999999 0 976062 0.6174000000000001 0.00043023255813956496
1645228889205 1 11.960357000000016 0 400632 0.12569999999999998 0.00043023255813956496
1645228893370 3 11.958505000000002 0 836268 0.25379999999999997 0.000174418604651283
1645228897462 3 11.949415000000016 0 968967 0.2988 0.00043023255813956496
1645228901583 3 11.688935000000015 0 825839 0.2517 0.00043023255813956496
1645228905645 3 11.677323999999999 0 974212 0.2963 0.00043023255813956496
1645228909386 3 11.922018000000008 0 867483 0.2643 0.00043023255813956496
1645228913507 3 11.657817999999992 0 987232 0.301 0.00043023255813956496
1645228917415 3 11.893009000000006 0 921956 0.2797 0.00043023255813956496
1645228921295 3 11.879525999999998 0 913803 0.27799999999999997 0.00043023255813956496
1645228925309 3 11.872961000000004 0 958215 0.2913 0.00043023255813956496
1645228929446 3 11.862991999999991 0 832934 0.2536 0.00043023255813956496
1645228933608 3 11.602485000000001 0 1005593 0.30619999999999997 0.00043023255813956496
1645228937555 3 11.840000000000003 0 935985 0.2852 0.00043023255813956496
1645228943285 3 9.878728999999993 0 802415 0.563 0.00043023255813956496
1645228946555 3 10.608746999999994 0 999009 0.3082 0.00043023255813956496
1645228949309 3 11.85660200000001 0 869418 0.2645 0.00043023255813956496
1645228953638 3 11.558782000000008 0 897686 0.273 0.00043023255813956496
1645228957666 3 11.547562 0 960141 0.2922 0.00043023255813956496
1645228961549 3 11.787385999999998 0 914618 0.2782 0.00043023255813956496
1645228965540 3 11.777511000000004 0 949031 0.2891 0.00043023255813956496
1645228969441 3 11.771471999999989 0 919929 0.2801 0.00043023255813956496
1645228973872 3 11.509443000000005 0 930570 0.2832 0.00043023255813956496
1645228977688 3 11.501222999999982 0 894188 0.2718 0.00043023255813956496
1645228981329 3 11.997148999999979 0 835562 0.2539 0.00043023255813956496
1645228985430 3 11.73474299999998 0 986170 0.3004 0.00043023255813956496
1645228989434 3 11.975456000000008 0 955812 0.29100000000000004 0.00043023255813956496
1645228993585 3 11.71651700000001 0 837688 0.2556 0.00043023255813956496
1645228997647 3 11.710785999999985 0 972932 0.296 0.00043023255813956496
1645229003455 3 9.709189999999978 0 807690 0.571 0.00043023255813956496
1645229006635 3 10.528565000000015 0 968173 0.2992 0.00043023255813956496
1645229009391 3 11.775210000000015 0 872734 0.26549999999999996 0.00043023255813956496
1645229013513 3 11.676584999999989 0 991679 0.30169999999999997 0.00043023255813956496
1645229017440 3 11.920599999999979 0 930061 0.2834 0.00043023255813956496
1645229021737 3 11.660243999999977 0 884740 0.2698 0.00043023255813956496
1645229025282 3 11.902312999999992 0 968599 0.2949 0.00043023255813956496
1645229029459 3 11.896195999999975 0 848189 0.258 0.00043023255813956496
1645229033575 3 11.639887999999985 0 989262 0.3014 0.00043023255813956496
1645229039137 3 10.02616599999999 0 929927 0.5467 0.00043023255813956496
1645229041953 3 11.212113999999985 0 845977 0.2622 0.00043023255813956496
1645229045630 3 11.599197000000004 0 1009703 0.30720000000000003 0.00043023255813956496
1645229049353 3 11.84560399999998 0 861836 0.2619 0.00043023255813956496

