1645249183692 1 3.999999 1585 346799 0.1466 -6.8155
1645249187115 3 4.5897760000000005 0 755039 0.31930000000000003 0.000174418604651283
1645249190747 3 4.9592860000000005 0 835161 0.3528 0.00043023255813956496
1645249194697 3 5.007687000000001 0 908792 0.38330000000000003 0.00043023255813956496
1645249198198 3 5.506490999999999 0 804438 0.33940000000000003 0.00043023255813956496
1645249201802 3 5.903167999999997 0 828659 0.3503 0.00043023255813956496
1645249205870 3 5.836558999999998 0 937332 0.3964 0.00043023255813956496
1645249211358 3 4.346796999999999 0 776416 0.5381 0.00043023255813956496
1645249213341 1 6.364324000000003 0 414092 0.17809999999999998 0.00043023255813956496
1645249216894 3 6.809519000000002 0 815426 0.3447 0.000174418604651283
1645249220742 3 6.962090000000003 0 884625 0.3739 0.00043023255813956496
1645249224670 3 7.034835000000001 0 904952 0.3823 0.00043023255813956496
1645249228821 3 6.882702999999999 0 954418 0.40279999999999994 0.00043023255813956496
1645249234423 3 5.281165000000001 0 910446 0.5495 0.00043023255813956496
1645249238546 3 5.159654000000003 0 922454 0.39289999999999997 0.00043023255813956496
1645249242640 3 5.064813000000001 0 942842 0.3983 0.00043023255813956496
1645249246476 3 5.228640000000006 0 884128 0.3731 0.00043023255813956496
1645249250075 3 5.629096000000004 0 828263 0.3499 0.00043023255813956496
1645249254326 3 5.3780200000000065 0 981175 0.41479999999999995 0.00043023255813956496
1645249258407 3 5.2978060000000085 0 939007 0.3971 0.00043023255813956496
1645249262072 3 5.631790000000009 0 841370 0.356 0.00043023255813956496
1645249266180 3 5.526066 0 947658 0.4 0.00043023255813956496
1645249269777 3 5.927562000000009 0 828958 0.3498 0.00043023255813956496
1645249275397 3 4.367629000000008 66 977791 0.5517000000000001 -0.2833697674418605
1645249279205 3 4.556153000000009 0 847215 0.361 0.00043023255813956496
1645249283443 3 4.417331000000004 96 978032 0.41340000000000005 -0.41236976744186027
1645249287512 3 4.346969999999999 0 934237 0.395 0.00043023255813956496
1645249291374 3 4.483975999999998 0 889600 0.3759 0.00043023255813956496
1645249295653 3 4.492972000000009 287 988774 0.4175 -1.2336697674418604
1645249299175 3 4.9735840000000024 0 808061 0.3415 0.00043023255813956496
1645249304886 3 4.254316000000003 997 995677 0.5607 -4.28666976744186
1645249309015 3 4.487897000000004 357 924757 0.3932 -1.5346697674418603
1645249312538 3 4.957935000000006 0 808228 0.34140000000000004 0.00043023255813956496
1645249316924 3 4.57272900000001 0 1014212 0.4279 0.00043023255813956496
1645249320609 3 4.887887000000006 0 845218 0.3567 0.00043023255813956496
1645249324563 3 4.935445000000016 0 910767 0.3849 0.00043023255813956496
1645249330027 3 4.306212000000016 831 901777 0.536 -3.57286976744186
1645249334341 3 4.373175000000003 386 967347 0.41150000000000003 -1.6593697674418604
1645249338406 3 4.307819999999992 0 935273 0.3956 0.00043023255813956496
1645249342389 3 4.494067999999999 167 916928 0.3868 -0.7176697674418606
1645249346469 3 4.413799000000012 0 940743 0.3972 0.00043023255813956496
1645249350280 3 4.603915000000001 0 877888 0.3707 0.00043023255813956496
1645249353938 3 4.943963999999994 0 839766 0.3557 0.00043023255813956496
1645249358172 3 4.7108360000000005 0 976062 0.413 0.00043023255813956496
1645249362323 3 4.558649000000003 0 958353 0.40519999999999995 0.00043023255813956496
1645249365954 3 4.927543000000014 0 836268 0.3531 0.00043023255813956496
1645249370152 3 4.730265000000003 0 968967 0.4085 0.00043023255813956496
1645249373755 3 5.129994000000011 0 825839 0.3493 0.00043023255813956496
1645249380025 3 4.329145000000011 1471 974212 0.6157 -6.324869767441861
1645249381657 1 6.695543000000015 0 331794 0.14250000000000002 0.00043023255813956496
1645249385936 3 6.417346000000009 0 987232 0.4163 0.000174418604651283
1645249389930 3 6.4237990000000025 0 921956 0.38889999999999997 0.00043023255813956496
1645249393893 3 6.462081000000012 0 913803 0.3856 0.00043023255813956496
1645249398039 3 6.314029000000005 0 958215 0.40449999999999997 0.00043023255813956496
1645249401654 3 6.698148000000003 0 832934 0.3514 0.00043023255813956496
1645249406012 3 6.345301000000006 0 1005593 0.4248 0.00043023255813956496
1645249410071 3 6.282230999999996 0 935985 0.39590000000000003 0.00043023255813956496
1645249413566 3 6.786954000000009 0 802415 0.33940000000000003 0.00043023255813956496
1645249417902 3 6.450571999999994 0 999009 0.4224 0.00043023255813956496
1645249421671 3 6.683413999999999 0 869418 0.36629999999999996 0.00043023255813956496
1645249427517 3 4.835376999999994 0 897686 0.5727 0.00043023255813956496
1645249429316 1 7.037475999999998 0 372261 0.1599 0.00043023255813956496
1645249433302 3 7.050508000000008 0 914618 0.3869 0.000174418604651283
1645249437418 3 6.935186000000016 0 949031 0.40049999999999997 0.00043023255813956496
1645249441417 3 6.936814999999996 0 919929 0.3891 0.00043023255813956496
1645249445447 3 6.905781999999988 0 930570 0.39289999999999997 0.00043023255813956496
1645249451267 3 5.086332000000027 0 894188 0.5713 0.00043023255813956496
1645249452880 1 7.472071000000028 0 328352 0.1414 0.00043023255813956496
1645249457161 3 7.196235999999999 0 986170 0.41719999999999996 0.000174418604651283
1645249461298 3 7.054013999999995 0 955812 0.4032 0.00043023255813956496
1645249464932 3 7.419722999999976 0 837688 0.3533 0.00043023255813956496
1645249469149 3 7.2056329999999775 0 972932 0.41079999999999994 0.00043023255813956496
1645249472662 3 7.690973999999983 0 807690 0.3406 0.00043023255813956496
1645249478728 3 5.626614000000018 0 968173 0.596 0.00043023255813956496
1645249482632 3 5.72166900000002 0 872734 0.371 0.00043023255813956496
1645249486934 3 5.418978999999979 0 991679 0.41929999999999995 0.00043023255813956496
1645249490965 3 5.387539000000004 0 930061 0.3927 0.00043023255813956496
1645249494803 3 5.548913000000027 0 884740 0.37370000000000003 0.00043023255813956496
1645249499001 3 5.350607000000025 0 968599 0.4095 0.00043023255813956496
1645249502688 3 5.666005999999982 0 848189 0.35750000000000004 0.00043023255813956496
1645249506969 3 5.384702000000004 0 989262 0.41790000000000005 0.00043023255813956496
1645249511004 3 5.35069900000002 0 929927 0.3926 0.00043023255813956496

