1645240016674 1 3.995158 784 346799 0.0666 -3.3712
1645240019398 4 5.265909 0 1312552 0.2506 0.000174418604651283
1645240022162 4 6.5020050000000005 0 1383123 0.2651 0.000662790697674609
1645240025047 4 7.617888000000001 0 1451767 0.2778 0.000662790697674609
1645240027672 4 8.993865 0 1308083 0.2511 0.000662790697674609
1645240030265 4 10.398929999999998 0 1299338 0.2493 0.000662790697674609
1645240033165 4 11.498490999999998 0 1453833 0.2784 0.000662790697674609
1645240036726 4 11.977283 0 1280990 0.24559999999999998 0.000662790697674609
1645240040929 4 11.967213000000001 0 1612910 0.3095 0.000662790697674609
1645240044857 4 11.950013000000002 0 1213987 0.23220000000000002 0.000662790697674609
1645240049108 4 11.694037999999999 0 1380918 0.26480000000000004 0.000662790697674609
1645240052778 4 11.934954000000005 0 1334467 0.2545 0.000662790697674609
1645240057193 4 11.681007000000001 0 1463126 0.2801 0.000662790697674609
1645240061023 4 11.674668000000004 0 1421742 0.2726 0.000662790697674609
1645240064880 4 11.918644 0 1436771 0.2754 0.000662790697674609
1645240069215 4 11.656487000000006 0 1425347 0.27349999999999997 0.000662790697674609
1645240072945 4 11.900237000000004 0 1366001 0.262 0.000662790697674609
1645240077005 4 11.845523 0 1281785 0.24569999999999997 0.000662790697674609
1645240081024 4 11.835059000000001 0 1514044 0.2902 0.000662790697674609
1645240084872 4 11.830970000000008 0 1432783 0.27440000000000003 0.000662790697674609
1645240089162 4 11.567891000000003 0 1401397 0.269 0.000662790697674609
1645240093045 4 11.808569000000006 0 1450362 0.2782 0.000662790697674609
1645240097075 4 11.803460999999999 0 1266375 0.2425 0.000662790697674609
1645240101045 4 11.800438999999997 0 1497932 0.2873 0.000662790697674609
1645240105169 4 11.542580000000001 0 1308773 0.2508 0.000662790697674609
1645240109179 4 11.536366000000001 0 1516715 0.2911 0.000662790697674609
1645240112991 4 11.783214000000001 0 1407805 0.2697 0.000662790697674609
1645240119529 4 9.137555000000006 0 1394624 0.6437999999999999 0.000662790697674609
1645240121804 3 10.860112 0 988774 0.19870000000000002 0.0006627906976743869
1645240124955 3 11.810485 0 808061 0.1548 0.00043023255813956496
1645240129002 3 11.798811999999998 0 995677 0.19419999999999998 0.00043023255813956496
1645240132961 3 11.784261999999998 0 924757 0.186 0.00043023255813956496
1645240137150 3 11.778918000000004 0 808228 0.15760000000000002 0.00043023255813956496
1645240140881 4 11.999310000000008 0 1565699 0.3061 0.00043023255813956496
1645240144916 4 11.994613000000015 0 1268922 0.2434 0.000662790697674609
1645240149217 4 11.733796000000012 0 1406335 0.2698 0.000662790697674609
1645240152969 4 11.97601800000001 0 1381377 0.2647 0.000662790697674609
1645240156902 4 11.967422999999997 0 1475162 0.2827 0.000662790697674609
1645240161257 4 11.711623000000003 0 1430482 0.2746 0.000662790697674609
1645240165122 4 11.701986000000005 0 1439994 0.2764 0.000662790697674609
1645240168913 4 11.945031999999998 0 1405476 0.2696 0.000662790697674609
1645240173169 4 11.683068999999989 0 1382866 0.2653 0.000662790697674609
1645240177274 4 11.672714000000013 0 1303196 0.2494 0.000662790697674609
1645240180826 4 11.912544999999994 0 1538814 0.2949 0.000662790697674609
1645240185159 4 11.651378999999991 0 1423261 0.27290000000000003 0.000662790697674609
1645240188897 4 11.888821000000007 0 1377859 0.2641 0.000662790697674609
1645240193174 4 11.634788000000015 0 1396488 0.2676 0.000662790697674609
1645240197206 4 11.620059999999995 0 1265878 0.2426 0.000662790697674609
1645240201145 4 11.616025000000008 0 1474721 0.2834 0.000662790697674609
1645240205346 4 11.601141000000013 0 1357016 0.26 0.000662790697674609
1645240209342 4 11.587239000000011 0 1508969 0.2894 0.000662790697674609
1645240213160 4 11.579702999999995 0 1420161 0.2719 0.000662790697674609
1645240216952 4 11.818936000000008 0 1394798 0.2678 0.000662790697674609
1645240220955 4 11.81325000000001 0 1499654 0.2874 0.000662790697674609
1645240225118 4 11.800149000000005 0 1323592 0.25379999999999997 0.000662790697674609
1645240229048 4 11.787072999999992 0 1477260 0.2834 0.000662790697674609
1645240232981 4 11.777007999999995 0 1474833 0.28290000000000004 0.000662790697674609
1645240237071 4 11.766919000000001 0 1299401 0.24889999999999998 0.000662790697674609
1645240241240 4 11.505735000000016 0 1595638 0.306 0.000662790697674609
1645240245309 4 11.498887999999994 0 1282380 0.24569999999999997 0.000662790697674609
1645240249101 4 11.739532999999994 0 1402228 0.269 0.000662790697674609
1645240252904 4 11.983812 0 1404885 0.2692 0.000662790697674609
1645240256795 4 11.971820000000008 0 1453425 0.2781 0.000662790697674609
1645240261197 4 11.71797699999999 0 1453998 0.2787 0.000662790697674609
1645240265024 4 11.955539000000016 0 1424197 0.273 0.000662790697674609
1645240268830 4 11.948031000000015 0 1409895 0.2699 0.000662790697674609
1645240273083 4 11.681955000000016 0 1381516 0.2645 0.000662790697674609
1645240277185 4 11.670344999999998 0 1298461 0.24900000000000003 0.000662790697674609
1645240281215 4 11.665314000000023 0 1530017 0.29300000000000004 0.000662790697674609
1645240285069 4 11.906481999999983 0 1437352 0.27549999999999997 0.000662790697674609
1645240289250 4 11.652514999999994 0 1344879 0.2578 0.000662790697674609
1645240293206 4 11.648690999999985 0 1490910 0.2854 0.000662790697674609
1645240298926 4 9.820677999999987 0 1264017 0.5605 0.000662790697674609
1645240302034 4 10.705331999999999 0 1458446 0.28809999999999997 0.000662790697674609
1645240304751 4 11.988816999999983 0 1366050 0.2615 0.000662790697674609
1645240309311 4 11.604946999999981 0 1540108 0.2952 0.000662790697674609
1645240313146 4 11.591308000000026 0 1421303 0.27280000000000004 0.000662790697674609
1645240317351 4 11.580489 0 1359213 0.2604 0.000662790697674609
1645240321358 4 11.571135000000027 0 1514199 0.29 0.000662790697674609
1645240324949 4 11.81598600000001 0 1296661 0.24900000000000003 0.000662790697674609
1645240329117 4 11.807547999999997 0 1340186 0.25680000000000003 0.000662790697674609
1645240333053 4 11.801990999999987 0 1478975 0.2835 0.000662790697674609
1645240337249 4 11.546064999999999 0 1342511 0.2581 0.000662790697674609
1645240341282 4 11.540711999999985 0 1527618 0.2928 0.000662790697674609
1645240345383 4 11.526888999999983 0 1297467 0.24910000000000002 0.000662790697674609

