1645247194719 1 3.999999 5307 346799 0.5156 -22.8201
1645247198122 0 4.615660999999999 0 213385 0.3165 0.00017441860465117198
1645247200351 0 6.3851700000000005 0 141806 0.2111 0.00006976744186043549
1645247202127 0 8.609986000000001 0 112578 0.1679 0.00006976744186043549
1645247203424 0 11.312973 0 80671 0.11750000000000001 0.00006976744186043549
1645247207056 0 11.758778999999999 0 68729 0.1006 0.00006976744186043549
1645247211235 0 11.502233 0 137895 0.2062 0.00006976744186043549
1645247215048 0 11.748213999999997 0 114138 0.1703 0.00006976744186043549
1645247219035 0 11.737660000000002 0 126013 0.187 0.00006976744186043549
1645247222887 0 11.981235000000002 0 217236 0.32389999999999997 0.00006976744186043549
1645247226779 0 11.971073000000004 0 219398 0.32639999999999997 0.00006976744186043549
1645247231039 0 11.713623000000005 0 177648 0.264 0.00006976744186043549
1645247235145 0 11.707642 0 166856 0.24969999999999998 0.00006976744186043549
1645247239086 0 11.698445 0 223685 0.3335 0.00006976744186043549
1645247243258 0 11.683135 0 206455 0.30720000000000003 0.00006976744186043549
1645247247165 0 11.671212000000004 0 121534 0.1802 0.00006976744186043549
1645247251310 0 11.660537000000005 0 105092 0.15360000000000001 0.00006976744186043549
1645247254861 0 11.904956000000006 0 63086 0.0935 0.00006976744186043549
1645247259278 0 11.64894600000001 0 87739 0.1295 0.00006976744186043549
1645247263172 0 11.63418 0 152905 0.2278 0.00006976744186043549
1645247267275 0 11.621876 0 100587 0.1487 0.00006976744186043549
1645247271171 0 11.612997000000007 0 186001 0.2784 0.00006976744186043549
1645247275273 0 11.606764999999996 0 201620 0.2999 0.00006976744186043549
1645247279117 0 11.850757999999999 0 218012 0.324 0.00006976744186043549
1645247283043 0 11.845228000000006 0 123058 0.1822 0.00006976744186043549
1645247287133 0 11.837469999999996 0 198856 0.29769999999999996 0.00006976744186043549
1645247291055 0 11.829177000000001 0 223061 0.33130000000000004 0.00006976744186043549
1645247295311 0 11.573813000000001 0 143385 0.2137 0.00006976744186043549
1645247299144 0 11.81228800000001 0 117021 0.1726 0.00006976744186043549
1645247302982 0 11.804797000000008 0 83595 0.12250000000000001 0.00006976744186043549
1645247307107 0 11.799258000000009 0 68011 0.0993 0.00006976744186043549
1645247311217 0 11.541334000000006 0 134264 0.1991 0.00006976744186043549
1645247315011 0 11.780243999999996 0 113722 0.1679 0.00006976744186043549
1645247319450 0 11.522958000000003 0 122694 0.1822 0.00006976744186043549
1645247322751 0 11.985422 0 215146 0.3191 0.00006976744186043549
1645247327018 0 11.761876 0 213339 0.3167 0.00006976744186043549
1645247331269 0 11.504840000000002 0 176949 0.2638 0.00006976744186043549
1645247335220 0 11.748334 0 158356 0.2351 0.00006976744186043549
1645247339115 0 11.738426000000004 0 219852 0.32799999999999996 0.00006976744186043549
1645247343150 0 11.729962 0 196864 0.2928 0.00006976744186043549
1645247346977 0 11.973372000000012 0 116610 0.1726 0.00006976744186043549
1645247351201 0 11.712455000000006 0 107223 0.1609 0.00006976744186043549
1645247355258 0 11.704538000000014 0 64332 0.09330000000000001 0.00006976744186043549
1645247359194 0 11.690440999999993 0 88753 0.132 0.00006976744186043549
1645247363086 0 11.674319999999994 0 153489 0.22799999999999998 0.00006976744186043549
1645247367212 0 11.665382999999991 0 101805 0.15109999999999998 0.00006976744186043549
1645247371105 0 11.65379999999999 0 186822 0.2781 0.00006976744186043549
1645247375186 0 11.645077000000015 0 200149 0.29769999999999996 0.00006976744186043549
1645247378983 0 11.887707000000006 0 215305 0.3194 0.00006976744186043549
1645247383005 0 11.874513000000007 0 128759 0.19190000000000002 0.00006976744186043549
1645247387070 0 11.862574999999993 0 199367 0.29500000000000004 0.00006976744186043549
1645247390962 0 11.848642000000012 0 220759 0.329 0.00006976744186043549
1645247395290 0 11.583596999999997 0 149511 0.2232 0.00006976744186043549
1645247399177 0 11.576641999999993 0 118879 0.1775 0.00006976744186043549
1645247403063 0 11.817504000000014 0 85418 0.1271 0.00006976744186043549
1645247407195 0 11.560463999999996 0 68807 0.10069999999999998 0.00006976744186043549
1645247411271 0 11.550690000000003 0 132565 0.1966 0.00006976744186043549
1645247415136 0 11.787803999999994 0 117262 0.1749 0.00006976744186043549
1645247418979 0 11.779573 0 116418 0.1728 0.00006976744186043549
1645247423426 0 11.515650999999991 0 223024 0.3335 0.00006976744186043549
1645247427225 0 11.75636399999999 0 214538 0.3194 0.00006976744186043549
1645247430991 0 11.745550000000009 0 178191 0.2666 0.00006976744186043549
1645247434968 0 11.989820000000009 0 161454 0.2378 0.00006976744186043549
1645247439222 0 11.728212000000013 0 212225 0.3144 0.00006976744186043549
1645247443248 0 11.719706000000002 0 195858 0.2926 0.00006976744186043549
1645247447131 0 11.713827000000009 0 119665 0.1775 0.00006976744186043549
1645247450850 0 11.958821999999998 0 108667 0.16060000000000002 0.00006976744186043549
1645247454897 0 11.949049000000002 0 64782 0.09340000000000001 0.00006976744186043549
1645247459294 0 11.692898000000014 0 87523 0.1296 0.00006976744186043549
1645247463243 0 11.669455000000028 0 155607 0.23279999999999998 0.00006976744186043549
1645247466839 0 11.913261999999975 0 100404 0.1488 0.00006976744186043549
1645247471161 0 11.656970999999999 0 183614 0.2714 0.00006976744186043549
1645247475193 0 11.650342000000023 0 197686 0.2929 0.00006976744186043549
1645247479039 0 11.89271500000001 0 217520 0.3241 0.00006976744186043549
1645247483109 0 11.634374999999977 0 132353 0.1961 0.00006976744186043549
1645247487194 0 11.622802999999976 0 199853 0.2976 0.00006976744186043549
1645247491158 0 11.612907000000007 0 225614 0.3361 0.00006976744186043549
1645247495014 0 11.849293999999986 0 150477 0.2253 0.00006976744186043549
1645247499379 0 11.59118699999999 0 117995 0.17529999999999998 0.00006976744186043549
1645247503259 0 11.585194999999999 0 86503 0.1268 0.00006976744186043549
1645247507365 0 11.57663500000001 0 67335 0.0982 0.00006976744186043549
1645247510950 0 11.821551999999997 0 132169 0.1967 0.00006976744186043549
1645247515336 0 11.564448000000027 0 118800 0.1775 0.00006976744186043549
1645247519182 0 11.797871999999984 0 116618 0.17270000000000002 0.00006976744186043549

