1645246714038 1 3.999999 1248 346799 0.1078 -5.3664
1645246716601 3 5.449408999999999 0 755039 0.2347 0.000174418604651283
1645246719297 3 6.751265000000001 0 835161 0.2597 0.00043023255813956496
1645246722231 3 7.816303000000001 0 908792 0.28290000000000004 0.00043023255813956496
1645246724837 3 9.214336 0 804438 0.2499 0.00043023255813956496
1645246727530 3 10.517511999999998 0 828659 0.25880000000000003 0.00043023255813956496
1645246730555 3 11.495261 0 937332 0.2915 0.00043023255813956496
1645246734575 3 11.719560999999999 0 776416 0.24169999999999997 0.00043023255813956496
1645246738366 3 11.715480000000003 0 1025687 0.319 0.00043023255813956496
1645246743745 3 10.301914000000004 0 815426 0.5282 0.00043023255813956496
1645246746736 3 11.317833 0 884625 0.2797 0.00043023255813956496
1645246750161 3 11.943867000000004 0 904952 0.282 0.00043023255813956496
1645246754242 3 11.939049000000004 0 954418 0.2975 0.00043023255813956496
1645246758173 3 11.933519000000004 0 910446 0.28300000000000003 0.00043023255813956496
1645246762147 3 11.920949 0 922454 0.2871 0.00043023255813956496
1645246766191 3 11.914941000000006 0 942842 0.2938 0.00043023255813956496
1645246770543 3 11.657117 0 884128 0.2751 0.00043023255813956496
1645246774225 3 11.899644000000002 0 828263 0.25830000000000003 0.00043023255813956496
1645246778374 3 11.889837999999997 0 981175 0.3054 0.00043023255813956496
1645246782411 3 11.882460000000009 0 939007 0.2922 0.00043023255813956496
1645246786630 3 11.620263000000008 0 841370 0.26230000000000003 0.00043023255813956496
1645246790189 3 11.858845000000002 0 947658 0.2948 0.00043023255813956496
1645246796038 3 10.010440000000003 0 828958 0.5705 0.00043023255813956496
1645246799326 3 10.721261999999996 0 977791 0.30920000000000003 0.00043023255813956496
1645246802074 3 11.973759000000001 0 847215 0.2637 0.00043023255813956496
1645246806224 3 11.829424000000003 0 978032 0.3026 0.00043023255813956496
1645246810239 3 11.821126000000007 0 934237 0.2906 0.00043023255813956496
1645246814619 3 11.561712999999997 0 889600 0.2772 0.00043023255813956496
1645246818301 3 11.806382999999997 0 988774 0.3073 0.00043023255813956496
1645246822419 3 11.799900000000008 0 808061 0.25129999999999997 0.00043023255813956496
1645246826616 3 11.540205 0 995677 0.31 0.00043023255813956496
1645246830596 3 11.532483 0 924757 0.2875 0.00043023255813956496
1645246834716 3 11.527183000000008 0 808228 0.2519 0.00043023255813956496
1645246838478 3 11.75995900000001 0 1014212 0.3151 0.00043023255813956496
1645246842711 3 11.499491000000006 0 845218 0.2626 0.00043023255813956496
1645246846146 3 11.991905000000003 0 910767 0.2837 0.00043023255813956496
1645246850557 3 11.734702999999996 0 901777 0.28090000000000004 0.00043023255813956496
1645246854169 3 11.976264000000015 0 967347 0.3013 0.00043023255813956496
1645246860060 3 9.987848000000014 0 935273 0.5771 0.00043023255813956496
1645246863156 3 10.891998000000001 0 916928 0.28969999999999996 0.00043023255813956496
1645246866183 3 11.864475999999996 0 940743 0.2925 0.00043023255813956496
1645246870516 3 11.682349000000016 0 877888 0.273 0.00043023255813956496
1645246874236 3 11.924775000000011 0 839766 0.2615 0.00043023255813956496
1645246878381 3 11.918385 0 976062 0.3039 0.00043023255813956496
1645246882466 3 11.658155999999991 0 958353 0.2985 0.00043023255813956496
1645246886169 3 11.90486899999999 0 836268 0.26080000000000003 0.00043023255813956496
1645246890289 3 11.893597 0 968967 0.30219999999999997 0.00043023255813956496
1645246894459 3 11.638244000000014 0 825839 0.2569 0.00043023255813956496
1645246898592 3 11.63144299999999 0 974212 0.3032 0.00043023255813956496
1645246902397 3 11.866028 0 867483 0.2701 0.00043023255813956496
1645246906570 3 11.605985000000004 0 987232 0.3073 0.00043023255813956496
1645246910539 3 11.597047000000003 0 921956 0.2868 0.00043023255813956496
1645246914485 3 11.592120999999992 0 913803 0.28450000000000003 0.00043023255813956496
1645246920087 3 9.960364999999996 0 958215 0.5498999999999999 0.00043023255813956496
1645246922927 3 11.120339000000001 0 832934 0.2638 0.00043023255813956496
1645246926158 3 11.890455000000003 0 1005593 0.3127 0.00043023255813956496
1645246930679 3 11.560007000000013 0 935985 0.2915 0.00043023255813956496
1645246934275 3 11.805868000000004 0 802415 0.24910000000000002 0.00043023255813956496
1645246938487 3 11.795251000000007 0 999009 0.3113 0.00043023255813956496
1645246942290 3 11.789110999999991 0 869418 0.2707 0.00043023255813956496
1645246946689 3 11.53216599999999 0 897686 0.2797 0.00043023255813956496
1645246950291 3 11.776095999999995 0 960141 0.2989 0.00043023255813956496
1645246954736 3 11.507429000000002 0 914618 0.2847 0.00043023255813956496
1645246958293 3 11.997727999999995 0 949031 0.2953 0.00043023255813956496
1645246962263 3 11.990836999999999 0 919929 0.28650000000000003 0.00043023255813956496
1645246966269 3 11.981680000000011 0 930570 0.28969999999999996 0.00043023255813956496
1645246970150 3 11.976816999999983 0 894188 0.2783 0.00043023255813956496
1645246974350 3 11.713546000000008 0 835562 0.2597 0.00043023255813956496
1645246978519 3 11.707374000000016 0 986170 0.30720000000000003 0.00043023255813956496
1645246982603 3 11.695893000000012 0 955812 0.2983 0.00043023255813956496
1645246986314 3 11.929521000000022 0 837688 0.26080000000000003 0.00043023255813956496
1645246990440 3 11.668722000000002 0 972932 0.30310000000000004 0.00043023255813956496
1645246994553 3 11.656244000000015 0 807690 0.2508 0.00043023255813956496
1645246998166 3 11.896500000000003 0 968173 0.3013 0.00043023255813956496
1645247002480 3 11.633486000000005 0 872734 0.27040000000000003 0.00043023255813956496
1645247006170 3 11.879557999999975 0 991679 0.3084 0.00043023255813956496
1645247010671 3 11.623956000000021 0 930061 0.28959999999999997 0.00043023255813956496
1645247014525 3 11.613743999999997 0 884740 0.2753 0.00043023255813956496
1645247018644 3 11.603057999999976 0 968599 0.3019 0.00043023255813956496
1645247024351 3 9.69826999999998 0 848189 0.5605 0.00043023255813956496
1645247027669 3 10.379163000000005 0 989262 0.3122 0.00043023255813956496
1645247030663 3 11.38471800000002 0 929927 0.2894 0.00043023255813956496
1645247034401 3 11.819668999999976 0 845977 0.2633 0.00043023255813956496
1645247038646 3 11.565618000000029 0 1009703 0.3142 0.00043023255813956496
1645247042435 3 11.810275999999988 0 861836 0.2686 0.00043023255813956496

