1645250594702 1 3.999999 2133 346799 0.2031 -9.171899999999999
1645250596153 0 6.555289 0 213385 0.1251 0.00017441860465117198
1645250597086 0 9.622932 0 141806 0.0834 0.00006976744186043549
1645250598841 0 11.882821 0 112578 0.0655 0.00006976744186043549
1645250602906 0 11.876456999999998 0 80671 0.046 0.00006976744186043549
1645250606915 0 11.871766 0 68729 0.0407 0.00006976744186043549
1645250610846 0 11.862604999999999 0 137895 0.0809 0.00006976744186043549
1645250615128 0 11.605483 0 114138 0.0674 0.00006976744186043549
1645250618976 0 11.848946000000002 0 126013 0.0744 0.00006976744186043549
1645250623356 0 11.589269000000002 0 217236 0.12769999999999998 0.00006976744186043549
1645250627241 0 11.581103000000006 0 219398 0.1289 0.00006976744186043549
1645250631381 0 11.574279000000004 0 177648 0.1038 0.00006976744186043549
1645250634951 0 11.819119 0 166856 0.09759999999999999 0.00006976744186043549
1645250639354 0 11.557822999999999 0 223685 0.1303 0.00006976744186043549
1645250643154 0 11.802148000000003 0 206455 0.1204 0.00006976744186043549
1645250646973 0 11.791033000000006 0 121534 0.07189999999999999 0.00006976744186043549
1645250651189 0 11.535478000000005 0 105092 0.0618 0.00006976744186043549
1645250655156 0 11.772121000000006 0 63086 0.036199999999999996 0.00006976744186043549
1645250659270 0 11.512537000000009 0 87739 0.0514 0.00006976744186043549
1645250663276 0 11.505376999999996 0 152905 0.08990000000000001 0.00006976744186043549
1645250666976 0 11.740632000000005 0 100587 0.0596 0.00006976744186043549
1645250671170 0 11.732441000000009 0 186001 0.1086 0.00006976744186043549
1645250674948 0 11.974294999999998 0 201620 0.11739999999999999 0.00006976744186043549
1645250678812 0 11.967394999999996 0 218012 0.12669999999999998 0.00006976744186043549
1645250683133 0 11.705708000000001 0 123058 0.0721 0.00006976744186043549
1645250686901 0 11.948436000000001 0 198856 0.11699999999999999 0.00006976744186043549
1645250690822 0 11.938905000000005 0 223061 0.13140000000000002 0.00006976744186043549
1645250695268 0 11.676170999999997 0 143385 0.0843 0.00006976744186043549
1645250699046 0 11.670923000000002 0 117021 0.068 0.00006976744186043549
1645250703131 0 11.665541000000005 0 83595 0.0489 0.00006976744186043549
1645250707135 0 11.658212000000006 0 68011 0.040100000000000004 0.00006976744186043549
1645250711023 0 11.900953999999999 0 134264 0.0785 0.00006976744186043549
1645250715289 0 11.64518600000001 0 113722 0.0663 0.00006976744186043549
1645250719114 0 11.637630999999999 0 122694 0.072 0.00006976744186043549
1645250722973 0 11.87525500000001 0 215146 0.12589999999999998 0.00006976744186043549
1645250727326 0 11.611226000000016 0 213339 0.1252 0.00006976744186043549
1645250730963 0 11.857315999999997 0 176949 0.10369999999999999 0.00006976744186043549
1645250734988 0 11.851591000000013 0 158356 0.09230000000000001 0.00006976744186043549
1645250738887 0 11.847153999999989 0 219852 0.1295 0.00006976744186043549
1645250743139 0 11.592158000000012 0 196864 0.1153 0.00006976744186043549
1645250746916 0 11.829875000000015 0 116610 0.0683 0.00006976744186043549
1645250751153 0 11.568799000000013 0 107223 0.0636 0.00006976744186043549
1645250755135 0 11.812465000000003 0 64332 0.0373 0.00006976744186043549
1645250759260 0 11.554761000000013 0 88753 0.0521 0.00006976744186043549
1645250763263 0 11.545299 0 153489 0.09040000000000001 0.00006976744186043549
1645250766967 0 11.782458999999989 0 101805 0.060399999999999995 0.00006976744186043549
1645250771167 0 11.769574000000006 0 186822 0.1099 0.00006976744186043549
1645250774950 0 11.761190999999997 0 200149 0.118 0.00006976744186043549
1645250779310 0 11.500708000000003 0 215305 0.1258 0.00006976744186043549
1645250783166 0 11.746433999999994 0 128759 0.0751 0.00006976744186043549
1645250786932 0 11.992232999999999 0 199367 0.1166 0.00006976744186043549
1645250790819 0 11.985137000000009 0 220759 0.12869999999999998 0.00006976744186043549
1645250794797 0 11.975777999999991 0 149511 0.0871 0.00006976744186043549
1645250799104 0 11.719299000000007 0 118879 0.06999999999999999 0.00006976744186043549
1645250803207 0 11.71275 0 85418 0.0495 0.00006976744186043549
1645250807216 0 11.708950000000016 0 68807 0.040799999999999996 0.00006976744186043549
1645250811089 0 11.701278000000002 0 132565 0.0771 0.00006976744186043549
1645250814887 0 11.946668000000017 0 117262 0.0691 0.00006976744186043549
1645250819174 0 11.68900099999999 0 116418 0.0683 0.00006976744186043549
1645250823085 0 11.681725999999998 0 223024 0.1313 0.00006976744186043549
1645250826941 0 11.920460999999989 0 214538 0.12589999999999998 0.00006976744186043549
1645250831081 0 11.662159000000003 0 178191 0.1036 0.00006976744186043549
1645250835134 0 11.653394999999989 0 161454 0.0949 0.00006976744186043549
1645250838977 0 11.891439999999989 0 212225 0.1242 0.00006976744186043549
1645250843226 0 11.63435100000001 0 195858 0.11439999999999999 0.00006976744186043549
1645250847020 0 11.877888000000013 0 119665 0.06899999999999999 0.00006976744186043549
1645250851261 0 11.616107999999997 0 108667 0.0638 0.00006976744186043549
1645250855239 0 11.602562999999975 0 64782 0.0372 0.00006976744186043549
1645250859358 0 11.594719999999995 0 87523 0.0512 0.00006976744186043549
1645250863364 0 11.584190999999976 0 155607 0.0915 0.00006976744186043549
1645250867056 0 11.825460000000021 0 100404 0.058399999999999994 0.00006976744186043549
1645250871246 0 11.562382000000014 0 183614 0.1081 0.00006976744186043549
1645250875011 0 11.803477999999984 0 197686 0.1163 0.00006976744186043549
1645250879383 0 11.54669899999999 0 217520 0.1274 0.00006976744186043549
1645250883271 0 11.530227000000025 0 132353 0.077 0.00006976744186043549
1645250887052 0 11.77202299999999 0 199853 0.11739999999999999 0.00006976744186043549
1645250890961 0 11.766975000000002 0 225614 0.1311 0.00006976744186043549
1645250895442 0 11.504335000000026 0 150477 0.088 0.00006976744186043549
1645250898737 0 11.999230000000011 0 117995 0.06899999999999999 0.00006976744186043549
1645250902852 0 11.992090000000019 0 86503 0.0509 0.00006976744186043549
1645250906842 0 11.979006000000027 0 67335 0.0391 0.00006976744186043549
1645250911227 0 11.717889000000014 0 132169 0.0777 0.00006976744186043549
1645250915036 0 11.711092000000008 0 118800 0.07039999999999999 0.00006976744186043549
1645250918818 0 11.950660000000028 0 116618 0.0684 0.00006976744186043549

