1645243883256 1 3.999999 2696 346799 0.2582 -11.592799999999999
1645243885041 0 6.228349 0 213385 0.1583 0.00017441860465117198
1645243886205 0 9.063648 0 141806 0.1062 0.00006976744186043549
1645243887635 0 11.669983000000002 0 112578 0.08299999999999999 0.00006976744186043549
1645243891841 0 11.659576999999999 0 80671 0.0593 0.00006976744186043549
1645243895459 0 11.901665999999999 0 68729 0.051000000000000004 0.00006976744186043549
1645243899605 0 11.894386999999998 0 137895 0.1026 0.00006976744186043549
1645243903555 0 11.889402 0 114138 0.0853 0.00006976744186043549
1645243907598 0 11.881803000000001 0 126013 0.0944 0.00006976744186043549
1645243911814 0 11.626214000000001 0 217236 0.1618 0.00006976744186043549
1645243915539 0 11.87198 0 219398 0.1628 0.00006976744186043549
1645243919442 0 11.864371000000006 0 177648 0.13040000000000002 0.00006976744186043549
1645243923784 0 11.609380000000002 0 166856 0.1242 0.00006976744186043549
1645243927541 0 11.848701000000005 0 223685 0.1663 0.00006976744186043549
1645243931678 0 11.839603000000004 0 206455 0.1535 0.00006976744186043549
1645243935691 0 11.579943 0 121534 0.0915 0.00006976744186043549
1645243939588 0 11.825209000000001 0 105092 0.0787 0.00006976744186043549
1645243943657 0 11.816785000000003 0 63086 0.046700000000000005 0.00006976744186043549
1645243947915 0 11.561191000000008 0 87739 0.0648 0.00006976744186043549
1645243951640 0 11.804158999999999 0 152905 0.11259999999999999 0.00006976744186043549
1645243955491 0 11.797487000000004 0 100587 0.0741 0.00006976744186043549
1645243959978 0 11.538424000000006 0 186001 0.1375 0.00006976744186043549
1645243963579 0 11.784490000000005 0 201620 0.1502 0.00006976744186043549
1645243967802 0 11.526297999999997 0 218012 0.16160000000000002 0.00006976744186043549
1645243971811 0 11.513686000000007 0 123058 0.0906 0.00006976744186043549
1645243975901 0 11.50422900000001 0 198856 0.1479 0.00006976744186043549
1645243979753 0 11.748128000000008 0 223061 0.1662 0.00006976744186043549
1645243983426 0 11.992115999999996 0 143385 0.1069 0.00006976744186043549
1645243987401 0 11.977556000000007 0 117021 0.0866 0.00006976744186043549
1645243991617 0 11.719470000000001 0 83595 0.061399999999999996 0.00006976744186043549
1645243995716 0 11.714274000000003 0 68011 0.0501 0.00006976744186043549
1645243999805 0 11.704504 0 134264 0.0991 0.00006976744186043549
1645244003749 0 11.697417000000002 0 113722 0.0841 0.00006976744186043549
1645244007767 0 11.687891000000008 0 122694 0.0911 0.00006976744186043549
1645244011469 0 11.927591000000007 0 215146 0.1595 0.00006976744186043549
1645244015657 0 11.66771700000001 0 213339 0.15789999999999998 0.00006976744186043549
1645244019588 0 11.908726000000001 0 176949 0.132 0.00006976744186043549
1645244023856 0 11.652543000000009 0 158356 0.1172 0.00006976744186043549
1645244027594 0 11.891987 0 219852 0.1639 0.00006976744186043549
1645244031662 0 11.63096999999999 0 196864 0.1469 0.00006976744186043549
1645244035633 0 11.875074000000012 0 116610 0.0866 0.00006976744186043549
1645244039528 0 11.866841999999991 0 107223 0.07970000000000001 0.00006976744186043549
1645244043606 0 11.855150000000009 0 64332 0.0477 0.00006976744186043549
1645244047866 0 11.596582000000012 0 88753 0.0661 0.00006976744186043549
1645244051613 0 11.83275900000001 0 153489 0.1152 0.00006976744186043549
1645244055468 0 11.825758000000008 0 101805 0.0752 0.00006976744186043549
1645244059462 0 11.819558 0 186822 0.1389 0.00006976744186043549
1645244063547 0 11.810236000000003 0 200149 0.1481 0.00006976744186043549
1645244067751 0 11.55136300000001 0 215305 0.15940000000000001 0.00006976744186043549
1645244071816 0 11.540741999999995 0 128759 0.0958 0.00006976744186043549
1645244075894 0 11.535465000000016 0 199367 0.1476 0.00006976744186043549
1645244079631 0 11.777419000000009 0 220759 0.1643 0.00006976744186043549
1645244083845 0 11.522471999999993 0 149511 0.1116 0.00006976744186043549
1645244087815 0 11.517067999999995 0 118879 0.0876 0.00006976744186043549
1645244091551 0 11.75840500000001 0 85418 0.0636 0.00006976744186043549
1645244095668 0 11.74739199999999 0 68807 0.0513 0.00006976744186043549
1645244099753 0 11.740385000000003 0 132565 0.0978 0.00006976744186043549
1645244103738 0 11.731431000000015 0 117262 0.0872 0.00006976744186043549
1645244107702 0 11.723803000000004 0 116418 0.0854 0.00006976744186043549
1645244111481 0 11.968448999999993 0 223024 0.1662 0.00006976744186043549
1645244115674 0 11.710282000000007 0 214538 0.1593 0.00006976744186043549
1645244119604 0 11.703334000000012 0 178191 0.1333 0.00006976744186043549
1645244123397 0 11.948451000000006 0 161454 0.11939999999999999 0.00006976744186043549
1645244127566 0 11.935069999999996 0 212225 0.15689999999999998 0.00006976744186043549
1645244131629 0 11.668500999999992 0 195858 0.14550000000000002 0.00006976744186043549
1645244135605 0 11.912786000000011 0 119665 0.0874 0.00006976744186043549
1645244139511 0 11.903147999999987 0 108667 0.081 0.00006976744186043549
1645244143591 0 11.895396000000005 0 64782 0.0474 0.00006976744186043549
1645244147846 0 11.639231999999993 0 87523 0.0648 0.00006976744186043549
1645244151609 0 11.87731100000002 0 155607 0.1162 0.00006976744186043549
1645244155446 0 11.86928899999998 0 100404 0.0741 0.00006976744186043549
1645244159420 0 11.863155000000006 0 183614 0.1366 0.00006976744186043549
1645244163496 0 11.857260999999994 0 197686 0.14679999999999999 0.00006976744186043549
1645244167711 0 11.596558000000016 0 217520 0.1618 0.00006976744186043549
1645244171788 0 11.581095000000005 0 132353 0.0977 0.00006976744186043549
1645244175866 0 11.574562000000014 0 199853 0.148 0.00006976744186043549
1645244179647 0 11.816340000000025 0 225614 0.1674 0.00006976744186043549
1645244183881 0 11.557162000000005 0 150477 0.1127 0.00006976744186043549
1645244187845 0 11.547774000000004 0 117995 0.0866 0.00006976744186043549
1645244191582 0 11.787891000000002 0 86503 0.0635 0.00006976744186043549
1645244195681 0 11.782147000000009 0 67335 0.05 0.00006976744186043549
1645244199759 0 11.522644000000014 0 132169 0.0979 0.00006976744186043549
1645244203756 0 11.51558 0 118800 0.0889 0.00006976744186043549
1645244207721 0 11.756380999999976 0 116618 0.0863 0.00006976744186043549

