1645234777533 1 3.999999 2383 346799 0.2271 -10.2469
1645234779760 0 5.777463 0 213385 0.1399 0.00017441860465117198
1645234780820 0 8.717362000000001 0 141806 0.09280000000000001 0.00006976744186043549
1645234781685 0 11.853841000000001 0 112578 0.0741 0.00006976744186043549
1645234786066 1 11.610978 0 339137 0.2226 0.000069767441860491
1645234789785 1 11.852433 0 393219 0.2581 0.00017441860465117198
1645234794073 1 11.596982999999998 0 406206 0.266 0.00017441860465117198
1645234797703 1 11.842586 0 303135 0.19890000000000002 0.00017441860465117198
1645234802092 1 11.583360000000003 0 414092 0.2718 0.00017441860465117198
1645234805936 1 11.828599000000004 0 337705 0.22160000000000002 0.00017441860465117198
1645234809975 1 11.564933000000003 0 366374 0.2407 0.00017441860465117198
1645234813923 1 11.807349000000002 0 352030 0.2311 0.00017441860465117198
1645234818007 1 11.5488 0 371605 0.2439 0.00017441860465117198
1645234822165 1 11.544127000000003 0 385670 0.2536 0.00017441860465117198
1645234826235 1 11.534739000000002 0 374050 0.24500000000000002 0.00017441860465117198
1645234830265 1 11.519795000000002 0 367058 0.24089999999999998 0.00017441860465117198
1645234833872 1 11.735438000000002 0 377983 0.2488 0.00017441860465117198
1645234837653 1 11.982202000000001 0 326924 0.21400000000000002 0.00017441860465117198
1645234841822 1 11.719499999999996 0 388939 0.2549 0.00017441860465117198
1645234846023 1 11.715122000000008 0 392939 0.2579 0.00017441860465117198
1645234850023 1 11.707869000000002 0 362131 0.238 0.00017441860465117198
1645234853831 1 11.935314000000005 0 402712 0.265 0.00017441860465117198
1645234858115 1 11.667294999999996 0 327400 0.21610000000000001 0.00017441860465117198
1645234861873 1 11.88168300000001 0 401133 0.26389999999999997 0.00017441860465117198
1645234866101 1 11.620083000000008 0 317452 0.20939999999999998 0.00017441860465117198
1645234869798 1 11.864868000000001 0 391753 0.2569 0.00017441860465117198
1645234874020 1 11.604580999999996 0 384934 0.25339999999999996 0.00017441860465117198
1645234878065 1 11.599654999999998 0 367179 0.2408 0.00017441860465117198
1645234881745 1 11.84088700000001 0 387965 0.255 0.00017441860465117198
1645234886065 1 11.586701000000005 0 333821 0.2189 0.00017441860465117198
1645234889781 1 11.833391000000006 0 394452 0.2584 0.00017441860465117198
1645234894082 1 11.572490000000002 0 409513 0.268 0.00017441860465117198
1645234897734 1 11.819063999999997 0 307174 0.20190000000000002 0.00017441860465117198
1645234902116 1 11.561189999999996 0 420407 0.27599999999999997 0.00017441860465117198
1645234905979 1 11.80449200000001 0 340231 0.2242 0.00017441860465117198
1645234910054 1 11.521946000000014 0 374730 0.2448 0.00017441860465117198
1645234914019 1 11.766818999999998 0 353022 0.23210000000000003 0.00017441860465117198
1645234917783 1 11.922153000000009 0 393253 0.2582 0.00017441860465117198
1645234921829 1 11.90920299999999 0 368813 0.2407 0.00017441860465117198
1645234925962 1 11.618217000000016 0 372578 0.2451 0.00017441860465117198
1645234930033 1 11.605276000000003 0 374507 0.24500000000000002 0.00017441860465117198
1645234934147 1 11.601746999999989 0 372824 0.2445 0.00017441860465117198
1645234937912 1 11.834814999999992 0 326437 0.21389999999999998 0.00017441860465117198
1645234942034 1 11.573589999999996 0 383127 0.251 0.00017441860465117198
1645234945781 1 11.818821000000014 0 400632 0.2629 0.00017441860465117198
1645234950132 1 11.556877000000014 0 342596 0.2238 0.00017441860465117198
1645234953932 1 11.797154000000006 0 407655 0.2666 0.00017441860465117198
1645234957794 1 11.789508000000012 0 337450 0.2222 0.00017441860465117198
1645234962114 1 11.536282 0 404220 0.2656 0.00017441860465117198
1645234966095 0 11.531148000000002 0 128759 0.0846 0.00017441860465117198
1645234970027 0 11.525484000000006 0 199367 0.13 0.00006976744186043549
1645234974177 0 11.522197000000006 0 220759 0.14450000000000002 0.00006976744186043549
1645234977813 0 11.761874000000006 0 149511 0.09809999999999999 0.00006976744186043549
1645234982245 0 11.506786000000005 0 118879 0.078 0.00006976744186043549
1645234985932 0 11.718952000000002 0 85418 0.055700000000000006 0.00006976744186043549
1645234990014 0 11.743214999999992 0 68807 0.0441 0.00006976744186043549
1645234994023 0 11.734723000000002 0 132565 0.087 0.00006976744186043549
1645234997932 0 11.707495999999992 0 117262 0.077 0.00006976744186043549
1645235001843 0 11.701310000000007 0 116418 0.0761 0.00006976744186043549
1645235005934 0 11.696248999999995 0 223024 0.147 0.00006976744186043549
1645235009975 0 11.68989400000001 0 214538 0.1413 0.00006976744186043549
1645235013774 0 11.935911000000004 0 178191 0.1163 0.00006976744186043549
1645235017944 0 11.677256999999997 0 161454 0.1046 0.00006976744186043549
1645235021956 0 11.673322000000013 0 212225 0.13879999999999998 0.00006976744186043549
1645235025876 0 11.665504999999996 0 195858 0.128 0.00006976744186043549
1645235029787 0 11.908211999999992 0 119665 0.0779 0.00006976744186043549
1645235034127 0 11.65281299999998 0 108667 0.0711 0.00006976744186043549
1645235037729 0 11.810743000000002 0 64782 0.0411 0.00006976744186043549
1645235041924 0 11.807068000000015 0 87523 0.05689999999999999 0.00006976744186043549
1645235046074 0 11.551371000000017 0 155607 0.1021 0.00006976744186043549
1645235049863 0 11.794322000000022 0 100404 0.066 0.00006976744186043549
1645235054185 0 11.537157999999977 0 183614 0.12010000000000001 0.00006976744186043549
1645235058125 0 11.527798000000018 0 197686 0.1298 0.00006976744186043549
1645235062194 0 11.524580000000014 0 217520 0.1432 0.00006976744186043549
1645235066177 0 11.51500900000002 0 132353 0.0861 0.00006976744186043549
1645235070154 0 11.511016999999981 0 199853 0.132 0.00006976744186043549
1645235073777 0 11.990319 0 225614 0.1469 0.00006976744186043549
1645235078035 0 11.653119000000004 0 150477 0.09709999999999999 0.00006976744186043549
1645235081944 0 11.643358999999975 0 117995 0.0771 0.00006976744186043549
1645235086127 0 11.639224000000013 0 86503 0.05600000000000001 0.00006976744186043549
1645235089787 0 11.778546000000006 0 67335 0.0435 0.00006976744186043549
1645235093796 0 11.770958000000007 0 132169 0.087 0.00006976744186043549
1645235098224 0 11.512665000000027 0 118800 0.0789 0.00006976744186043549

