1645236835797 1 3.999999 1240 346799 0.10940000000000001 -5.332
1645236836675 0 7.132369 0 213385 0.0674 0.00017441860465117198
1645236837223 0 10.583951 0 141806 0.045 0.00006976744186043549
1645236840173 0 11.741088000000001 0 112578 0.034999999999999996 0.00006976744186043549
1645236844069 0 11.985838 0 80671 0.029099999999999997 0.00006976744186043549
1645236847925 0 11.976251 0 68729 0.0257 0.00006976744186043549
1645236852004 0 11.966632999999998 0 137895 0.0474 0.00006976744186043549
1645236856006 0 11.957761999999999 0 114138 0.0403 0.00006976744186043549
1645236860045 0 11.951336000000001 0 126013 0.044 0.00006976744186043549
1645236863870 0 11.941907000000004 0 217236 0.0727 0.00006976744186043549
1645236868206 0 11.682349000000002 0 219398 0.0737 0.00006976744186043549
1645236871904 0 11.928304000000004 0 177648 0.0595 0.00006976744186043549
1645236876068 0 11.918616 0 166856 0.056499999999999995 0.00006976744186043549
1645236879920 0 11.915363 0 223685 0.075 0.00006976744186043549
1645236884218 0 11.656166000000006 0 206455 0.06889999999999999 0.00006976744186043549
1645236888247 0 11.650953000000001 0 121534 0.0422 0.00006976744186043549
1645236892228 0 11.646566 0 105092 0.0374 0.00006976744186043549
1645236896068 0 11.888163000000006 0 63086 0.0236 0.00006976744186043549
1645236899983 0 11.882326000000006 0 87739 0.0312 0.00006976744186043549
1645236904104 0 11.873162000000008 0 152905 0.0519 0.00006976744186043549
1645236908068 0 11.868262999999999 0 100587 0.0363 0.00006976744186043549
1645236912302 0 11.613763000000006 0 186001 0.0633 0.00006976744186043549
1645236916075 0 11.856278000000003 0 201620 0.0675 0.00006976744186043549
1645236920414 0 11.601950000000002 0 218012 0.0731 0.00006976744186043549
1645236923990 0 11.843997000000002 0 123058 0.0454 0.00006976744186043549
1645236928284 0 11.585355000000007 0 198856 0.068 0.00006976744186043549
1645236932317 0 11.500267000000008 0 223061 0.075 0.00006976744186043549
1645236935921 0 11.993779000000004 0 143385 0.0491 0.00006976744186043549
1645236939923 0 11.988438000000002 0 117021 0.0403 0.00006976744186043549
1645236943828 0 11.984780999999998 0 83595 0.0304 0.00006976744186043549
1645236948191 0 11.726690000000005 0 68011 0.0264 0.00006976744186043549
1645236952256 0 11.72041800000001 0 134264 0.046400000000000004 0.00006976744186043549
1645236956251 0 11.713023000000007 0 113722 0.039900000000000005 0.00006976744186043549
1645236960285 0 11.693611000000004 0 122694 0.0423 0.00006976744186043549
1645236964114 0 11.93888100000001 0 215146 0.072 0.00006976744186043549
1645236967939 0 11.930948 0 213339 0.0722 0.00006976744186043549
1645236972135 0 11.673305999999997 0 176949 0.0596 0.00006976744186043549
1645236976278 0 11.667405000000002 0 158356 0.0539 0.00006976744186043549
1645236980118 0 11.892817000000008 0 219852 0.0726 0.00006976744186043549
1645236984388 0 11.636166000000003 0 196864 0.0663 0.00006976744186043549
1645236988402 0 11.629070000000013 0 116610 0.0403 0.00006976744186043549
1645236992391 0 11.621353 0 107223 0.0381 0.00006976744186043549
1645236996250 0 11.615273000000002 0 64332 0.0243 0.00006976744186043549
1645237000185 0 11.856727000000006 0 88753 0.032600000000000004 0.00006976744186043549
1645237004314 0 11.603126000000003 0 153489 0.0522 0.00006976744186043549
1645237008282 0 11.595978000000002 0 101805 0.0363 0.00006976744186043549
1645237012019 0 11.841557999999992 0 186822 0.0637 0.00006976744186043549
1645237016289 0 11.587266999999997 0 200149 0.06720000000000001 0.00006976744186043549
1645237020104 0 11.829108999999988 0 215305 0.07189999999999999 0.00006976744186043549
1645237024153 0 11.816250999999994 0 128759 0.0451 0.00006976744186043549
1645237028422 0 11.55886799999999 0 199367 0.0665 0.00006976744186043549
1645237032261 0 11.551333999999997 0 220759 0.0733 0.00006976744186043549
1645237036382 0 11.542393000000004 0 149511 0.0511 0.00006976744186043549
1645237040414 0 11.535117000000014 0 118879 0.041299999999999996 0.00006976744186043549
1645237044334 0 11.526069000000007 0 85418 0.0312 0.00006976744186043549
1645237048211 0 11.762438000000003 0 68807 0.0251 0.00006976744186043549
1645237052268 0 11.75606400000001 0 132565 0.0458 0.00006976744186043549
1645237056289 0 11.749052000000006 0 117262 0.0411 0.00006976744186043549
1645237060302 0 11.741814000000005 0 116418 0.0407 0.00006976744186043549
1645237064157 0 11.725437999999997 0 223024 0.0745 0.00006976744186043549
1645237067982 0 11.969009 0 214538 0.0721 0.00006976744186043549
1645237072197 0 11.706241000000006 0 178191 0.059 0.00006976744186043549
1645237076351 0 11.698693999999989 0 161454 0.05500000000000001 0.00006976744186043549
1645237080166 0 11.688304000000016 0 212225 0.0715 0.00006976744186043549
1645237083940 0 11.930239999999998 0 195858 0.0668 0.00006976744186043549
1645237087958 0 11.922208000000012 0 119665 0.0418 0.00006976744186043549
1645237091942 0 11.918473000000006 0 108667 0.0385 0.00006976744186043549
1645237096284 0 11.66010799999998 0 64782 0.024399999999999998 0.00006976744186043549
1645237100195 0 11.655774000000008 0 87523 0.0312 0.00006976744186043549
1645237104332 0 11.64180399999998 0 155607 0.053200000000000004 0.00006976744186043549
1645237108295 0 11.634439999999984 0 100404 0.035699999999999996 0.00006976744186043549
1645237112015 0 11.871747000000028 0 183614 0.0623 0.00006976744186043549
1645237116287 0 11.613448000000005 0 197686 0.0664 0.00006976744186043549
1645237120116 0 11.858700999999996 0 217520 0.0722 0.00006976744186043549
1645237124173 0 11.84935999999999 0 132353 0.045700000000000005 0.00006976744186043549
1645237128441 0 11.59102999999999 0 199853 0.06720000000000001 0.00006976744186043549
1645237132298 0 11.576910999999996 0 225614 0.0753 0.00006976744186043549
1645237136433 0 11.566210000000012 0 150477 0.0522 0.00006976744186043549
1645237140445 0 11.56018899999998 0 117995 0.0409 0.00006976744186043549
1645237144368 0 11.547273000000018 0 86503 0.0317 0.00006976744186043549
1645237148234 0 11.769445000000019 0 67335 0.0254 0.00006976744186043549
1645237152319 0 11.508129999999994 0 132169 0.0463 0.00006976744186043549
1645237155842 0 11.999369999999999 0 118800 0.0422 0.00006976744186043549
1645237159875 0 11.984460000000013 0 116618 0.0422 0.00006976744186043549
1645237164229 0 11.727255000000014 0 222296 0.0748 0.00006976744186043549

