1645234348103 1 3.999999 843 346799 0.0716 -3.6249
1645234348734 0 7.391769 0 213385 0.0443 0.00017441860465117198
1645234349123 0 11.000648 0 141806 0.0294 0.00006976744186043549
1645234352453 0 11.851960000000002 0 112578 0.023200000000000002 0.00006976744186043549
1645234356306 0 11.844760999999998 0 80671 0.0253 0.00006976744186043549
1645234360639 0 11.590656999999998 0 68729 0.0227 0.00006976744186043549
1645234364614 0 11.579016 0 137895 0.036699999999999997 0.00006976744186043549
1645234368538 0 11.820905 0 114138 0.0325 0.00006976744186043549
1645234372486 0 11.814474000000004 0 126013 0.0346 0.00006976744186043549
1645234376617 0 11.553542000000004 0 217236 0.0533 0.00006976744186043549
1645234380751 0 11.546159000000003 0 219398 0.0531 0.00006976744186043549
1645234384798 0 11.536041000000004 0 177648 0.044700000000000004 0.00006976744186043549
1645234388820 0 11.526755000000001 0 166856 0.0428 0.00006976744186043549
1645234392464 0 11.767431000000002 0 223685 0.054200000000000005 0.00006976744186043549
1645234396567 0 11.758329000000003 0 206455 0.0503 0.00006976744186043549
1645234400497 0 11.746744 0 121534 0.033 0.00006976744186043549
1645234404388 0 11.741860000000003 0 105092 0.0293 0.00006976744186043549
1645234408209 0 11.975926000000001 0 63086 0.0221 0.00006976744186043549
1645234412563 0 11.717962999999997 0 87739 0.0252 0.00006976744186043549
1645234416572 0 11.712287000000003 0 152905 0.039900000000000005 0.00006976744186043549
1645234420462 0 11.706125999999998 0 100587 0.028699999999999996 0.00006976744186043549
1645234424526 0 11.701065999999997 0 186001 0.0461 0.00006976744186043549
1645234428631 0 11.6918 0 201620 0.0504 0.00006976744186043549
1645234432259 0 11.934641999999997 0 218012 0.0529 0.00006976744186043549
1645234436693 0 11.669044 0 123058 0.033100000000000004 0.00006976744186043549
1645234440287 0 11.910913000000008 0 198856 0.0497 0.00006976744186043549
1645234444545 0 11.590123000000006 0 223061 0.054200000000000005 0.00006976744186043549
1645234448521 0 11.834638999999996 0 143385 0.0377 0.00006976744186043549
1645234452451 0 11.828647000000004 0 117021 0.0325 0.00006976744186043549
1645234456793 0 11.570771000000008 0 83595 0.0247 0.00006976744186043549
1645234460617 0 11.565751000000006 0 68011 0.0222 0.00006976744186043549
1645234464574 0 11.554912999999999 0 134264 0.036 0.00006976744186043549
1645234468487 0 11.792749999999998 0 113722 0.0312 0.00006976744186043549
1645234472419 0 11.786181 0 122694 0.0328 0.00006976744186043549
1645234476538 0 11.779883000000012 0 215146 0.0521 0.00006976744186043549
1645234480660 0 11.521463000000011 0 213339 0.0519 0.00006976744186043549
1645234484713 0 11.514258000000012 0 176949 0.0446 0.00006976744186043549
1645234488716 0 11.507993999999997 0 158356 0.040799999999999996 0.00006976744186043549
1645234492853 0 11.503965999999991 0 219852 0.0541 0.00006976744186043549
1645234496436 0 11.750061000000017 0 196864 0.048299999999999996 0.00006976744186043549
1645234500352 0 11.991038000000003 0 116610 0.0322 0.00006976744186043549
1645234504252 0 11.987096000000008 0 107223 0.0295 0.00006976744186043549
1645234508562 0 11.732087000000007 0 64332 0.0214 0.00006976744186043549
1645234512431 0 11.72554199999999 0 88753 0.0268 0.00006976744186043549
1645234516426 0 11.720044999999999 0 153489 0.039400000000000004 0.00006976744186043549
1645234520316 0 11.963510000000014 0 101805 0.0289 0.00006976744186043549
1645234524386 0 11.956902000000014 0 186822 0.0475 0.00006976744186043549
1645234528485 0 11.698541000000006 0 200149 0.0496 0.00006976744186043549
1645234532616 0 11.689663999999993 0 215305 0.0526 0.00006976744186043549
1645234536565 0 11.676838000000004 0 128759 0.0344 0.00006976744186043549
1645234540666 0 11.670190999999988 0 199367 0.0493 0.00006976744186043549
1645234544296 0 11.902751999999992 0 220759 0.053200000000000004 0.00006976744186043549
1645234548286 0 11.889699000000007 0 149511 0.0387 0.00006976744186043549
1645234552731 0 11.625888000000003 0 118879 0.0324 0.00006976744186043549
1645234556590 0 11.622019999999992 0 85418 0.0256 0.00006976744186043549
1645234560415 0 11.863610999999992 0 68807 0.0229 0.00006976744186043549
1645234564372 0 11.85802799999999 0 132565 0.0351 0.00006976744186043549
1645234568300 0 11.847331999999994 0 117262 0.032600000000000004 0.00006976744186043549
1645234572734 0 11.581513999999999 0 116418 0.0327 0.00006976744186043549
1645234576384 0 11.82322400000001 0 223024 0.0543 0.00006976744186043549
1645234580522 0 11.810134000000005 0 214538 0.0526 0.00006976744186043549
1645234584587 0 11.555903 0 178191 0.0458 0.00006976744186043549
1645234588597 0 11.540633000000014 0 161454 0.0409 0.00006976744186043549
1645234592716 0 11.531464 0 212225 0.052000000000000005 0.00006976744186043549
1645234596799 0 11.52555799999999 0 195858 0.0481 0.00006976744186043549
1645234600731 0 11.517784000000006 0 119665 0.0328 0.00006976744186043549
1645234604641 0 11.512449000000004 0 108667 0.030699999999999998 0.00006976744186043549
1645234608465 0 11.756609000000026 0 64782 0.0218 0.00006976744186043549
1645234612840 0 11.499048000000016 0 87523 0.0262 0.00006976744186043549
1645234616341 0 11.996213000000012 0 155607 0.040100000000000004 0.00006976744186043549
1645234620231 0 11.992211999999995 0 100404 0.0294 0.00006976744186043549
1645234624306 0 11.982772000000011 0 183614 0.0469 0.00006976744186043549
1645234628413 0 11.964515000000006 0 197686 0.0492 0.00006976744186043549
1645234632558 0 11.685330000000022 0 217520 0.0531 0.00006976744186043549
1645234636512 0 11.677528999999993 0 132353 0.0356 0.00006976744186043549
1645234640611 0 11.67201 0 199853 0.0502 0.00006976744186043549
1645234644253 0 11.911763000000008 0 225614 0.054200000000000005 0.00006976744186043549
1645234648246 0 11.90623800000003 0 150477 0.0393 0.00006976744186043549
1645234652672 0 11.64479399999999 0 117995 0.0324 0.00006976744186043549
1645234656527 0 11.636912999999993 0 86503 0.0251 0.00006976744186043549
1645234660344 0 11.872130000000027 0 67335 0.0219 0.00006976744186043549
1645234664297 0 11.865053999999986 0 132169 0.0351 0.00006976744186043549
1645234668739 0 11.600976000000003 0 118800 0.0329 0.00006976744186043549
1645234672669 0 11.592945999999984 0 116618 0.0325 0.00006976744186043549
1645234676305 0 11.834701999999993 0 222296 0.053500000000000006 0.00006976744186043549

