1645231910049 1 3.999999 1035 346799 0.09330000000000001 -4.4505
1645231911903 1 6.169433 0 363755 0.0983 0.00017441860465117198
1645231913000 1 9.07011 0 362842 0.09759999999999999 0.00017441860465117198
1645231914166 1 11.904112000000001 0 384791 0.1041 0.00017441860465117198
1645231918564 3 11.729997 0 804438 0.21789999999999998 0.000174418604651283
1645231922452 3 11.721065 0 828659 0.2264 0.00043023255813956496
1645231926682 3 11.637031999999998 0 937332 0.2535 0.00043023255813956496
1645231930438 3 11.818708999999998 0 776416 0.2101 0.00043023255813956496
1645231934373 3 11.812470000000001 0 1025687 0.2783 0.00043023255813956496
1645231938701 3 11.550247000000002 0 815426 0.2209 0.00043023255813956496
1645231942718 3 11.534126 0 884625 0.23929999999999998 0.00043023255813956496
1645231946302 3 11.772966000000004 0 904952 0.2454 0.00043023255813956496
1645231950516 3 11.767510000000001 0 954418 0.25830000000000003 0.00043023255813956496
1645231954619 3 11.507535000000004 0 910446 0.2466 0.00043023255813956496
1645231958750 3 11.500077000000005 0 922454 0.2495 0.00043023255813956496
1645231962429 3 11.735295 0 942842 0.2551 0.00043023255813956496
1645231968287 3 9.783091000000006 0 884128 0.5748 0.00043023255813956496
1645231970791 3 11.278997000000004 0 828263 0.2292 0.00043023255813956496
1645231974573 3 11.713250000000002 0 981175 0.2651 0.00043023255813956496
1645231978233 3 11.951203000000007 0 939007 0.2535 0.00043023255813956496
1645231982136 3 11.939604000000003 0 841370 0.227 0.00043023255813956496
1645231986321 3 11.934408000000005 0 947658 0.2564 0.00043023255813956496
1645231990188 3 11.923262000000008 0 828958 0.22400000000000003 0.00043023255813956496
1645231994481 3 11.664558 0 977791 0.265 0.00043023255813956496
1645231998434 3 11.650852999999998 0 847215 0.2299 0.00043023255813956496
1645232002218 3 11.886582000000004 0 978032 0.2644 0.00043023255813956496
1645232007951 3 10.119216000000009 0 934237 0.558 0.00043023255813956496
1645232010627 3 11.443776 0 889600 0.2459 0.00043023255813956496
1645232014443 3 11.818525000000008 0 988774 0.26749999999999996 0.00043023255813956496
1645232018748 3 11.553059000000005 0 808061 0.21800000000000003 0.00043023255813956496
1645232022578 3 11.532035000000008 0 995677 0.27 0.00043023255813956496
1645232026718 3 11.514443999999997 0 924757 0.2493 0.00043023255813956496
1645232030545 3 11.752100999999996 0 808228 0.2192 0.00043023255813956496
1645232034416 3 11.740989999999996 0 1014212 0.2738 0.00043023255813956496
1645232038332 3 11.978578999999996 0 845218 0.2279 0.00043023255813956496
1645232042452 3 11.672792000000015 0 910767 0.24700000000000003 0.00043023255813956496
1645232046522 3 11.650618000000009 0 901777 0.2439 0.00043023255813956496
1645232050255 3 11.886928000000012 0 967347 0.2619 0.00043023255813956496
1645232056362 3 9.707612000000012 0 935273 0.5959 0.00043023255813956496
1645232059166 3 10.905134000000004 0 916928 0.2542 0.00043023255813956496
1645232062371 3 11.832391000000001 0 940743 0.25379999999999997 0.00043023255813956496
1645232066399 3 11.822724999999991 0 877888 0.23679999999999998 0.00043023255813956496
1645232070355 3 11.812793 0 839766 0.2266 0.00043023255813956496
1645232074629 3 11.540547000000004 0 976062 0.2644 0.00043023255813956496
1645232078354 3 11.776434999999992 0 958353 0.2595 0.00043023255813956496
1645232082753 3 11.50546700000001 0 836268 0.2266 0.00043023255813956496
1645232086524 3 11.739122000000009 0 968967 0.2625 0.00043023255813956496
1645232090372 3 11.730884000000003 0 825839 0.22290000000000001 0.00043023255813956496
1645232094168 3 11.972465999999997 0 974212 0.2632 0.00043023255813956496
1645232098275 0 11.959924999999998 0 128759 0.0354 0.00043023255813956496
1645232102439 0 11.694661999999994 0 199367 0.0539 0.00006976744186043549
1645232106151 0 11.938096999999999 0 220759 0.059199999999999996 0.00006976744186043549
1645232110174 0 11.927085000000005 0 149511 0.0402 0.00006976744186043549
1645232114195 0 11.917405000000002 0 118879 0.0375 0.00006976744186043549
1645232118635 0 11.648907000000008 0 85418 0.028399999999999998 0.00006976744186043549
1645232122521 0 11.612380000000002 0 68807 0.0235 0.00006976744186043549
1645232126551 0 11.602717000000013 0 132565 0.0407 0.00006976744186043549
1645232130553 0 11.593005000000005 0 117262 0.0374 0.00006976744186043549
1645232134552 0 11.558358999999996 0 116418 0.0371 0.00006976744186043549
1645232138351 0 11.799788000000007 0 223024 0.0658 0.00006976744186043549
1645232142607 0 11.535726000000011 0 214538 0.0643 0.00006976744186043549
1645232146783 0 11.523317999999989 0 178191 0.054000000000000006 0.00006976744186043549
1645232150438 0 11.73545200000001 0 161454 0.0491 0.00006976744186043549
1645232154179 0 11.975909999999999 0 212225 0.0628 0.00006976744186043549
1645232158397 0 11.715019000000012 0 195858 0.058199999999999995 0.00006976744186043549
1645232162411 0 11.70264499999999 0 119665 0.0372 0.00006976744186043549
1645232166376 0 11.937896000000023 0 108667 0.0346 0.00006976744186043549
1645232170226 0 11.909666000000016 0 64782 0.0229 0.00006976744186043549
1645232174634 0 11.64721400000002 0 87523 0.0289 0.00006976744186043549
1645232178241 0 11.881721000000027 0 155607 0.047799999999999995 0.00006976744186043549
1645232182207 0 11.877782000000025 0 100404 0.0325 0.00006976744186043549
1645232186384 0 11.872420999999974 0 183614 0.054400000000000004 0.00006976744186043549
1645232190601 0 11.600962999999979 0 197686 0.058899999999999994 0.00006976744186043549
1645232194376 0 11.843028000000004 0 217520 0.0648 0.00006976744186043549
1645232198407 0 11.830490999999995 0 132353 0.0409 0.00006976744186043549
1645232202623 0 11.576145999999994 0 199853 0.059699999999999996 0.00006976744186043549
1645232206434 0 11.818709000000013 0 225614 0.0663 0.00006976744186043549
1645232210506 0 11.563759000000005 0 150477 0.046200000000000005 0.00006976744186043549
1645232214502 0 11.807406000000015 0 117995 0.0368 0.00006976744186043549
1645232218408 0 11.788898000000017 0 86503 0.029199999999999997 0.00006976744186043549
1645232222757 0 11.530552 0 67335 0.0233 0.00006976744186043549
1645232226322 0 11.986962000000005 0 132169 0.0407 0.00006976744186043549
1645232230376 0 11.898011999999994 0 118800 0.0372 0.00006976744186043549
1645232234369 0 11.88620800000001 0 116618 0.037 0.00006976744186043549

