1645241080861 1 3.999999 949 346799 0.0804 -4.0807
1645241084111 4 4.761042 0 1312552 0.305 0.000174418604651283
1645241087422 4 5.447144000000001 0 1383123 0.3216 0.000662790697674609
1645241090904 4 5.965450000000001 0 1451767 0.33730000000000004 0.000662790697674609
1645241094054 4 6.814611999999999 0 1308083 0.3043 0.000662790697674609
1645241097176 4 7.693878999999999 0 1299338 0.3016 0.000662790697674609
1645241100667 4 8.201587 0 1453833 0.33849999999999997 0.000662790697674609
1645241103751 4 9.120573999999998 0 1280990 0.2974 0.000662790697674609
1645241107605 4 9.263634000000003 0 1612910 0.3754 0.000662790697674609
1645241110522 4 10.347174000000003 0 1213987 0.2817 0.000662790697674609
1645241113850 4 11.022824 0 1380918 0.3206 0.000662790697674609
1645241117054 4 11.814278000000002 0 1334467 0.31 0.000662790697674609
1645241121069 4 11.869903 0 1463126 0.34049999999999997 0.000662790697674609
1645241125469 4 11.611825000000003 0 1421742 0.3283 0.000662790697674609
1645241128911 4 11.959226000000001 0 1436771 0.3339 0.000662790697674609
1645241133325 4 11.596168000000006 0 1425347 0.3312 0.000662790697674609
1645241137104 4 11.839578000000003 0 1366001 0.3176 0.000662790697674609
1645241141186 4 11.833580000000005 0 1281785 0.2983 0.000662790697674609
1645241145336 4 11.578457 0 1514044 0.35150000000000003 0.000662790697674609
1645241149268 4 11.817400000000006 0 1432783 0.33330000000000004 0.000662790697674609
1645241153125 4 11.807781000000006 0 1401397 0.32530000000000003 0.000662790697674609
1645241157093 4 11.798820000000006 0 1450362 0.337 0.000662790697674609
1645241161138 4 11.785089 0 1266375 0.2945 0.000662790697674609
1645241165218 4 11.779378000000008 0 1497932 0.3479 0.000662790697674609
1645241169366 4 11.516044000000008 0 1308773 0.3041 0.000662790697674609
1645241172985 4 11.884135999999998 0 1516715 0.35209999999999997 0.000662790697674609
1645241177356 4 11.755088999999998 0 1407805 0.3266 0.000662790697674609
1645241181197 4 11.746830000000003 0 1394624 0.3242 0.000662790697674609
1645241185295 4 11.737538999999998 0 1502056 0.3493 0.000662790697674609
1645241189361 4 11.726191 0 1276395 0.2963 0.000662790697674609
1645241192908 4 11.964961000000002 0 1480768 0.34409999999999996 0.000662790697674609
1645241196935 4 11.947579000000005 0 1473992 0.3429 0.000662790697674609
1645241201165 4 11.916759999999996 0 1306146 0.30379999999999996 0.000662790697674609
1645241204914 4 11.955557999999996 0 1565699 0.3637 0.000662790697674609
1645241208968 4 11.900076000000013 0 1268922 0.2934 0.000662790697674609
1645241213344 4 11.642775999999998 0 1406335 0.3275 0.000662790697674609
1645241217157 4 11.888999000000013 0 1381377 0.3209 0.000662790697674609
1645241221187 4 11.884575000000012 0 1475162 0.3424 0.000662790697674609
1645241225114 4 11.873567000000008 0 1430482 0.3325 0.000662790697674609
1645241229065 4 11.865411999999992 0 1439994 0.3348 0.000662790697674609
1645241233434 4 11.605840999999998 0 1405476 0.3265 0.000662790697674609
1645241237251 4 11.84767500000001 0 1382866 0.3215 0.000662790697674609
1645241241381 4 11.584812 0 1303196 0.303 0.000662790697674609
1645241245073 4 11.800061999999997 0 1538814 0.3573 0.000662790697674609
1645241249488 4 11.555545999999993 0 1423261 0.33039999999999997 0.000662790697674609
1645241253289 4 11.797089 0 1377859 0.32 0.000662790697674609
1645241257145 4 11.788093000000003 0 1396488 0.3234 0.000662790697674609
1645241261196 4 11.772148000000016 0 1265878 0.2943 0.000662790697674609
1645241265221 4 11.762055000000004 0 1474721 0.3426 0.000662790697674609
1645241269478 4 11.505166000000003 0 1357016 0.3155 0.000662790697674609
1645241273087 4 11.78555399999999 0 1508969 0.35009999999999997 0.000662790697674609
1645241276998 4 11.990643000000006 0 1420161 0.32989999999999997 0.000662790697674609
1645241281357 4 11.733450000000005 0 1394798 0.3245 0.000662790697674609
1645241284946 4 11.922285000000016 0 1499654 0.3487 0.000662790697674609
1645241289130 4 11.95279099999999 0 1323592 0.30779999999999996 0.000662790697674609
1645241293164 4 11.927801000000017 0 1477260 0.343 0.000662790697674609
1645241297197 4 11.687655000000007 0 1474833 0.3427 0.000662790697674609
1645241301319 4 11.680756000000002 0 1299401 0.30219999999999997 0.000662790697674609
1645241305132 4 11.736329000000012 0 1595638 0.37120000000000003 0.000662790697674609
1645241309225 4 11.660026000000016 0 1282380 0.2963 0.000662790697674609
1645241313087 4 11.897140000000007 0 1402228 0.32599999999999996 0.000662790697674609
1645241317459 4 11.642987000000005 0 1404885 0.3269 0.000662790697674609
1645241320941 4 11.927972000000011 0 1453425 0.33799999999999997 0.000662790697674609
1645241325430 4 11.627190000000013 0 1453998 0.3379 0.000662790697674609
1645241329342 4 11.620609000000002 0 1424197 0.3311 0.000662790697674609
1645241333218 4 11.86068499999999 0 1409895 0.32799999999999996 0.000662790697674609
1645241337029 4 11.855054999999993 0 1381516 0.32130000000000003 0.000662790697674609
1645241341148 4 11.845323000000008 0 1298461 0.30179999999999996 0.000662790697674609
1645241345316 4 11.586897000000022 0 1530017 0.3556 0.000662790697674609
1645241349260 4 11.824772999999993 0 1437352 0.3345 0.000662790697674609
1645241353479 4 11.563399000000004 0 1344879 0.31179999999999997 0.000662790697674609
1645241357057 4 11.811994000000027 0 1490910 0.34700000000000003 0.000662790697674609
1645241361097 4 11.791413999999975 0 1264017 0.29359999999999997 0.000662790697674609
1645241365095 4 11.779874000000007 0 1458446 0.3395 0.000662790697674609
1645241369370 4 11.521543000000008 0 1366050 0.3169 0.000662790697674609
1645241373055 4 11.813342999999975 0 1540108 0.3581 0.000662790697674609
1645241376960 4 11.993448 0 1421303 0.3307 0.000662790697674609
1645241381213 4 11.73807499999998 0 1359213 0.3155 0.000662790697674609
1645241385329 4 11.723541000000012 0 1514199 0.35150000000000003 0.000662790697674609
1645241388981 4 11.962030000000027 0 1296661 0.301 0.000662790697674609
1645241393195 4 11.705887000000018 0 1340186 0.3108 0.000662790697674609
1645241397234 4 11.69462500000003 0 1478975 0.3435 0.000662790697674609
1645241400958 4 11.931925999999976 0 1342511 0.3123 0.000662790697674609
1645241405109 4 11.921663000000024 0 1527618 0.3554 0.000662790697674609
1645241409228 4 11.662041999999985 0 1297467 0.30169999999999997 0.000662790697674609

