1645255209421 1 3.999999 4463 346799 0.4335 -19.1909
1645255212283 0 5.138938 0 213385 0.266 0.00017441860465117198
1645255214166 0 7.258255000000001 0 141806 0.1766 0.00006976744186043549
1645255215671 0 9.754285 0 112578 0.1399 0.00006976744186043549
1645255217786 0 11.644181 0 80671 0.0999 0.00006976744186043549
1645255221784 0 11.869596 0 68729 0.0868 0.00006976744186043549
1645255225638 0 11.846429999999998 0 137895 0.1744 0.00006976744186043549
1645255229698 0 11.824335999999999 0 114138 0.1437 0.00006976744186043549
1645255233896 0 11.541498000000004 0 126013 0.1581 0.00006976744186043549
1645255237726 0 11.774715000000004 0 217236 0.272 0.00006976744186043549
1645255242079 0 11.499884999999999 0 219398 0.2743 0.00006976744186043549
1645255245908 0 11.729747000000003 0 177648 0.2219 0.00006976744186043549
1645255249586 0 11.961643000000002 0 166856 0.2077 0.00006976744186043549
1645255253493 0 11.939119000000005 0 223685 0.2804 0.00006976744186043549
1645255257671 0 11.917050000000003 0 206455 0.258 0.00006976744186043549
1645255261813 0 11.644325000000002 0 121534 0.1524 0.00006976744186043549
1645255265754 0 11.880940000000002 0 105092 0.1318 0.00006976744186043549
1645255269651 0 11.868738 0 63086 0.0779 0.00006976744186043549
1645255273865 0 11.606983999999997 0 87739 0.10969999999999999 0.00006976744186043549
1645255277877 0 11.59655500000001 0 152905 0.1897 0.00006976744186043549
1645255281749 0 11.829981000000004 0 100587 0.12589999999999998 0.00006976744186043549
1645255285665 0 11.810873999999998 0 186001 0.2318 0.00006976744186043549
1645255289788 0 11.790329999999997 0 201620 0.2521 0.00006976744186043549
1645255294126 0 11.523684000000003 0 218012 0.2739 0.00006976744186043549
1645255297765 0 11.766323999999997 0 123058 0.1541 0.00006976744186043549
1645255301848 0 11.746682000000007 0 198856 0.24820000000000003 0.00006976744186043549
1645255305751 0 11.735847000000007 0 223061 0.2799 0.00006976744186043549
1645255309647 0 11.976529999999997 0 143385 0.1797 0.00006976744186043549
1645255313710 0 11.71993400000001 0 117021 0.146 0.00006976744186043549
1645255317850 0 11.712112000000005 0 83595 0.1041 0.00006976744186043549
1645255321809 0 11.700491999999997 0 68011 0.0861 0.00006976744186043549
1645255325588 0 11.936761000000004 0 134264 0.1679 0.00006976744186043549
1645255329606 0 11.929510000000008 0 113722 0.14179999999999998 0.00006976744186043549
1645255333749 0 11.92426900000001 0 122694 0.154 0.00006976744186043549
1645255337525 0 11.90876800000001 0 215146 0.268 0.00006976744186043549
1645255341787 0 11.650825999999995 0 213339 0.2658 0.00006976744186043549
1645255345608 0 11.891738000000004 0 176949 0.2219 0.00006976744186043549
1645255349688 0 11.878104000000008 0 158356 0.1981 0.00006976744186043549
1645255353564 0 11.865296999999998 0 219852 0.2768 0.00006976744186043549
1645255357630 0 11.859465999999998 0 196864 0.2459 0.00006976744186043549
1645255361689 0 11.853669999999994 0 116610 0.14579999999999999 0.00006976744186043549
1645255365628 0 11.846915999999993 0 107223 0.1341 0.00006976744186043549
1645255370039 0 11.576568000000009 0 64332 0.08030000000000001 0.00006976744186043549
1645255373767 0 11.817217 0 88753 0.1119 0.00006976744186043549
1645255377786 0 11.811274999999995 0 153489 0.1921 0.00006976744186043549
1645255381667 0 11.804854000000006 0 101805 0.128 0.00006976744186043549
1645255386111 0 11.543553000000003 0 186822 0.23410000000000003 0.00006976744186043549
1645255389706 0 11.784937000000014 0 200149 0.2499 0.00006976744186043549
1645255393985 0 11.525100000000009 0 215305 0.2681 0.00006976744186043549
1645255397704 0 11.76973799999999 0 128759 0.1619 0.00006976744186043549
1645255401786 0 11.764828999999992 0 199367 0.2481 0.00006976744186043549
1645255405664 0 11.761793000000011 0 220759 0.2779 0.00006976744186043549
1645255410152 0 11.505032999999997 0 149511 0.1879 0.00006976744186043549
1645255413726 0 11.746598000000006 0 118879 0.148 0.00006976744186043549
1645255417886 0 11.736287000000004 0 85418 0.1059 0.00006976744186043549
1645255421853 0 11.72926799999999 0 68807 0.0859 0.00006976744186043549
1645255425605 0 11.968283000000014 0 132565 0.16599999999999998 0.00006976744186043549
1645255429686 0 11.95617200000001 0 117262 0.148 0.00006976744186043549
1645255433749 0 11.700704000000002 0 116418 0.1459 0.00006976744186043549
1645255437645 0 11.943854000000016 0 223024 0.2799 0.00006976744186043549
1645255441946 0 11.681544000000002 0 214538 0.2699 0.00006976744186043549
1645255445769 0 11.674374 0 178191 0.2218 0.00006976744186043549
1645255449869 0 11.665705000000003 0 161454 0.2 0.00006976744186043549
1645255453625 0 11.909469999999999 0 212225 0.26589999999999997 0.00006976744186043549
1645255457691 0 11.900447000000014 0 195858 0.24630000000000002 0.00006976744186043549
1645255461766 0 11.888676000000004 0 119665 0.148 0.00006976744186043549
1645255465770 0 11.879759999999976 0 108667 0.13799999999999998 0.00006976744186043549
1645255469671 0 11.872633000000008 0 64782 0.07980000000000001 0.00006976744186043549
1645255473867 0 11.61469900000003 0 87523 0.11000000000000001 0.00006976744186043549
1645255477907 0 11.604884000000027 0 155607 0.19390000000000002 0.00006976744186043549
1645255481767 0 11.848607000000015 0 100404 0.12589999999999998 0.00006976744186043549
1645255485644 0 11.838528999999994 0 183614 0.2279 0.00006976744186043549
1645255489724 0 11.82614799999999 0 197686 0.248 0.00006976744186043549
1645255494046 0 11.569951000000003 0 217520 0.2719 0.00006976744186043549
1645255497806 0 11.812342000000001 0 132353 0.1661 0.00006976744186043549
1645255501924 0 11.555281999999977 0 199853 0.2519 0.00006976744186043549
1645255505847 0 11.799583999999982 0 225614 0.282 0.00006976744186043549
1645255509851 0 11.795836000000008 0 150477 0.1901 0.00006976744186043549
1645255513929 0 11.537627999999984 0 117995 0.1479 0.00006976744186043549
1645255518089 0 11.52975600000002 0 86503 0.1061 0.00006976744186043549
1645255522029 0 11.521019000000024 0 67335 0.0838 0.00006976744186043549
1645255525791 0 11.767275999999981 0 132169 0.1664 0.00006976744186043549
1645255529889 0 11.754548999999997 0 118800 0.15009999999999998 0.00006976744186043549
1645255533453 0 11.998540999999989 0 116618 0.146 0.00006976744186043549

