1645230836469 1 3.999999 1086 346799 0.0964 -4.6698
1645230840348 4 4.336409 221 1312552 0.3655 -0.9501255813953486
1645230844314 4 4.3699010000000005 0 1383123 0.38570000000000004 0.000662790697674609
1645230848465 4 4.288536000000001 69 1451767 0.40490000000000004 -0.29603720930232535
1645230852226 4 4.526684999999999 0 1308083 0.3648 0.000662790697674609
1645230855951 4 4.801932999999998 0 1299338 0.362 0.000662790697674609
1645230860115 4 4.637550999999998 0 1453833 0.4051 0.000662790697674609
1645230866052 4 4.302426999999998 1593 1280990 0.5811 -6.849237209302325
1645230869262 3 5.085601000000004 0 1025687 0.2909 0.0006627906976743869
1645230871634 3 6.711980000000004 0 815426 0.22669999999999998 0.00043023255813956496
1645230874196 3 8.150598000000002 0 884625 0.24630000000000002 0.00043023255813956496
1645230876837 3 9.510124000000005 0 904952 0.2536 0.00043023255813956496
1645230879604 3 10.742386000000003 0 954418 0.2664 0.00043023255813956496
1645230883680 4 10.666126000000006 0 1421742 0.3968 0.00043023255813956496
1645230887806 4 10.545734000000003 0 1436771 0.40140000000000003 0.000662790697674609
1645230891891 4 10.454977 0 1425347 0.3976 0.000662790697674609
1645230895796 4 10.548212 0 1366001 0.38079999999999997 0.000662790697674609
1645230899479 4 10.866944000000004 0 1281785 0.3578 0.000662790697674609
1645230903817 4 10.52807 0 1514044 0.4222 0.000662790697674609
1645230907927 4 10.417479 0 1432783 0.3995 0.000662790697674609
1645230911947 4 10.399141999999998 0 1401397 0.3911 0.000662790697674609
1645230916106 4 10.249187000000006 0 1450362 0.40449999999999997 0.000662790697674609
1645230919760 4 10.586957999999996 0 1266375 0.3528 0.000662790697674609
1645230924042 4 10.303909000000004 0 1497932 0.41689999999999994 0.000662790697674609
1645230927792 4 10.555472000000009 0 1308773 0.3648 0.000662790697674609
1645230932122 4 10.222695000000002 0 1516715 0.4225 0.000662790697674609
1645230936155 4 10.193005999999997 0 1407805 0.39239999999999997 0.000662790697674609
1645230940146 4 10.200125999999997 0 1394624 0.38849999999999996 0.000662790697674609
1645230944445 4 9.901004 0 1502056 0.41879999999999995 0.000662790697674609
1645230948109 4 10.235534999999999 0 1276395 0.35609999999999997 0.000662790697674609
1645230952343 4 10.00152 0 1480768 0.4133 0.000662790697674609
1645230956558 4 9.786853000000008 0 1473992 0.4114 0.000662790697674609
1645230960306 4 10.039106000000004 0 1306146 0.3644 0.000662790697674609
1645230964782 4 9.566296000000008 0 1565699 0.4366 0.000662790697674609
1645230968421 4 9.926867000000016 0 1268922 0.3534 0.000662790697674609
1645230972454 4 9.899490000000014 0 1406335 0.3921 0.000662790697674609
1645230976406 4 9.938666000000012 0 1381377 0.3856 0.000662790697674609
1645230980630 4 9.718068000000017 0 1475162 0.41150000000000003 0.000662790697674609
1645230984723 4 9.621741000000014 0 1430482 0.3996 0.000662790697674609
1645230988843 4 9.502924000000007 0 1439994 0.40170000000000006 0.000662790697674609
1645230992866 4 9.484710000000007 0 1405476 0.3916 0.000662790697674609
1645230996841 4 9.517729000000003 0 1382866 0.38570000000000004 0.000662790697674609
1645231000580 4 9.765534000000002 0 1303196 0.3638 0.000662790697674609
1645231004969 4 9.375709 0 1538814 0.42869999999999997 0.000662790697674609
1645231009043 4 9.304834 0 1423261 0.3966 0.000662790697674609
1645231012988 4 9.35648599999999 0 1377859 0.38380000000000003 0.000662790697674609
1645231016987 4 9.357682000000011 0 1396488 0.3891 0.000662790697674609
1645231020628 4 9.719305999999989 0 1265878 0.3539 0.000662790697674609
1645231024849 4 9.501352999999995 0 1474721 0.4114 0.000662790697674609
1645231028734 4 9.612130000000008 0 1357016 0.3785 0.000662790697674609
1645231033050 4 9.296931999999998 0 1508969 0.4208 0.000662790697674609
1645231037105 4 9.241867000000013 0 1420161 0.3956 0.000662790697674609
1645231041104 4 9.241403999999989 0 1394798 0.3894 0.000662790697674609
1645231045391 4 8.955174999999997 0 1499654 0.418 0.000662790697674609
1645231049188 4 9.157625999999993 0 1323592 0.3693 0.000662790697674609
1645231053407 4 8.938031999999993 0 1477260 0.4122 0.000662790697674609
1645231057627 4 8.720582000000007 0 1474833 0.4114 0.000662790697674609
1645231061353 4 8.992556000000008 0 1299401 0.3625 0.000662790697674609
1645231065907 4 8.438333999999998 0 1595638 0.44509999999999994 0.000662790697674609
1645231069603 4 8.743454000000014 0 1282380 0.3578 0.000662790697674609
1645231073618 4 8.731179999999995 0 1402228 0.39089999999999997 0.000662790697674609
1645231077634 4 8.711119999999994 0 1404885 0.3919 0.000662790697674609
1645231081798 4 8.549189000000013 0 1453425 0.4051 0.000662790697674609
1645231085962 4 8.388912000000005 0 1453998 0.40540000000000004 0.000662790697674609
1645231093278 4 5.066832000000005 0 1424197 0.722 0.000662790697674609
1645231096112 3 6.233967000000007 0 930570 0.2645 0.0006627906976743869
1645231098699 3 7.646073000000001 0 894188 0.24830000000000002 0.00043023255813956496
1645231101125 3 9.221177000000012 0 835562 0.2326 0.00043023255813956496
1645231103971 3 10.374150999999983 0 986170 0.27440000000000003 0.00043023255813956496
1645231106733 3 11.612269000000026 0 955812 0.2667 0.00043023255813956496
1645231110594 4 11.754529999999988 0 1344879 0.3756 0.00043023255813956496
1645231114853 4 11.491697999999985 0 1490910 0.4152 0.000662790697674609
1645231118484 4 11.860872000000029 0 1264017 0.3527 0.000662790697674609
1645231125796 4 8.551724999999976 0 1458446 0.7207 0.000662790697674609
1645231128486 3 9.858578000000023 0 872734 0.24860000000000002 0.0006627906976743869
1645231131348 3 10.99719600000003 0 991679 0.2765 0.00043023255813956496
1645231134536 3 11.988057000000026 0 930061 0.2585 0.00043023255813956496
1645231138601 3 11.765562999999986 0 884740 0.2465 0.00043023255813956496
1645231142900 3 11.510407999999984 0 968599 0.27040000000000003 0.00043023255813956496
1645231146621 4 11.724635999999975 0 1296661 0.36160000000000003 0.00043023255813956496
1645231150458 4 11.89028300000001 0 1340186 0.3734 0.000662790697674609
1645231154683 4 11.661279999999977 0 1478975 0.4122 0.000662790697674609
1645231158532 4 11.813815999999974 0 1342511 0.3744 0.000662790697674609
1645231162901 4 11.44529399999999 0 1527618 0.4263 0.000662790697674609

