1645256976019 1 3.999999 1700 346799 0.15860000000000002 -7.31
1645256978510 2 5.527615 0 500350 0.22820000000000001 0.000174418604651283
1645256981102 2 6.929363 0 545518 0.2488 0.00027906976744174194
1645256983862 2 8.169077000000001 0 584100 0.2664 0.00027906976744174194
1645256986299 2 9.732320999999999 0 512169 0.2338 0.00027906976744174194
1645256989042 2 10.990409 0 578121 0.2638 0.00027906976744174194
1645256992049 2 11.982935999999999 0 636691 0.28969999999999996 0.00027906976744174194
1645256996516 2 11.649930999999999 0 519743 0.23679999999999998 0.00027906976744174194
1645257000600 2 11.642997000000001 0 653153 0.2987 0.00027906976744174194
1645257004629 2 11.635134 0 531618 0.2424 0.00027906976744174194
1645257008413 2 11.627177000000003 0 588952 0.2685 0.00027906976744174194
1645257012639 2 11.621823 0 575427 0.2625 0.00027906976744174194
1645257016396 2 11.866385000000001 0 582800 0.2656 0.00027906976744174194
1645257020321 2 11.857876000000005 0 619183 0.282 0.00027906976744174194
1645257024629 2 11.598928 0 592095 0.2705 0.00027906976744174194
1645257028418 2 11.839392000000004 0 588643 0.2684 0.00027906976744174194
1645257032280 2 11.828429 0 604781 0.2753 0.00027906976744174194
1645257036682 2 11.566192000000001 0 504428 0.23010000000000003 0.00027906976744174194
1645257040572 2 11.560684000000009 0 608117 0.2783 0.00027906976744174194
1645257044614 2 11.550148000000007 0 645520 0.29460000000000003 0.00027906976744174194
1645257048260 2 11.795535999999998 0 557793 0.2543 0.00027906976744174194
1645257052269 2 11.784481999999997 0 635530 0.2904 0.00027906976744174194
1645257056750 2 11.525922000000008 0 520041 0.2378 0.00027906976744174194
1645257060348 2 11.768262000000007 0 656205 0.29969999999999997 0.00027906976744174194
1645257064297 2 11.763922000000008 0 516287 0.2351 0.00027906976744174194
1645257068757 2 11.504129000000006 0 627180 0.2863 0.00027906976744174194
1645257072626 2 11.500479999999996 0 603841 0.27559999999999996 0.00027906976744174194
1645257076379 2 11.739443000000009 0 582703 0.2656 0.00027906976744174194
1645257080331 2 11.732900999999998 0 626605 0.2854 0.00027906976744174194
1645257084373 2 11.723870000000005 0 535113 0.2439 0.00027906976744174194
1645257088378 2 11.712168000000005 0 638212 0.2908 0.00027906976744174194
1645257092281 2 11.948926999999998 0 615017 0.2801 0.00027906976744174194
1645257096314 2 11.937562 0 533736 0.2432 0.00027906976744174194
1645257100434 2 11.675013000000007 0 661250 0.30219999999999997 0.00027906976744174194
1645257104538 2 11.669157000000013 0 547682 0.2501 0.00027906976744174194
1645257108355 2 11.912538000000012 0 594286 0.2713 0.00027906976744174194
1645257112189 2 11.903690000000012 0 599508 0.2733 0.00027906976744174194
1645257116527 2 11.641553000000016 0 599347 0.27349999999999997 0.00027906976744174194
1645257120413 2 11.632600999999994 0 609977 0.2782 0.00027906976744174194
1645257124260 2 11.814224999999993 0 604926 0.2751 0.00027906976744174194
1645257128575 2 11.618631999999991 0 594986 0.2718 0.00027906976744174194
1645257132358 2 11.860984000000002 0 588726 0.2684 0.00027906976744174194
1645257136346 2 11.853824000000003 0 523106 0.2386 0.00027906976744174194
1645257140267 2 11.846783000000016 0 618775 0.2823 0.00027906976744174194
1645257144299 2 11.840223000000009 0 642262 0.2934 0.00027906976744174194
1645257148426 2 11.832482999999996 0 553119 0.2531 0.00027906976744174194
1645257152457 2 11.822519999999997 0 640678 0.2926 0.00027906976744174194
1645257156497 2 11.558031999999997 0 535087 0.2439 0.00027906976744174194
1645257160533 2 11.549977000000013 0 645101 0.2938 0.00027906976744174194
1645257164615 2 11.540742999999992 0 542740 0.24820000000000003 0.00027906976744174194
1645257168620 2 11.530063000000013 0 635250 0.28959999999999997 0.00027906976744174194
1645257172491 2 11.76890800000001 0 607370 0.2768 0.00027906976744174194
1645257176334 2 11.760723000000013 0 601045 0.2742 0.00027906976744174194
1645257180705 2 11.502285999999998 0 605033 0.2768 0.00027906976744174194
1645257184226 2 11.81172699999999 0 530643 0.24180000000000001 0.00027906976744174194
1645257188300 2 11.733539000000007 0 652691 0.2972 0.00027906976744174194
1645257192177 2 11.973058000000009 0 609815 0.2781 0.00027906976744174194
1645257196270 2 11.962680000000006 0 544612 0.2488 0.00027906976744174194
1645257200258 2 11.948915 0 632508 0.2886 0.00027906976744174194
1645257204513 2 11.689817000000005 0 583029 0.2656 0.00027906976744174194
1645257208390 2 11.678177000000005 0 609324 0.2774 0.00027906976744174194
1645257212194 2 11.920898999999991 0 593619 0.2701 0.00027906976744174194
1645257216601 2 11.657330000000002 0 613859 0.2802 0.00027906976744174194
1645257220476 2 11.650245000000012 0 608720 0.277 0.00027906976744174194
1645257224342 2 11.892291999999998 0 606705 0.2768 0.00027906976744174194
1645257228647 2 11.62636599999999 0 593343 0.2707 0.00027906976744174194
1645257232427 2 11.61291 0 587405 0.26739999999999997 0.00027906976744174194
1645257236356 2 11.857650999999976 0 509910 0.23290000000000002 0.00027906976744174194
1645257240307 2 11.849869000000012 0 624112 0.2851 0.00027906976744174194
1645257244289 2 11.814796999999999 0 631553 0.28809999999999997 0.00027906976744174194
1645257248440 2 11.833148999999992 0 558385 0.2543 0.00027906976744174194
1645257252478 2 11.56735900000001 0 642127 0.2932 0.00027906976744174194
1645257256495 2 11.558140999999978 0 530123 0.2415 0.00027906976744174194
1645257260549 2 11.54841399999998 0 646460 0.2954 0.00027906976744174194
1645257264629 2 11.537576999999999 0 544018 0.2481 0.00027906976744174194
1645257268655 2 11.523341000000016 0 639772 0.2926 0.00027906976744174194
1645257272557 2 11.515233000000023 0 616543 0.2805 0.00027906976744174194
1645257276333 2 11.760221000000001 0 585544 0.2672 0.00027906976744174194
1645257280209 2 11.975946000000022 0 607252 0.2777 0.00027906976744174194
1645257284253 2 11.960855999999978 0 534940 0.244 0.00027906976744174194
1645257288262 2 11.951456000000007 0 638300 0.2903 0.00027906976744174194
1645257292228 2 11.93705 0 626429 0.2857 0.00027906976744174194
1645257296349 2 11.92691000000002 0 538866 0.24569999999999997 0.00027906976744174194
1645257300350 2 11.91621600000002 0 636237 0.29 0.00027906976744174194
1645257304146 2 11.905484999999999 0 590006 0.2694 0.00027906976744174194

