1645238598851 1 3.999999 961 346799 0.0852 -4.1323
1645238599573 0 7.29099 0 213385 0.0524 0.00017441860465117198
1645238600014 0 10.850218000000002 0 141806 0.0348 0.00006976744186043549
1645238603386 0 11.713153000000002 0 112578 0.027500000000000004 0.00006976744186043549
1645238607255 0 11.708201999999998 0 80671 0.0267 0.00006976744186043549
1645238611098 0 11.948932 0 68729 0.024 0.00006976744186043549
1645238615113 0 11.941541999999998 0 137895 0.0409 0.00006976744186043549
1645238619069 0 11.931812999999998 0 114138 0.0355 0.00006976744186043549
1645238623061 0 11.927027000000002 0 126013 0.039400000000000004 0.00006976744186043549
1645238627269 0 11.672915000000003 0 217236 0.0612 0.00006976744186043549
1645238630969 0 11.915434000000005 0 219398 0.0605 0.00006976744186043549
1645238635067 0 11.910923000000004 0 177648 0.0496 0.00006976744186043549
1645238639139 0 11.906401000000002 0 166856 0.0475 0.00006976744186043549
1645238643352 0 11.648617000000002 0 223685 0.0615 0.00006976744186043549
1645238647018 0 11.891257000000003 0 206455 0.05689999999999999 0.00006976744186043549
1645238650982 0 11.882782000000006 0 121534 0.0366 0.00006976744186043549
1645238655393 0 11.627096000000002 0 105092 0.0315 0.00006976744186043549
1645238659201 0 11.865789 0 63086 0.0214 0.00006976744186043549
1645238663083 0 11.860923999999997 0 87739 0.028199999999999996 0.00006976744186043549
1645238667122 0 11.850724 0 152905 0.0435 0.00006976744186043549
1645238671030 0 11.84178200000001 0 100587 0.0309 0.00006976744186043549
1645238675152 0 11.835071 0 186001 0.0512 0.00006976744186043549
1645238679308 0 11.581608000000003 0 201620 0.055400000000000005 0.00006976744186043549
1645238683510 0 11.574826000000002 0 218012 0.0601 0.00006976744186043549
1645238687491 0 11.566831000000008 0 123058 0.0369 0.00006976744186043549
1645238691170 0 11.810127000000008 0 198856 0.0551 0.00006976744186043549
1645238695431 0 11.551833000000002 0 223061 0.0611 0.00006976744186043549
1645238699451 0 11.543862000000004 0 143385 0.0421 0.00006976744186043549
1645238703399 0 11.533465000000007 0 117021 0.0351 0.00006976744186043549
1645238707297 0 11.76388 0 83595 0.0264 0.00006976744186043549
1645238711128 0 11.753422 0 68011 0.0229 0.00006976744186043549
1645238715121 0 11.747713000000005 0 134264 0.039 0.00006976744186043549
1645238719066 0 11.995263000000008 0 113722 0.034 0.00006976744186043549
1645238723034 0 11.98634700000001 0 122694 0.0364 0.00006976744186043549
1645238727228 0 11.730321000000004 0 215146 0.0591 0.00006976744186043549
1645238730914 0 11.975392999999997 0 213339 0.059 0.00006976744186043549
1645238735013 0 11.966709000000009 0 176949 0.0502 0.00006976744186043549
1645238739069 0 11.960870999999997 0 158356 0.0454 0.00006976744186043549
1645238743270 0 11.699522000000002 0 219852 0.0598 0.00006976744186043549
1645238747414 0 11.688997 0 196864 0.0546 0.00006976744186043549
1645238751361 0 11.682459999999992 0 116610 0.034699999999999995 0.00006976744186043549
1645238755285 0 11.67801 0 107223 0.0329 0.00006976744186043549
1645238759110 0 11.920203000000015 0 64332 0.0221 0.00006976744186043549
1645238762996 0 11.916608999999994 0 88753 0.0283 0.00006976744186043549
1645238767046 0 11.911393000000004 0 153489 0.0442 0.00006976744186043549
1645238770965 0 11.90223499999999 0 101805 0.032 0.00006976744186043549
1645238775102 0 11.899009000000007 0 186822 0.0531 0.00006976744186043549
1645238779264 0 11.640789000000012 0 200149 0.05620000000000001 0.00006976744186043549
1645238783459 0 11.633094999999997 0 215305 0.059 0.00006976744186043549
1645238787439 0 11.627904999999998 0 128759 0.038400000000000004 0.00006976744186043549
1645238791098 0 11.868356000000006 0 199367 0.05550000000000001 0.00006976744186043549
1645238795313 0 11.600434000000007 0 220759 0.0611 0.00006976744186043549
1645238799347 0 11.595031000000006 0 149511 0.044 0.00006976744186043549
1645238803309 0 11.58641 0 118879 0.0359 0.00006976744186043549
1645238807182 0 11.827238999999992 0 85418 0.026600000000000002 0.00006976744186043549
1645238811513 0 11.571269000000001 0 68807 0.0234 0.00006976744186043549
1645238815497 0 11.566018000000014 0 132565 0.0388 0.00006976744186043549
1645238819447 0 11.553439999999995 0 117262 0.0351 0.00006976744186043549
1645238823398 0 11.538501999999994 0 116418 0.0354 0.00006976744186043549
1645238827106 0 11.78121999999999 0 223024 0.0612 0.00006976744186043549
1645238831295 0 11.773019000000005 0 214538 0.059399999999999994 0.00006976744186043549
1645238835398 0 11.514588000000003 0 178191 0.0503 0.00006976744186043549
1645238839463 0 11.502361000000008 0 161454 0.0465 0.00006976744186043549
1645238843144 0 11.741904000000005 0 212225 0.058199999999999995 0.00006976744186043549
1645238847290 0 11.735839999999996 0 195858 0.054900000000000004 0.00006976744186043549
1645238851247 0 11.731982000000016 0 119665 0.0363 0.00006976744186043549
1645238855180 0 11.723337000000015 0 108667 0.0335 0.00006976744186043549
1645238859004 0 11.969281000000024 0 64782 0.0218 0.00006976744186043549
1645238863393 0 11.712705000000028 0 87523 0.028100000000000003 0.00006976744186043549
1645238866942 0 11.957329000000016 0 155607 0.0442 0.00006976744186043549
1645238871353 0 11.69811900000002 0 100404 0.031 0.00006976744186043549
1645238874964 0 11.937137000000007 0 183614 0.051500000000000004 0.00006976744186043549
1645238879111 0 11.933394000000021 0 197686 0.05500000000000001 0.00006976744186043549
1645238883307 0 11.67298599999998 0 217520 0.059699999999999996 0.00006976744186043549
1645238887292 0 11.668757000000028 0 132353 0.0386 0.00006976744186043549
1645238891455 0 11.652467999999999 0 199853 0.055900000000000005 0.00006976744186043549
1645238895170 0 11.894675000000007 0 225614 0.0612 0.00006976744186043549
1645238899200 0 11.888072000000022 0 150477 0.0432 0.00006976744186043549
1645238903146 0 11.879235999999992 0 117995 0.034999999999999996 0.00006976744186043549
1645238907025 0 11.872861 0 86503 0.027500000000000004 0.00006976744186043549
1645238911355 0 11.612639999999999 0 67335 0.023100000000000002 0.00006976744186043549
1645238915346 0 11.60866900000002 0 132169 0.0385 0.00006976744186043549
1645238919305 0 11.603357000000017 0 118800 0.0355 0.00006976744186043549
1645238923245 0 11.847595000000013 0 116618 0.034699999999999995 0.00006976744186043549
1645238927454 0 11.594090999999992 0 222296 0.0611 0.00006976744186043549

