1645240713862 1 3.999999 872 346799 0.0761 -3.7496
1645240715745 3 6.127533 0 755039 0.1669 0.000174418604651283
1645240717684 3 8.189834000000001 0 835161 0.1834 0.00043023255813956496
1645240719793 3 10.078135 0 908792 0.2 0.00043023255813956496
1645240722171 3 11.857876999999998 0 804438 0.1775 0.00043023255813956496
1645240726103 3 11.842462999999999 0 828659 0.1819 0.00043023255813956496
1645240730288 3 11.583945999999997 0 937332 0.2057 0.00043023255813956496
1645240734099 3 11.825658 0 776416 0.1713 0.00043023255813956496
1645240738455 3 11.560055000000002 0 1025687 0.22599999999999998 0.00043023255813956496
1645240742351 3 11.555949000000002 0 815426 0.1796 0.00043023255813956496
1645240746402 3 11.544876000000002 0 884625 0.19490000000000002 0.00043023255813956496
1645240750502 3 11.535862000000002 0 904952 0.1993 0.00043023255813956496
1645240754198 3 11.781801999999999 0 954418 0.2096 0.00043023255813956496
1645240758303 3 11.774100000000004 0 910446 0.2 0.00043023255813956496
1645240762451 3 11.517800000000001 0 922454 0.2036 0.00043023255813956496
1645240766135 3 11.742577000000004 0 942842 0.20779999999999998 0.00043023255813956496
1645240770185 3 11.738498 0 884128 0.1945 0.00043023255813956496
1645240774113 3 11.977009000000002 0 828263 0.1825 0.00043023255813956496
1645240778367 3 11.72169000000001 0 981175 0.21589999999999998 0.00043023255813956496
1645240782049 3 11.968024 0 939007 0.207 0.00043023255813956496
1645240786013 3 11.959221 0 841370 0.185 0.00043023255813956496
1645240790198 3 11.700169000000002 0 947658 0.209 0.00043023255813956496
1645240794151 3 11.937212000000002 0 828958 0.1825 0.00043023255813956496
1645240798413 3 11.680754000000007 0 977791 0.2153 0.00043023255813956496
1645240802396 3 11.674011000000007 0 847215 0.18660000000000002 0.00043023255813956496
1645240806150 3 11.918092000000001 0 978032 0.2156 0.00043023255813956496
1645240810309 3 11.654151999999996 0 934237 0.20579999999999998 0.00043023255813956496
1645240814363 3 11.645083 0 889600 0.1958 0.00043023255813956496
1645240818148 3 11.889871 0 988774 0.21789999999999998 0.00043023255813956496
1645240822031 3 11.885068000000004 0 808061 0.1772 0.00043023255813956496
1645240826334 3 11.626520999999997 0 995677 0.2192 0.00043023255813956496
1645240830468 3 11.623126999999997 0 924757 0.2036 0.00043023255813956496
1645240834345 3 11.620655 0 808228 0.178 0.00043023255813956496
1645240838196 3 11.850144 0 1014212 0.223 0.00043023255813956496
1645240842165 3 11.822670000000016 0 845218 0.1861 0.00043023255813956496
1645240846286 3 11.805982999999998 0 910767 0.20059999999999997 0.00043023255813956496
1645240850369 3 11.544861999999995 0 901777 0.19790000000000002 0.00043023255813956496
1645240854102 3 11.778954999999996 0 967347 0.21280000000000002 0.00043023255813956496
1645240858287 3 11.775334000000015 0 935273 0.2077 0.00043023255813956496
1645240862413 3 11.513675000000006 0 916928 0.202 0.00043023255813956496
1645240866584 3 11.498846000000015 0 940743 0.2069 0.00043023255813956496
1645240870116 3 11.992829999999998 0 877888 0.193 0.00043023255813956496
1645240874111 3 11.986863999999997 0 839766 0.1844 0.00043023255813956496
1645240878361 3 11.728293000000008 0 976062 0.21469999999999997 0.00043023255813956496
1645240882080 3 11.974088999999992 0 958353 0.21070000000000003 0.00043023255813956496
1645240886033 3 11.966317000000004 0 836268 0.1842 0.00043023255813956496
1645240890269 3 11.70745500000001 0 968967 0.21349999999999997 0.00043023255813956496
1645240894190 3 11.700046000000015 0 825839 0.18180000000000002 0.00043023255813956496
1645240897936 3 11.938458999999995 0 974212 0.2144 0.00043023255813956496
1645240902446 3 11.672827000000012 0 867483 0.19119999999999998 0.00043023255813956496
1645240906219 3 11.659804000000008 0 987232 0.2172 0.00043023255813956496
1645240910347 3 11.643771000000015 0 921956 0.2029 0.00043023255813956496
1645240914463 3 11.631388000000015 0 913803 0.2011 0.00043023255813956496
1645240918168 3 11.878086999999994 0 958215 0.2104 0.00043023255813956496
1645240922111 3 11.862873000000008 0 832934 0.1835 0.00043023255813956496
1645240926425 3 11.608577999999994 0 1005593 0.2213 0.00043023255813956496
1645240930090 3 11.850453000000016 0 935985 0.20590000000000003 0.00043023255813956496
1645240934457 3 11.589456000000013 0 802415 0.17709999999999998 0.00043023255813956496
1645240938261 3 11.827719000000002 0 999009 0.2206 0.00043023255813956496
1645240942274 3 11.810600999999991 0 869418 0.19039999999999999 0.00043023255813956496
1645240946390 3 11.546096000000006 0 897686 0.1978 0.00043023255813956496
1645240950115 3 11.790591000000006 0 960141 0.2122 0.00043023255813956496
1645240954221 3 11.782613999999995 0 914618 0.2012 0.00043023255813956496
1645240958410 3 11.528349999999989 0 949031 0.2089 0.00043023255813956496
1645240962529 3 11.523369000000002 0 919929 0.20179999999999998 0.00043023255813956496
1645240966177 3 11.765119999999996 0 930570 0.2048 0.00043023255813956496
1645240970242 3 11.760089999999991 0 894188 0.1967 0.00043023255813956496
1645240974187 3 11.750263000000018 0 835562 0.1837 0.00043023255813956496
1645240977956 3 11.99625500000002 0 986170 0.2172 0.00043023255813956496
1645240982165 3 11.739011000000005 0 955812 0.2104 0.00043023255813956496
1645240986110 3 11.982231000000013 0 837688 0.1847 0.00043023255813956496
1645240990359 3 11.721126000000027 0 972932 0.2145 0.00043023255813956496
1645240994235 3 11.713099999999997 0 807690 0.1777 0.00043023255813956496
1645240997962 3 11.95790599999998 0 968173 0.2125 0.00043023255813956496
1645241001985 3 11.945701999999983 0 872734 0.1917 0.00043023255813956496
1645241006293 3 11.69167299999998 0 991679 0.2193 0.00043023255813956496
1645241009941 3 11.933358999999996 0 930061 0.2052 0.00043023255813956496
1645241013987 3 11.928930999999977 0 884740 0.195 0.00043023255813956496
1645241018218 3 11.668234999999981 0 968599 0.2133 0.00043023255813956496
1645241022182 3 11.914292999999986 0 848189 0.18580000000000002 0.00043023255813956496
1645241026460 3 11.649270999999999 0 989262 0.2177 0.00043023255813956496
1645241030107 3 11.888393000000008 0 929927 0.2049 0.00043023255813956496
1645241034064 3 11.883335999999986 0 845977 0.1855 0.00043023255813956496
1645241038391 3 11.61555199999998 0 1009703 0.22240000000000001 0.00043023255813956496
1645241042389 3 11.607976000000008 0 861836 0.1899 0.00043023255813956496

