1645241767890 1 3.999999 844 346799 0.07289999999999999 -3.6292
1645241768529 0 7.3673079999999995 0 213385 0.0451 0.00017441860465117198
1645241768923 0 10.972099 0 141806 0.0298 0.00006976744186043549
1645241772265 0 11.83878 0 112578 0.0235 0.00006976744186043549
1645241776116 0 11.832692 0 80671 0.0249 0.00006976744186043549
1645241780440 0 11.577822 0 68729 0.022 0.00006976744186043549
1645241784408 0 11.573187999999998 0 137895 0.0368 0.00006976744186043549
1645241788326 0 11.810258999999999 0 114138 0.0314 0.00006976744186043549
1645241792272 0 11.800641000000002 0 126013 0.034699999999999995 0.00006976744186043549
1645241796412 0 11.541687000000003 0 217236 0.054200000000000005 0.00006976744186043549
1645241800552 0 11.536479 0 219398 0.0541 0.00006976744186043549
1645241804604 0 11.530753000000004 0 177648 0.045200000000000004 0.00006976744186043549
1645241808135 0 11.772226000000003 0 166856 0.0433 0.00006976744186043549
1645241812295 0 11.767441000000005 0 223685 0.055600000000000004 0.00006976744186043549
1645241816412 0 11.508307000000002 0 206455 0.0513 0.00006976744186043549
1645241820346 0 11.754863 0 121534 0.033600000000000005 0.00006976744186043549
1645241824238 0 11.747767000000003 0 105092 0.0299 0.00006976744186043549
1645241828043 0 11.992166000000005 0 63086 0.0211 0.00006976744186043549
1645241832406 0 11.734639999999999 0 87739 0.0263 0.00006976744186043549
1645241836406 0 11.728518000000008 0 152905 0.0403 0.00006976744186043549
1645241840296 0 11.721108000000001 0 100587 0.0288 0.00006976744186043549
1645241844364 0 11.712214000000003 0 186001 0.0472 0.00006976744186043549
1645241847970 0 11.955538000000004 0 201620 0.0507 0.00006976744186043549
1645241852109 0 11.949432000000002 0 218012 0.0541 0.00006976744186043549
1645241856046 0 11.941986 0 123058 0.0334 0.00006976744186043549
1645241860170 0 11.937003000000004 0 198856 0.0495 0.00006976744186043549
1645241864434 0 11.678470000000004 0 223061 0.054400000000000004 0.00006976744186043549
1645241868410 0 11.670792000000006 0 143385 0.0374 0.00006976744186043549
1645241872329 0 11.662912000000006 0 117021 0.0324 0.00006976744186043549
1645241876176 0 11.900710000000004 0 83595 0.025 0.00006976744186043549
1645241880500 0 11.637036000000009 0 68011 0.0219 0.00006976744186043549
1645241884456 0 11.629143 0 134264 0.0363 0.00006976744186043549
1645241888371 0 11.615176000000005 0 113722 0.0316 0.00006976744186043549
1645241892318 0 11.609245999999999 0 122694 0.034 0.00006976744186043549
1645241896455 0 11.603173999999996 0 215146 0.0536 0.00006976744186043549
1645241900101 0 11.845731 0 213339 0.0548 0.00006976744186043549
1645241904151 0 11.839653999999996 0 176949 0.0456 0.00006976744186043549
1645241908165 0 11.833696000000003 0 158356 0.0412 0.00006976744186043549
1645241912312 0 11.825277 0 219852 0.0551 0.00006976744186043549
1645241916403 0 11.570916000000011 0 196864 0.0494 0.00006976744186043549
1645241920328 0 11.813621000000012 0 116610 0.0309 0.00006976744186043549
1645241924241 0 11.808785 0 107223 0.0309 0.00006976744186043549
1645241928563 0 11.555237000000005 0 64332 0.0218 0.00006976744186043549
1645241932437 0 11.548676 0 88753 0.0267 0.00006976744186043549
1645241936450 0 11.540209000000004 0 153489 0.040600000000000004 0.00006976744186043549
1645241940339 0 11.778806000000003 0 101805 0.029199999999999997 0.00006976744186043549
1645241944414 0 11.516209000000003 0 186822 0.047299999999999995 0.00006976744186043549
1645241948509 0 11.511755999999991 0 200149 0.0497 0.00006976744186043549
1645241952638 0 11.503739999999993 0 215305 0.0528 0.00006976744186043549
1645241956094 0 11.996729000000016 0 128759 0.035199999999999995 0.00006976744186043549
1645241960207 0 11.739968000000005 0 199367 0.0511 0.00006976744186043549
1645241964340 0 11.730457000000001 0 220759 0.0539 0.00006976744186043549
1645241968332 0 11.720894000000015 0 149511 0.0391 0.00006976744186043549
1645241972260 0 11.714371999999997 0 118879 0.032600000000000004 0.00006976744186043549
1645241976128 0 11.956909999999993 0 85418 0.0263 0.00006976744186043549
1645241979957 0 11.944196000000005 0 68807 0.0224 0.00006976744186043549
1645241984410 0 11.685536000000013 0 132565 0.0354 0.00006976744186043549
1645241988329 0 11.674025 0 117262 0.032100000000000004 0.00006976744186043549
1645241992249 0 11.665129000000007 0 116418 0.0324 0.00006976744186043549
1645241996402 0 11.659893000000011 0 223024 0.054700000000000006 0.00006976744186043549
1645242000037 0 11.897965 0 214538 0.053200000000000004 0.00006976744186043549
1645242004087 0 11.888180000000006 0 178191 0.045200000000000004 0.00006976744186043549
1645242008102 0 11.878991000000013 0 161454 0.041299999999999996 0.00006976744186043549
1645242012221 0 11.87151399999999 0 212225 0.0522 0.00006976744186043549
1645242016317 0 11.612223 0 195858 0.0495 0.00006976744186043549
1645242020253 0 11.849098999999995 0 119665 0.033 0.00006976744186043549
1645242024155 0 11.841627000000017 0 108667 0.0308 0.00006976744186043549
1645242028476 0 11.581637 0 64782 0.0214 0.00006976744186043549
1645242032340 0 11.56374900000003 0 87523 0.0257 0.00006976744186043549
1645242036342 0 11.555207999999993 0 155607 0.040400000000000005 0.00006976744186043549
1645242040237 0 11.79728799999998 0 100404 0.0293 0.00006976744186043549
1645242044297 0 11.791115999999988 0 183614 0.046 0.00006976744186043549
1645242048403 0 11.530498000000023 0 197686 0.05 0.00006976744186043549
1645242052541 0 11.526053999999988 0 217520 0.0539 0.00006976744186043549
1645242056494 0 11.515045999999984 0 132353 0.036 0.00006976744186043549
1645242060600 0 11.509479999999996 0 199853 0.0501 0.00006976744186043549
1645242064251 0 11.748376000000007 0 225614 0.055200000000000006 0.00006976744186043549
1645242068253 0 11.742764000000022 0 150477 0.039900000000000005 0.00006976744186043549
1645242072202 0 11.735189999999989 0 117995 0.0327 0.00006976744186043549
1645242076062 0 11.978725999999995 0 86503 0.026000000000000002 0.00006976744186043549
1645242080386 0 11.720549000000005 0 67335 0.0224 0.00006976744186043549
1645242084338 0 11.715120000000013 0 132169 0.0354 0.00006976744186043549
1645242088270 0 11.71141799999998 0 118800 0.0333 0.00006976744186043549
1645242092190 0 11.954791 0 116618 0.0323 0.00006976744186043549
1645242096341 0 11.690647000000013 0 222296 0.05500000000000001 0.00006976744186043549

