1645256601842 1 3.999999 2948 346799 0.2841 -12.6764
1645256608265 3 4.415081 2827 755039 0.6183 -12.15592558139535
1645256611346 1 5.3339620000000005 0 362842 0.29660000000000003 0.00043023255813956496
1645256618907 3 4.466397000000001 2691 908792 0.7447 -11.571125581395348
1645256621948 1 5.423359 0 339137 0.2777 0.00043023255813956496
1645256628856 3 4.388095999999997 1873 828659 0.6793 -8.05372558139535
1645256632277 1 4.967756999999999 0 406206 0.3308 0.00043023255813956496
1645256638746 3 4.493351999999998 1993 776416 0.6352 -8.56972558139535
1645256642354 1 4.885532000000001 0 414092 0.3384 0.00043023255813956496
1645256649145 3 4.462026000000002 2372 815426 0.6679999999999999 -10.19942558139535
1645256652259 1 5.347552 0 366374 0.29910000000000003 0.00043023255813956496
1645256659793 3 4.308370000000004 2493 904952 0.7408 -10.719725581395348
1645256663042 1 5.056585000000005 0 371605 0.30419999999999997 0.00043023255813956496
1645256670610 3 4.280105000000006 2789 910446 0.7445 -11.992525581395348
1645256673793 1 5.094737000000002 0 374050 0.3055 0.00043023255813956496
1645256681645 3 4.293235000000003 3050 942842 0.7725 -13.11482558139535
1645256684949 1 4.988845000000005 0 377983 0.30920000000000003 0.00043023255813956496
1645256691857 3 4.321073999999996 2241 828263 0.6792 -9.636125581395348
1645256695151 1 5.028359000000009 0 388939 0.3169 0.00043023255813956496
1645256702962 3 4.2901740000000075 3074 939007 0.7675 -13.218025581395349
1645256706143 1 5.1058340000000015 0 362131 0.2967 0.00043023255813956496
1645256714025 3 4.3354810000000015 3111 947658 0.7764 -13.37712558139535
1645256716829 1 5.531138999999996 0 327400 0.2678 0.00043023255813956496
1645256724985 3 4.4170660000000055 3040 977791 0.8028000000000001 -13.071825581395348
1645256727796 1 5.604507999999996 0 317452 0.2601 0.00043023255813956496
1645256735930 3 4.436373000000003 2965 978032 0.8000999999999999 -12.749325581395349
1645256739196 1 5.168340000000001 0 384934 0.3142 0.00043023255813956496
1645256746590 3 4.370354000000006 2595 889600 0.7271 -11.15832558139535
1645256749969 1 4.992975999999999 0 387965 0.3176 0.00043023255813956496
1645256756700 3 4.444632999999996 2182 808061 0.6614 -9.38242558139535
1645256760041 1 5.1015079999999955 0 394452 0.3218 0.00043023255813956496
1645256767733 3 4.353563000000008 2943 924757 0.7573000000000001 -12.654725581395349
1645256770442 1 5.6410960000000046 0 307174 0.2499 0.00043023255813956496
1645256778874 3 4.269416000000007 3054 1014212 0.8308 -13.132025581395348
1645256781769 1 5.370432999999991 0 340231 0.27759999999999996 0.00043023255813956496
1645256789347 3 4.297775999999999 2505 910767 0.7458 -10.771325581395349
1645256792436 1 5.20689999999999 0 353022 0.2878 0.00043023255813956496
1645256800482 3 4.280039000000016 3118 967347 0.7927 -13.407225581395348
1645256803615 1 5.1495470000000125 0 368813 0.3006 0.00043023255813956496
1645256811241 3 4.375366000000014 2853 916928 0.7499 -12.267725581395348
1645256814505 1 5.108972999999992 0 374507 0.3054 0.00043023255813956496
1645256821821 3 4.453417999999999 2660 877888 0.72 -11.43782558139535
1645256824592 1 5.682537999999994 0 326437 0.2663 0.00043023255813956496
1645256832714 3 4.338659000000007 2773 976062 0.7993 -11.923725581395349
1645256836187 1 4.860681999999997 0 400632 0.3272 0.00043023255813956496
1645256843152 3 4.335317000000003 2439 836268 0.6841 -10.487525581395348
1645256846588 1 4.8986480000000086 0 407655 0.331 0.00043023255813956496
1645256853469 3 4.252260000000007 2236 825839 0.6755 -9.614625581395348
1645256856992 1 4.730571999999995 0 404220 0.3305 0.00043023255813956496
1645256864224 3 4.462074999999999 2964 867483 0.7107 -12.745025581395348
1645256867532 1 5.153193000000016 0 390086 0.31779999999999997 0.00043023255813956496
1645256875199 3 4.402965999999992 2917 921956 0.7546999999999999 -12.54292558139535
1645256878387 1 5.214372999999995 0 365827 0.2979 0.00043023255813956496
1645256886345 3 4.295906000000002 3036 958215 0.7849999999999999 -13.054625581395348
1645256889221 1 5.4160559999999975 0 337939 0.2752 0.00043023255813956496
1645256897585 3 4.305429000000004 3251 1005593 0.8228 -13.979125581395348
1645256900974 1 4.913593999999989 0 390582 0.3181 0.00043023255813956496
1645256907672 3 4.2716470000000015 2056 802415 0.6564 -8.840625581395349
1645256911036 1 4.908057000000014 0 399016 0.3254 0.00043023255813956496
1645256918287 3 4.309020000000004 2650 869418 0.7133 -11.394825581395349
1645256921516 1 5.078229999999991 0 371149 0.303 0.00043023255813956496

