1645255913725 1 3.999999 946 346799 0.0838 -4.0678
1645255917123 4 4.601146 0 1312552 0.31779999999999997 0.000174418604651283
1645255920580 4 5.1449560000000005 0 1383123 0.335 0.000662790697674609
1645255924205 4 5.519546 0 1451767 0.3518 0.000662790697674609
1645255927479 4 6.247468999999999 0 1308083 0.3169 0.000662790697674609
1645255930729 4 6.994682999999998 0 1299338 0.3148 0.000662790697674609
1645255934358 4 7.36834 0 1453833 0.3527 0.000662790697674609
1645255940374 4 5.349979999999999 0 1280990 0.5905 0.000662790697674609
1645255943216 3 6.511529000000003 0 1025687 0.255 0.0006627906976743869
1645255945293 3 8.432062000000002 0 815426 0.1975 0.00043023255813956496
1645255947543 3 10.180633 0 884625 0.2142 0.00043023255813956496
1645255949877 3 11.846983000000002 0 904952 0.2184 0.00043023255813956496
1645255954300 3 11.53127 0 954418 0.23090000000000002 0.00043023255813956496
1645255957849 4 11.87771 0 1421742 0.3436 0.00043023255813956496
1645255961933 4 11.951001000000005 0 1436771 0.34809999999999997 0.000662790697674609
1645255965996 4 11.969753000000004 0 1425347 0.34540000000000004 0.000662790697674609
1645255969917 4 11.959911000000005 0 1366001 0.3303 0.000662790697674609
1645255974143 4 11.683881 0 1281785 0.3114 0.000662790697674609
1645255977925 4 11.800879000000009 0 1514044 0.36669999999999997 0.000662790697674609
1645255982006 4 11.900057000000004 0 1432783 0.3473 0.000662790697674609
1645255986011 4 11.881286000000003 0 1401397 0.3391 0.000662790697674609
1645255990136 4 11.602047999999996 0 1450362 0.3514 0.000662790697674609
1645255994324 4 11.590153 0 1266375 0.30720000000000003 0.000662790697674609
1645255998066 4 11.665464 0 1497932 0.3629 0.000662790697674609
1645256002352 4 11.531574000000006 0 1308773 0.3175 0.000662790697674609
1645256006134 4 11.589728000000008 0 1516715 0.3674 0.000662790697674609
1645256010145 4 11.751567000000009 0 1407805 0.341 0.000662790697674609
1645256014133 4 11.723484999999997 0 1394624 0.3378 0.000662790697674609
1645256017878 4 11.848579999999998 0 1502056 0.3641 0.000662790697674609
1645256022075 4 11.699618999999998 0 1276395 0.3094 0.000662790697674609
1645256025802 4 11.933917000000008 0 1480768 0.359 0.000662790697674609
1645256030000 4 11.891370000000009 0 1473992 0.3568 0.000662790697674609
1645256034261 4 11.630539999999996 0 1306146 0.31629999999999997 0.000662790697674609
1645256038160 4 11.564007000000004 0 1565699 0.3795 0.000662790697674609
1645256042344 4 11.609610000000004 0 1268922 0.3075 0.000662790697674609
1645256045854 4 11.868583000000001 0 1406335 0.3408 0.000662790697674609
1645256050307 4 11.588324999999998 0 1381377 0.33399999999999996 0.000662790697674609
1645256054001 4 11.732889999999998 0 1475162 0.3577 0.000662790697674609
1645256058085 4 11.800224000000014 0 1430482 0.3473 0.000662790697674609
1645256062176 4 11.789676000000014 0 1439994 0.3486 0.000662790697674609
1645256066194 4 11.531011000000007 0 1405476 0.3416 0.000662790697674609
1645256070156 4 11.766818999999998 0 1382866 0.3347 0.000662790697674609
1645256074425 4 11.504789000000017 0 1303196 0.3153 0.000662790697674609
1645256078268 4 11.465057000000002 0 1538814 0.3724 0.000662790697674609
1645256081816 4 11.907823000000008 0 1423261 0.3444 0.000662790697674609
1645256085764 4 11.970737000000014 0 1377859 0.3332 0.000662790697674609
1645256090253 4 11.707659000000007 0 1396488 0.33799999999999997 0.000662790697674609
1645256093929 4 11.951659000000006 0 1265878 0.3069 0.000662790697674609
1645256098105 4 11.68778900000001 0 1474721 0.3577 0.000662790697674609
1645256101992 4 11.932389 0 1357016 0.32799999999999996 0.000662790697674609
1645256105757 4 11.968748000000005 0 1508969 0.36619999999999997 0.000662790697674609
1645256110300 4 11.658896999999996 0 1420161 0.3439 0.000662790697674609
1645256113783 4 11.940583000000004 0 1394798 0.3379 0.000662790697674609
1645256118019 4 11.891516999999993 0 1499654 0.3633 0.000662790697674609
1645256122323 4 11.627230999999995 0 1323592 0.3205 0.000662790697674609
1645256126004 4 11.720011999999997 0 1477260 0.35819999999999996 0.000662790697674609
1645256130183 4 11.60826800000001 0 1474833 0.3573 0.000662790697674609
1645256133928 4 11.855491 0 1299401 0.3146 0.000662790697674609
1645256137902 4 11.822064000000012 0 1595638 0.3874 0.000662790697674609
1645256142109 4 11.826987000000003 0 1282380 0.3103 0.000662790697674609
1645256146105 4 11.818759999999997 0 1402228 0.3395 0.000662790697674609
1645256150117 4 11.808059000000014 0 1404885 0.3408 0.000662790697674609
1645256153733 4 11.991181000000012 0 1453425 0.3517 0.000662790697674609
1645256158369 4 11.540036000000015 0 1453998 0.35219999999999996 0.000662790697674609
1645256161919 4 11.804701999999992 0 1424197 0.3452 0.000662790697674609
1645256165967 4 11.770804999999996 0 1409895 0.3413 0.000662790697674609
1645256170414 4 11.51097500000003 0 1381516 0.3346 0.000662790697674609
1645256174157 4 11.721179000000006 0 1298461 0.3137 0.000662790697674609
1645256177969 4 11.754692999999975 0 1530017 0.3711 0.000662790697674609
1645256182060 4 11.733826000000022 0 1437352 0.3483 0.000662790697674609
1645256185917 4 11.974500999999975 0 1344879 0.32530000000000003 0.000662790697674609
1645256190133 4 11.714762000000007 0 1490910 0.36110000000000003 0.000662790697674609
1645256193797 4 11.960171000000003 0 1264017 0.3065 0.000662790697674609
1645256197934 4 11.954203000000007 0 1458446 0.353 0.000662790697674609
1645256201844 4 11.941614000000015 0 1366050 0.331 0.000662790697674609
1645256206173 4 11.687756999999976 0 1540108 0.3727 0.000662790697674609
1645256210217 4 11.681917999999996 0 1421303 0.3442 0.000662790697674609
1645256214118 4 11.676736000000005 0 1359213 0.329 0.000662790697674609
1645256217893 4 11.834757000000025 0 1514199 0.36669999999999997 0.000662790697674609
1645256222131 4 11.665588000000014 0 1296661 0.314 0.000662790697674609
1645256226000 4 11.904431999999986 0 1340186 0.3246 0.000662790697674609
1645256230198 4 11.646569 0 1478975 0.3585 0.000662790697674609
1645256234050 4 11.892584999999997 0 1342511 0.3249 0.000662790697674609
1645256237855 4 11.87158599999998 0 1527618 0.3699 0.000662790697674609
1645256242097 4 11.87509799999998 0 1297467 0.3141 0.000662790697674609

