1645248731915 1 3.999999 1119 346799 0.0955 -4.8117
1645248734036 1 5.891068 0 363755 0.1115 0.00017441860465117198
1645248735242 1 8.690458000000001 0 362842 0.10229999999999999 0.00017441860465117198
1645248736427 1 11.503629 0 384791 0.1045 0.00017441860465117198
1645248740350 3 11.799596999999999 0 804438 0.22080000000000002 0.000174418604651283
1645248744275 3 11.786045 0 828659 0.22759999999999997 0.00043023255813956496
1645248748474 3 11.527649999999998 0 937332 0.2572 0.00043023255813956496
1645248752227 3 11.77159 0 776416 0.213 0.00043023255813956496
1645248756168 3 11.761344000000001 0 1025687 0.2819 0.00043023255813956496
1645248760535 3 11.500502000000001 0 815426 0.22400000000000003 0.00043023255813956496
1645248764083 3 11.983516000000002 0 884625 0.2432 0.00043023255813956496
1645248768205 3 11.725821000000003 0 904952 0.24900000000000003 0.00043023255813956496
1645248771976 3 11.964369000000005 0 954418 0.2619 0.00043023255813956496
1645248776097 3 11.959464000000004 0 910446 0.24900000000000003 0.00043023255813956496
1645248780264 3 11.696266000000001 0 922454 0.2531 0.00043023255813956496
1645248786155 3 9.776371000000005 0 942842 0.5769 0.00043023255813956496
1645248788860 3 11.065773 0 884128 0.248 0.00043023255813956496
1645248792294 3 11.662820000000004 0 828263 0.2277 0.00043023255813956496
1645248796100 3 11.904469000000006 0 981175 0.269 0.00043023255813956496
1645248800300 3 11.638557000000006 0 939007 0.25739999999999996 0.00043023255813956496
1645248804249 3 11.883263999999997 0 841370 0.23170000000000002 0.00043023255813956496
1645248808498 3 11.619796000000008 0 947658 0.2586 0.00043023255813956496
1645248812409 3 11.61266400000001 0 828958 0.2273 0.00043023255813956496
1645248816208 3 11.852542999999997 0 977791 0.2684 0.00043023255813956496
1645248820163 3 11.846213000000006 0 847215 0.2325 0.00043023255813956496
1645248824460 3 11.588788000000008 0 978032 0.2686 0.00043023255813956496
1645248828177 3 11.831491 0 934237 0.2566 0.00043023255813956496
1645248832266 3 11.823577999999998 0 889600 0.24430000000000002 0.00043023255813956496
1645248836177 3 11.803331 0 988774 0.2712 0.00043023255813956496
1645248840549 3 11.544840000000008 0 808061 0.22210000000000002 0.00043023255813956496
1645248844425 3 11.534574000000006 0 995677 0.2731 0.00043023255813956496
1645248850352 3 9.574222000000006 0 924757 0.5772 0.00043023255813956496
1645248852898 3 11.048316999999997 0 808228 0.2274 0.00043023255813956496
1645248856323 3 11.624605000000003 0 1014212 0.2784 0.00043023255813956496
1645248860275 3 11.868933999999996 0 845218 0.23199999999999998 0.00043023255813956496
1645248864394 3 11.613535000000013 0 910767 0.2502 0.00043023255813956496
1645248868501 3 11.60241400000001 0 901777 0.2475 0.00043023255813956496
1645248872287 3 11.823308999999995 0 967347 0.266 0.00043023255813956496
1645248876477 3 11.565202 0 935273 0.25680000000000003 0.00043023255813956496
1645248880150 3 11.807870000000008 0 916928 0.25179999999999997 0.00043023255813956496
1645248884366 3 11.801834000000014 0 940743 0.2582 0.00043023255813956496
1645248888410 3 11.541358000000002 0 877888 0.2414 0.00043023255813956496
1645248892353 3 11.782900000000012 0 839766 0.23079999999999998 0.00043023255813956496
1645248896660 3 11.524989000000005 0 976062 0.268 0.00043023255813956496
1645248902506 3 9.439885000000004 0 958353 0.5728 0.00043023255813956496
1645248905071 3 10.875517000000002 0 836268 0.2352 0.00043023255813956496
1645248908391 3 11.735432000000003 0 968967 0.2666 0.00043023255813956496
1645248912271 3 11.72536500000001 0 825839 0.22669999999999998 0.00043023255813956496
1645248916076 3 11.967652000000015 0 974212 0.2669 0.00043023255813956496
1645248920159 0 11.95309499999999 0 128759 0.035699999999999996 0.00043023255813956496
1645248924378 0 11.694761999999997 0 199367 0.059699999999999996 0.00006976744186043549
1645248928156 0 11.938015000000007 0 220759 0.06570000000000001 0.00006976744186043549
1645248932236 0 11.932351000000011 0 149511 0.045700000000000005 0.00006976744186043549
1645248936230 0 11.924768999999998 0 118879 0.0376 0.00006976744186043549
1645248940151 0 11.91584499999999 0 85418 0.028599999999999997 0.00006976744186043549
1645248944523 0 11.656893999999994 0 68807 0.0242 0.00006976744186043549
1645248948064 0 11.884430000000009 0 132565 0.041499999999999995 0.00006976744186043549
1645248952565 0 11.628563000000014 0 117262 0.0372 0.00006976744186043549
1645248956557 0 11.596880999999996 0 116418 0.0369 0.00006976744186043549
1645248960350 0 11.838741999999996 0 223024 0.0666 0.00006976744186043549
1645248964618 0 11.56713400000001 0 214538 0.065 0.00006976744186043549
1645248968276 0 11.792805000000016 0 178191 0.054000000000000006 0.00006976744186043549
1645248972397 0 11.779629 0 161454 0.0492 0.00006976744186043549
1645248976647 0 11.516264000000007 0 212225 0.0625 0.00006976744186043549
1645248980361 0 11.754711000000015 0 195858 0.0595 0.00006976744186043549
1645248984369 0 11.746248000000008 0 119665 0.0377 0.00006976744186043549
1645248988338 0 11.738431999999989 0 108667 0.0349 0.00006976744186043549
1645248992176 0 11.979798000000017 0 64782 0.0222 0.00006976744186043549
1645248996092 0 11.971082000000024 0 87523 0.0293 0.00006976744186043549
1645249000188 0 11.95795800000002 0 155607 0.0474 0.00006976744186043549
1645249004144 0 11.94895600000001 0 100404 0.0325 0.00006976744186043549
1645249008319 0 11.692768999999998 0 183614 0.0553 0.00006976744186043549
1645249012028 0 11.937526999999989 0 197686 0.0593 0.00006976744186043549
1645249016300 0 11.676968999999985 0 217520 0.0655 0.00006976744186043549
1645249020346 0 11.670369999999991 0 132353 0.041499999999999995 0.00006976744186043549
1645249024077 0 11.914256000000023 0 199853 0.0602 0.00006976744186043549
1645249028378 0 11.656025999999997 0 225614 0.0673 0.00006976744186043549
1645249032468 0 11.643203000000028 0 150477 0.0465 0.00006976744186043549
1645249036469 0 11.636270000000025 0 117995 0.038 0.00006976744186043549
1645249040367 0 11.629889999999989 0 86503 0.028199999999999996 0.00006976744186043549
1645249044219 0 11.873842000000025 0 67335 0.023100000000000002 0.00006976744186043549
1645249048266 0 11.864754000000005 0 132169 0.0422 0.00006976744186043549
1645249052264 0 11.856929999999977 0 118800 0.0379 0.00006976744186043549
1645249056258 0 11.848487999999975 0 116618 0.036699999999999997 0.00006976744186043549

