1645256249686 1 3.999999 1159 346799 0.1038 -4.9837
1645256252159 3 5.5427420000000005 0 755039 0.2263 0.000174418604651283
1645256254764 3 6.938051000000001 0 835161 0.2499 0.00043023255813956496
1645256257587 3 8.114341 0 908792 0.2723 0.00043023255813956496
1645256260095 3 9.606902 0 804438 0.2413 0.00043023255813956496
1645256262684 3 11.019684 0 828659 0.24820000000000003 0.00043023255813956496
1645256266095 3 11.643086999999998 0 937332 0.2812 0.00043023255813956496
1645256270055 3 11.887214 0 776416 0.2331 0.00043023255813956496
1645256274238 3 11.626673000000004 0 1025687 0.3079 0.00043023255813956496
1645256278291 3 11.619180000000004 0 815426 0.2447 0.00043023255813956496
1645256282048 3 11.858271000000002 0 884625 0.2657 0.00043023255813956496
1645256285867 3 11.855109000000006 0 904952 0.2716 0.00043023255813956496
1645256291796 3 9.904823 0 954418 0.5827 0.00043023255813956496
1645256294765 3 10.938082000000001 0 910446 0.27759999999999996 0.00043023255813956496
1645256298140 3 11.570262 0 922454 0.2771 0.00043023255813956496
1645256302075 3 11.812248000000004 0 942842 0.2828 0.00043023255813956496
1645256306330 3 11.550904000000003 0 884128 0.26549999999999996 0.00043023255813956496
1645256309913 3 11.787955000000004 0 828263 0.2481 0.00043023255813956496
1645256313962 3 11.778864999999996 0 981175 0.2941 0.00043023255813956496
1645256318379 3 11.520544999999998 0 939007 0.2817 0.00043023255813956496
1645256321997 3 11.761113000000009 0 841370 0.2522 0.00043023255813956496
1645256328159 3 9.542378 0 947658 0.6066 0.00043023255813956496
1645256330911 3 10.791080000000008 0 828958 0.253 0.00043023255813956496
1645256333944 3 11.75777500000001 0 977791 0.2927 0.00043023255813956496
1645256338084 3 11.729554000000007 0 847215 0.2537 0.00043023255813956496
1645256342114 3 11.721494000000007 0 978032 0.2922 0.00043023255813956496
1645256346021 3 11.711917999999997 0 934237 0.2803 0.00043023255813956496
1645256349793 3 11.957300000000004 0 889600 0.2673 0.00043023255813956496
1645256353864 3 11.951576000000003 0 988774 0.2969 0.00043023255813956496
1645256357892 3 11.942226000000005 0 808061 0.2426 0.00043023255813956496
1645256361976 3 11.932862 0 995677 0.29860000000000003 0.00043023255813956496
1645256367560 3 10.142267000000004 0 924757 0.5482 0.00043023255813956496
1645256370228 3 11.473499000000004 0 808228 0.2473 0.00043023255813956496
1645256373880 3 11.910102000000009 0 1014212 0.30419999999999997 0.00043023255813956496
1645256378022 3 11.898572999999999 0 845218 0.2532 0.00043023255813956496
1645256381859 3 11.893205999999992 0 910767 0.2734 0.00043023255813956496
1645256386162 3 11.635438999999991 0 901777 0.2705 0.00043023255813956496
1645256390169 3 11.62632099999999 0 967347 0.2903 0.00043023255813956496
1645256394075 3 11.865539000000012 0 935273 0.28090000000000004 0.00043023255813956496
1645256399905 3 9.796512000000007 0 916928 0.5723 0.00043023255813956496
1645256402974 3 10.727902999999998 0 940743 0.2867 0.00043023255813956496
1645256405711 3 11.991158000000013 0 877888 0.2631 0.00043023255813956496
1645256410328 3 11.588048000000015 0 839766 0.25139999999999996 0.00043023255813956496
1645256414355 3 11.574871000000002 0 976062 0.2925 0.00043023255813956496
1645256418327 3 11.567599000000001 0 958353 0.2874 0.00043023255813956496
1645256421936 3 11.811673000000013 0 836268 0.2505 0.00043023255813956496
1645256425941 3 11.798745999999994 0 968967 0.2904 0.00043023255813956496
1645256430022 3 11.793273999999997 0 825839 0.24769999999999998 0.00043023255813956496
1645256434046 3 11.78502499999999 0 974212 0.2924 0.00043023255813956496
1645256439601 3 10.101202999999998 0 867483 0.5446 0.00043023255813956496
1645256442792 3 10.910446000000007 0 987232 0.3003 0.00043023255813956496
1645256446160 3 11.757953000000015 0 921956 0.2765 0.00043023255813956496
1645256450001 3 11.750994999999989 0 913803 0.2741 0.00043023255813956496
1645256453969 3 11.740057000000007 0 958215 0.2864 0.00043023255813956496
1645256458069 3 11.729852999999991 0 832934 0.24969999999999998 0.00043023255813956496
1645256462184 3 11.724671 0 1005593 0.3016 0.00043023255813956496
1645256466089 3 11.712994000000009 0 935985 0.2808 0.00043023255813956496
1645256470101 3 11.703902 0 802415 0.24 0.00043023255813956496
1645256474207 3 11.696084000000013 0 999009 0.29969999999999997 0.00043023255813956496
1645256477929 3 11.936340999999999 0 869418 0.2605 0.00043023255813956496
1645256483805 3 9.900408999999996 0 897686 0.5769 0.00043023255813956496
1645256486915 3 10.786597999999998 0 960141 0.29209999999999997 0.00043023255813956496
1645256489753 3 11.948455999999993 0 914618 0.2734 0.00043023255813956496
1645256494200 3 11.654212999999999 0 949031 0.2843 0.00043023255813956496
1645256498057 3 11.649112000000002 0 919929 0.2753 0.00043023255813956496
1645256501948 3 11.888798000000008 0 930570 0.2791 0.00043023255813956496
1645256506228 3 11.63263599999999 0 894188 0.268 0.00043023255813956496
1645256509835 3 11.867957999999987 0 835562 0.2512 0.00043023255813956496
1645256513898 3 11.858450000000005 0 986170 0.2961 0.00043023255813956496
1645256517870 3 11.850802999999985 0 955812 0.2874 0.00043023255813956496
1645256521991 3 11.834267000000011 0 837688 0.2515 0.00043023255813956496
1645256526019 3 11.82203400000003 0 972932 0.2923 0.00043023255813956496
1645256530046 3 11.815427999999997 0 807690 0.24209999999999998 0.00043023255813956496
1645256534053 3 11.809143000000006 0 968173 0.2906 0.00043023255813956496
1645256539924 3 9.778908000000001 0 872734 0.5768 0.00043023255813956496
1645256543133 3 10.569398999999976 0 991679 0.30110000000000003 0.00043023255813956496
1645256546026 3 11.676423999999997 0 930061 0.2787 0.00043023255813956496
1645256550284 3 11.52225900000002 0 884740 0.2658 0.00043023255813956496
1645256554294 3 11.515841000000023 0 968599 0.2909 0.00043023255813956496
1645256558435 3 11.51033799999999 0 848189 0.2543 0.00043023255813956496
1645256562005 3 11.750665000000026 0 989262 0.29700000000000004 0.00043023255813956496
1645256565900 3 11.994492999999977 0 929927 0.2791 0.00043023255813956496
1645256570041 3 11.73488100000003 0 845977 0.25339999999999996 0.00043023255813956496
1645256574172 3 11.729106000000002 0 1009703 0.3033 0.00043023255813956496
1645256577917 3 11.97300100000001 0 861836 0.2586 0.00043023255813956496

