1645251301538 1 3.999999 1314 346799 0.1203 -5.6502
1645251302477 0 7.0680819999999995 0 213385 0.0744 0.00017441860465117198
1645251303070 0 10.473664000000001 0 141806 0.0498 0.00006976744186043549
1645251306060 0 11.566860000000002 0 112578 0.0392 0.00006976744186043549
1645251309981 0 11.813054999999999 0 80671 0.0317 0.00006976744186043549
1645251313859 0 11.797642999999999 0 68729 0.0274 0.00006976744186043549
1645251318014 0 11.779384 0 137895 0.0522 0.00006976744186043549
1645251322048 0 11.510352999999999 0 114138 0.0431 0.00006976744186043549
1645251326128 0 11.503367 0 126013 0.0475 0.00006976744186043549
1645251330037 0 11.748840000000001 0 217236 0.0806 0.00006976744186043549
1645251333938 0 11.738024000000003 0 219398 0.08 0.00006976744186043549
1645251337690 0 11.983881000000004 0 177648 0.06570000000000001 0.00006976744186043549
1645251341903 0 11.723149 0 166856 0.0617 0.00006976744186043549
1645251345822 0 11.967728000000001 0 223685 0.0823 0.00006976744186043549
1645251349678 0 11.96069 0 206455 0.0759 0.00006976744186043549
1645251353735 0 11.953548000000005 0 121534 0.0463 0.00006976744186043549
1645251357736 0 11.943529000000005 0 105092 0.04 0.00006976744186043549
1645251362091 0 11.685546000000002 0 63086 0.025500000000000002 0.00006976744186043549
1645251366034 0 11.677552000000006 0 87739 0.0339 0.00006976744186043549
1645251369708 0 11.918322000000003 0 152905 0.057199999999999994 0.00006976744186043549
1645251373701 0 11.912841999999998 0 100587 0.0387 0.00006976744186043549
1645251377992 0 11.651854 0 186001 0.06870000000000001 0.00006976744186043549
1645251381829 0 11.897732000000005 0 201620 0.0738 0.00006976744186043549
1645251385721 0 11.883819000000003 0 218012 0.07970000000000001 0.00006976744186043549
1645251389791 0 11.876207000000008 0 123058 0.0472 0.00006976744186043549
1645251394122 0 11.620216 0 198856 0.0733 0.00006976744186043549
1645251398062 0 11.609707 0 223061 0.0824 0.00006976744186043549
1645251401697 0 11.847377000000009 0 143385 0.0536 0.00006976744186043549
1645251405739 0 11.839628000000005 0 117021 0.0443 0.00006976744186043549
1645251410166 0 11.584084000000004 0 83595 0.0329 0.00006976744186043549
1645251414032 0 11.570508000000004 0 68011 0.027000000000000003 0.00006976744186043549
1645251418131 0 11.566251000000008 0 134264 0.05 0.00006976744186043549
1645251422154 0 11.560777999999999 0 113722 0.0429 0.00006976744186043549
1645251426235 0 11.550492000000006 0 122694 0.0463 0.00006976744186043549
1645251430125 0 11.541819000000004 0 215146 0.079 0.00006976744186043549
1645251434000 0 11.785135999999994 0 213339 0.0776 0.00006976744186043549
1645251438254 0 11.523764999999997 0 176949 0.0656 0.00006976744186043549
1645251441937 0 11.764872999999994 0 158356 0.0583 0.00006976744186043549
1645251445841 0 11.754749000000004 0 219852 0.0805 0.00006976744186043549
1645251449665 0 11.99689699999999 0 196864 0.0727 0.00006976744186043549
1645251453703 0 11.987414000000001 0 116610 0.0441 0.00006976744186043549
1645251457717 0 11.980267999999995 0 107223 0.0411 0.00006976744186043549
1645251462085 0 11.709551000000005 0 64332 0.0257 0.00006976744186043549
1645251466037 0 11.69634400000001 0 88753 0.0351 0.00006976744186043549
1645251469702 0 11.941179000000005 0 153489 0.05669999999999999 0.00006976744186043549
1645251473684 0 11.935899000000006 0 101805 0.0382 0.00006976744186043549
1645251477986 0 11.678481000000005 0 186822 0.0696 0.00006976744186043549
1645251481835 0 11.923452999999995 0 200149 0.074 0.00006976744186043549
1645251485726 0 11.916534000000013 0 215305 0.0789 0.00006976744186043549
1645251489814 0 11.904875000000004 0 128759 0.0484 0.00006976744186043549
1645251493649 0 11.897115000000014 0 199367 0.0735 0.00006976744186043549
1645251498056 0 11.638803999999993 0 220759 0.08020000000000001 0.00006976744186043549
1645251501713 0 11.882450000000006 0 149511 0.056299999999999996 0.00006976744186043549
1645251505762 0 11.874015000000014 0 118879 0.0451 0.00006976744186043549
1645251509701 0 11.867680000000007 0 85418 0.0339 0.00006976744186043549
1645251514078 0 11.609753000000012 0 68807 0.027700000000000002 0.00006976744186043549
1645251518181 0 11.600570000000005 0 132565 0.05 0.00006976744186043549
1645251521721 0 11.843400000000003 0 117262 0.0443 0.00006976744186043549
1645251525755 0 11.836018999999993 0 116418 0.0436 0.00006976744186043549
1645251530171 0 11.577038000000016 0 223024 0.0814 0.00006976744186043549
1645251534054 0 11.572421999999989 0 214538 0.0786 0.00006976744186043549
1645251537812 0 11.813198999999997 0 178191 0.0656 0.00006976744186043549
1645251542013 0 11.557602000000003 0 161454 0.0607 0.00006976744186043549
1645251545879 0 11.797461999999996 0 212225 0.07680000000000001 0.00006976744186043549
1645251550190 0 11.540579000000008 0 195858 0.0712 0.00006976744186043549
1645251554242 0 11.532371000000012 0 119665 0.045200000000000004 0.00006976744186043549
1645251558261 0 11.525639000000012 0 108667 0.0418 0.00006976744186043549
1645251562118 0 11.518618000000004 0 64782 0.025500000000000002 0.00006976744186043549
1645251566059 0 11.509599999999978 0 87523 0.033600000000000005 0.00006976744186043549
1645251570239 0 11.410597999999993 0 155607 0.0578 0.00006976744186043549
1645251573726 0 11.995955999999978 0 100404 0.0385 0.00006976744186043549
1645251578000 0 11.725555999999983 0 183614 0.0675 0.00006976744186043549
1645251581829 0 11.716816999999992 0 197686 0.0728 0.00006976744186043549
1645251585732 0 11.95938000000001 0 217520 0.08 0.00006976744186043549
1645251589821 0 11.949604000000022 0 132353 0.0493 0.00006976744186043549
1645251593661 0 11.94219099999998 0 199853 0.0739 0.00006976744186043549
1645251598083 0 11.686173999999994 0 225614 0.0822 0.00006976744186043549
1645251601749 0 11.925179000000014 0 150477 0.0566 0.00006976744186043549
1645251605795 0 11.917350999999996 0 117995 0.044700000000000004 0.00006976744186043549
1645251609736 0 11.905647999999985 0 86503 0.034300000000000004 0.00006976744186043549
1645251614108 0 11.648149999999987 0 67335 0.0268 0.00006976744186043549
1645251617702 0 11.893331999999987 0 132169 0.0498 0.00006976744186043549
1645251621755 0 11.887272999999993 0 118800 0.044700000000000004 0.00006976744186043549
1645251625794 0 11.877422000000024 0 116618 0.0444 0.00006976744186043549
1645251629697 0 11.867372999999986 0 222296 0.08070000000000001 0.00006976744186043549

