1645239665106 1 3.999999 2215 346799 0.21139999999999998 -9.5245
1645239668356 2 4.772624 0 500350 0.3045 0.000174418604651283
1645239671779 2 5.34787 0 545518 0.3321 0.00027906976744174194
1645239675442 2 5.6846260000000015 0 584100 0.3545 0.00027906976744174194
1645239678668 2 6.465656999999998 0 512169 0.31070000000000003 0.00027906976744174194
1645239682287 2 6.839687999999999 0 578121 0.3513 0.00027906976744174194
1645239686267 2 6.863692 0 636691 0.3875 0.00027906976744174194
1645239689541 2 7.586779 0 519743 0.3173 0.00027906976744174194
1645239693619 2 7.509587000000003 0 653153 0.3975 0.00027906976744174194
1645239696958 2 8.169210000000003 0 531618 0.3238 0.00027906976744174194
1645239700640 2 8.486507000000003 0 588952 0.3581 0.00027906976744174194
1645239704247 2 8.880234999999999 0 575427 0.3505 0.00027906976744174194
1645239707893 2 9.233769000000002 0 582800 0.3543 0.00027906976744174194
1645239711759 2 9.367973 0 619183 0.3761 0.00027906976744174194
1645239715471 2 9.656132 0 592095 0.3609 0.00027906976744174194
1645239719163 2 9.966205000000002 0 588643 0.3588 0.00027906976744174194
1645239722940 2 10.188041000000005 0 604781 0.36619999999999997 0.00027906976744174194
1645239726107 2 11.02138 0 504428 0.30619999999999997 0.00027906976744174194
1645239729921 2 11.206496000000001 0 608117 0.3706 0.00027906976744174194
1645239733954 2 11.174789000000004 0 645520 0.3928 0.00027906976744174194
1645239737455 2 11.671227000000002 0 557793 0.3402 0.00027906976744174194
1645239741424 2 11.703074999999998 0 635530 0.3874 0.00027906976744174194
1645239745712 2 11.56402 0 520041 0.3169 0.00027906976744174194
1645239749830 2 11.304665 0 656205 0.4004 0.00027906976744174194
1645239753576 2 11.550742999999997 0 516287 0.314 0.00027906976744174194
1645239757500 2 11.627713999999997 0 627180 0.3819 0.00027906976744174194
1645239761290 2 11.841080000000005 0 603841 0.36819999999999997 0.00027906976744174194
1645239765459 2 11.770933 0 582703 0.3543 0.00027906976744174194
1645239769386 2 11.741376000000002 0 626605 0.3812 0.00027906976744174194
1645239773240 2 11.994219999999999 0 535113 0.3254 0.00027906976744174194
1645239777225 2 11.901869000000005 0 638212 0.38839999999999997 0.00027906976744174194
1645239781575 2 11.729689000000008 0 615017 0.3746 0.00027906976744174194
1645239785421 2 11.722755000000006 0 533736 0.32480000000000003 0.00027906976744174194
1645239789547 2 11.580146 0 661250 0.4023 0.00027906976744174194
1645239793485 2 11.700508000000013 0 547682 0.33399999999999996 0.00027906976744174194
1645239797206 2 11.920985000000002 0 594286 0.3618 0.00027906976744174194
1645239801463 2 11.682251000000008 0 599508 0.3654 0.00027906976744174194
1645239805222 2 11.905877000000004 0 599347 0.3654 0.00027906976744174194
1645239809541 2 11.665851000000004 0 609977 0.3718 0.00027906976744174194
1645239813327 2 11.803090999999995 0 604926 0.3685 0.00027906976744174194
1645239817559 2 11.647784000000001 0 594986 0.3624 0.00027906976744174194
1645239821252 2 11.875275000000016 0 588726 0.359 0.00027906976744174194
1645239825544 2 11.624274000000014 0 523106 0.3189 0.00027906976744174194
1645239829418 2 11.708926999999989 0 618775 0.37770000000000004 0.00027906976744174194
1645239833429 2 11.697085000000015 0 642262 0.3911 0.00027906976744174194
1645239837407 2 11.841684000000015 0 553119 0.3371 0.00027906976744174194
1645239841400 2 11.726598999999993 0 640678 0.3893 0.00027906976744174194
1645239845758 2 11.576530999999989 0 535087 0.3255 0.00027906976744174194
1645239849783 2 11.345259999999996 0 645101 0.3922 0.00027906976744174194
1645239853185 2 11.942865000000012 0 542740 0.3301 0.00027906976744174194
1645239857150 2 11.97677999999999 0 635250 0.38639999999999997 0.00027906976744174194
1645239861452 2 11.79071300000001 0 607370 0.3699 0.00027906976744174194
1645239865220 2 11.907004999999998 0 601045 0.3664 0.00027906976744174194
1645239869514 2 11.773573999999996 0 605033 0.3685 0.00027906976744174194
1645239873838 2 11.513238999999999 0 530643 0.3227 0.00027906976744174194
1645239877928 2 11.199739999999991 0 652691 0.39780000000000004 0.00027906976744174194
1645239881744 2 11.382941000000017 0 609815 0.3719 0.00027906976744174194
1645239885166 2 11.961945000000014 0 544612 0.3318 0.00027906976744174194
1645239889616 2 11.741093000000006 0 632508 0.3848 0.00027906976744174194
1645239893262 2 11.864701999999994 0 583029 0.3544 0.00027906976744174194
1645239897563 2 11.724065999999993 0 609324 0.36970000000000003 0.00027906976744174194
1645239901286 2 11.840616000000011 0 593619 0.3628 0.00027906976744174194
1645239905145 2 11.985461000000015 0 613859 0.3745 0.00027906976744174194
1645239909454 2 11.694638999999995 0 608720 0.3705 0.00027906976744174194
1645239913259 2 11.871521000000001 0 606705 0.37 0.00027906976744174194
1645239917476 2 11.681040999999993 0 593343 0.36110000000000003 0.00027906976744174194
1645239921153 2 11.973423000000025 0 587405 0.358 0.00027906976744174194
1645239925365 2 11.915600999999981 0 509910 0.311 0.00027906976744174194
1645239929271 2 11.855205000000012 0 624112 0.381 0.00027906976744174194
1645239933221 2 11.905656000000022 0 631553 0.3848 0.00027906976744174194
1645239937719 2 11.641660000000002 0 558385 0.3396 0.00027906976744174194
1645239941722 2 11.406655 0 642127 0.39039999999999997 0.00027906976744174194
1645239945562 2 11.623253999999974 0 530123 0.323 0.00027906976744174194
1645239949608 2 11.52307300000001 0 646460 0.3943 0.00027906976744174194
1645239953554 2 11.811396000000002 0 544018 0.3317 0.00027906976744174194
1645239957557 2 11.573290999999983 0 639772 0.38849999999999996 0.00027906976744174194
1645239961401 2 11.725581999999974 0 616543 0.3747 0.00027906976744174194
1645239965566 2 11.768152999999984 0 585544 0.3564 0.00027906976744174194
1645239969364 2 11.76187299999998 0 607252 0.37 0.00027906976744174194
1645239973715 2 11.504368 0 534940 0.32530000000000003 0.00027906976744174194
1645239977709 2 11.417858000000024 0 638300 0.38849999999999996 0.00027906976744174194
1645239981627 2 11.499950000000013 0 626429 0.381 0.00027906976744174194
1645239985515 2 11.731611999999984 0 538866 0.3276 0.00027906976744174194
1645239989496 2 11.632469000000015 0 636237 0.3876 0.00027906976744174194

