1645242926589 1 3.999999 8105 346799 0.7958999999999999 -34.8515
1645242931855 0 4.336218 1595 213385 0.4878 -6.858325581395349
1645242935251 0 4.936640000000001 0 141806 0.32389999999999997 0.00006976744186043549
1645242937934 0 6.255949000000001 0 112578 0.252 0.00006976744186043549
1645242939851 0 8.337565999999999 0 80671 0.1799 0.00006976744186043549
1645242941531 0 10.656965 0 68729 0.156 0.00006976744186043549
1645242944814 0 11.375007999999998 0 137895 0.31589999999999996 0.00006976744186043549
1645242948572 0 11.642727999999998 0 114138 0.26389999999999997 0.00006976744186043549
1645242952613 0 11.634867000000003 0 126013 0.2919 0.00006976744186043549
1645242957736 0 10.452163000000002 0 217236 0.5001 0.00006976744186043549
1645242963018 0 9.172022000000005 0 219398 0.5001 0.00006976744186043549
1645242967212 0 8.975736000000005 0 177648 0.4039 0.00006976744186043549
1645242971173 0 9.014845000000001 0 166856 0.3799 0.00006976744186043549
1645242976452 0 7.735417000000005 0 223685 0.5119 0.00006976744186043549
1645242981455 0 6.733287000000004 0 206455 0.4723 0.00006976744186043549
1645242984373 0 7.814880000000002 0 121534 0.2759 0.00006976744186043549
1645242986893 0 9.294631000000003 0 105092 0.23610000000000003 0.00006976744186043549
1645242988451 0 11.736490000000003 0 63086 0.1399 0.00006976744186043549
1645242992571 0 11.803553000000008 0 87739 0.1998 0.00006976744186043549
1645242996214 0 11.975334000000004 0 152905 0.35209999999999997 0.00006976744186043549
1645243000653 0 11.783056000000002 0 100587 0.23199999999999998 0.00006976744186043549
1645243005057 0 11.131979000000001 0 186001 0.4282 0.00006976744186043549
1645243009812 0 10.377785000000003 0 201620 0.4638 0.00006976744186043549
1645243014933 0 9.255707000000001 0 218012 0.49989999999999996 0.00006976744186043549
1645243018012 0 10.176387000000005 0 123058 0.2799 0.00006976744186043549
1645243022692 0 9.495787000000007 0 198856 0.4518 0.00006976744186043549
1645243027933 0 8.254177999999996 0 223061 0.5079 0.00006976744186043549
1645243031452 0 8.735681999999997 0 143385 0.32389999999999997 0.00006976744186043549
1645243034255 0 9.933497000000003 0 117021 0.2637 0.00006976744186043549
1645243036253 0 11.936048 0 83595 0.18409999999999999 0.00006976744186043549
1645243040433 0 11.937517 0 68011 0.15189999999999998 0.00006976744186043549
1645243044613 0 11.68141 0 134264 0.3081 0.00006976744186043549
1645243048332 0 11.922804999999997 0 113722 0.2599 0.00006976744186043549
1645243052752 0 11.661648999999997 0 122694 0.2798 0.00006976744186043549
1645243057772 0 10.415962000000007 0 215146 0.4918 0.00006976744186043549
1645243063016 0 9.172515000000004 0 213339 0.48810000000000003 0.00006976744186043549
1645243067215 0 8.973185999999998 0 176949 0.4039 0.00006976744186043549
1645243070971 0 9.216700000000003 0 158356 0.3599 0.00006976744186043549
1645243076176 0 8.01303999999999 0 219852 0.5038 0.00006976744186043549
1645243080933 0 7.255122 0 196864 0.44800000000000006 0.00006976744186043549
1645243083690 0 8.498085000000003 0 116610 0.26389999999999997 0.00006976744186043549
1645243086253 0 9.93419399999999 0 107223 0.24009999999999998 0.00006976744186043549
1645243088850 0 11.55492000000001 0 64332 0.14379999999999998 0.00006976744186043549
1645243092514 0 11.796161000000012 0 88753 0.20400000000000001 0.00006976744186043549
1645243096632 0 11.78875099999999 0 153489 0.352 0.00006976744186043549
1645243100561 0 11.780959999999993 0 101805 0.2318 0.00006976744186043549
1645243105012 0 11.175816999999995 0 186822 0.4319 0.00006976744186043549
1645243109734 0 10.454890000000006 0 200149 0.4598 0.00006976744186043549
1645243114776 0 9.413814000000002 0 215305 0.492 0.00006976744186043549
1645243118050 0 10.137731000000002 0 128759 0.2918 0.00006976744186043549
1645243122733 0 9.455210999999991 0 199367 0.45199999999999996 0.00006976744186043549
1645243127892 0 8.295169000000016 0 220759 0.5039 0.00006976744186043549
1645243131572 0 8.61740900000001 0 149511 0.3398 0.00006976744186043549
1645243134453 0 9.735883000000001 0 118879 0.2719 0.00006976744186043549
1645243136537 0 11.652850999999998 0 85418 0.19190000000000002 0.00006976744186043549
1645243140716 0 11.685926999999992 0 68807 0.156 0.00006976744186043549
1645243144351 0 11.92851300000001 0 132565 0.3036 0.00006976744186043549
1645243148632 0 11.670376000000005 0 117262 0.26789999999999997 0.00006976744186043549
1645243152410 0 11.903288000000003 0 116418 0.26789999999999997 0.00006976744186043549
1645243157652 0 10.536281000000002 0 223024 0.512 0.00006976744186043549
1645243162853 0 9.334946000000002 0 214538 0.492 0.00006976744186043549
1645243167051 0 9.136923999999993 0 178191 0.40380000000000005 0.00006976744186043549
1645243170876 0 9.313972000000007 0 161454 0.3657 0.00006976744186043549
1645243175854 0 8.334598 0 212225 0.47919999999999996 0.00006976744186043549
1645243180454 0 7.734121000000016 0 195858 0.4479 0.00006976744186043549
1645243183296 0 8.894621999999998 0 119665 0.2719 0.00006976744186043549
1645243185895 0 10.295777999999984 0 108667 0.24780000000000002 0.00006976744186043549
1645243188452 0 11.821298000000013 0 64782 0.14379999999999998 0.00006976744186043549
1645243192573 0 11.81135999999998 0 87523 0.2 0.00006976744186043549
1645243196269 0 11.921425999999997 0 155607 0.3566 0.00006976744186043549
1645243200695 0 11.539665000000014 0 100404 0.22799999999999998 0.00006976744186043549
1645243205015 0 11.173113 0 183614 0.41980000000000006 0.00006976744186043549
1645243209654 0 10.534061000000008 0 197686 0.4518 0.00006976744186043549
1645243214775 0 9.415073000000007 0 217520 0.49989999999999996 0.00006976744186043549
1645243218053 0 10.135948999999982 0 132353 0.2999 0.00006976744186043549
1645243222771 0 9.416588999999988 0 199853 0.4558 0.00006976744186043549
1645243228096 0 8.095530999999994 0 225614 0.516 0.00006976744186043549
1645243231815 0 8.372973000000002 0 150477 0.34409999999999996 0.00006976744186043549
1645243234655 0 9.535323000000005 0 117995 0.268 0.00006976744186043549
1645243236730 0 11.457512000000008 0 86503 0.1916 0.00006976744186043549
1645243240374 0 11.946326999999997 0 67335 0.15189999999999998 0.00006976744186043549
1645243244533 0 11.687080999999978 0 132169 0.3035 0.00006976744186043549
1645243248372 0 11.84462400000001 0 118800 0.2719 0.00006976744186043549

