1645248258224 1 3.999999 2005 346799 0.1895 -8.6215
1645248260314 1 5.920659 0 363755 0.1993 0.00017441860465117198
1645248262401 1 7.833712000000001 0 362842 0.1988 0.00017441860465117198
1645248264600 1 9.635094 0 384791 0.21000000000000002 0.00017441860465117198
1645248266561 1 11.673653999999999 0 339137 0.1854 0.00017441860465117198
1645248270304 1 11.974222 0 393219 0.21400000000000002 0.00017441860465117198
1645248274620 1 11.713128999999999 0 406206 0.22139999999999999 0.00017441860465117198
1645248278383 1 11.9545 0 303135 0.16570000000000001 0.00017441860465117198
1645248282753 1 11.696530000000003 0 414092 0.2266 0.00017441860465117198
1645248286710 1 11.685060000000004 0 337705 0.1842 0.00017441860465117198
1645248290317 1 11.927594 0 366374 0.2004 0.00017441860465117198
1645248294337 1 11.921761000000004 0 352030 0.1918 0.00017441860465117198
1645248298465 1 11.913177000000005 0 371605 0.20259999999999997 0.00017441860465117198
1645248302682 1 11.654213000000006 0 385670 0.2109 0.00017441860465117198
1645248306833 1 11.644949000000004 0 374050 0.2043 0.00017441860465117198
1645248310442 1 11.888275 0 367058 0.2011 0.00017441860465117198
1645248314610 1 11.629662000000003 0 377983 0.20670000000000002 0.00017441860465117198
1645248318499 1 11.871221000000006 0 326924 0.1778 0.00017441860465117198
1645248322717 1 11.610906 0 388939 0.2117 0.00017441860465117198
1645248326467 1 11.855449000000007 0 392939 0.215 0.00017441860465117198
1645248330542 1 11.849435999999997 0 362131 0.1976 0.00017441860465117198
1645248334858 1 11.59099400000001 0 402712 0.221 0.00017441860465117198
1645248338771 1 11.58324900000001 0 327400 0.1799 0.00017441860465117198
1645248342570 1 11.824750000000009 0 401133 0.22000000000000003 0.00017441860465117198
1645248346907 1 11.567903999999999 0 317452 0.1731 0.00017441860465117198
1645248350641 1 11.806387 0 391753 0.21309999999999998 0.00017441860465117198
1645248354852 1 11.549864999999997 0 384934 0.21070000000000003 0.00017441860465117198
1645248358462 1 11.791207999999997 0 367179 0.20099999999999998 0.00017441860465117198
1645248362683 1 11.77956900000001 0 387965 0.2117 0.00017441860465117198
1645248366601 1 11.772121999999996 0 333821 0.1819 0.00017441860465117198
1645248370862 1 11.514519000000007 0 394452 0.21600000000000003 0.00017441860465117198
1645248374704 1 11.756883000000002 0 409513 0.2233 0.00017441860465117198
1645248378493 1 11.749023000000008 0 307174 0.1681 0.00017441860465117198
1645248382383 1 11.989502000000002 0 420407 0.229 0.00017441860465117198
1645248386343 1 11.982002999999992 0 340231 0.1861 0.00017441860465117198
1645248390488 1 11.97328300000001 0 374730 0.2049 0.00017441860465117198
1645248394514 1 11.965068000000002 0 353022 0.19290000000000002 0.00017441860465117198
1645248398757 1 11.707415999999995 0 393253 0.2142 0.00017441860465117198
1645248402364 1 11.951499000000013 0 368813 0.20059999999999997 0.00017441860465117198
1645248406497 1 11.75909200000001 0 372578 0.20350000000000001 0.00017441860465117198
1645248410637 1 11.679955000000007 0 374507 0.2043 0.00017441860465117198
1645248414774 1 11.67325199999999 0 372824 0.2036 0.00017441860465117198
1645248418661 1 11.659317000000016 0 326437 0.1787 0.00017441860465117198
1645248422347 1 11.90279000000001 0 383127 0.2083 0.00017441860465117198
1645248426633 1 11.641871000000009 0 400632 0.2184 0.00017441860465117198
1645248430606 1 11.636201999999997 0 342596 0.18680000000000002 0.00017441860465117198
1645248434427 1 11.879083000000008 0 407655 0.22200000000000003 0.00017441860465117198
1645248438372 1 11.871678000000003 0 337450 0.18460000000000001 0.00017441860465117198
1645248442683 1 11.61296200000001 0 404220 0.22080000000000002 0.00017441860465117198
1645248446599 1 11.85618500000001 0 331794 0.1813 0.00017441860465117198
1645248450840 1 11.595789999999994 0 390086 0.21349999999999997 0.00017441860465117198
1645248454558 1 11.837081000000012 0 387516 0.2116 0.00017441860465117198
1645248458670 1 11.565560000000005 0 365827 0.2008 0.00017441860465117198
1645248462919 1 11.540198000000004 0 392579 0.2149 0.00017441860465117198
1645248466869 1 11.528568000000007 0 337939 0.1845 0.00017441860465117198
1645248470692 1 11.76941500000001 0 406896 0.2226 0.00017441860465117198
1645248474925 1 11.498692000000005 0 390582 0.21339999999999998 0.00017441860465117198
1645248478334 1 11.99484000000001 0 328479 0.1804 0.00017441860465117198
1645248482617 1 11.738886000000008 0 399016 0.2171 0.00017441860465117198
1645248486743 1 11.727192000000002 0 370990 0.20299999999999999 0.00017441860465117198
1645248490373 1 11.972363000000001 0 371149 0.2028 0.00017441860465117198
1645248494518 1 11.96456599999999 0 372261 0.2041 0.00017441860465117198
1645248498773 1 11.709314000000006 0 394237 0.21589999999999998 0.00017441860465117198
1645248502387 1 11.950328000000013 0 368311 0.2011 0.00017441860465117198
1645248506569 1 11.69040799999999 0 381418 0.20859999999999998 0.00017441860465117198
1645248510679 1 11.681699000000009 0 368451 0.2008 0.00017441860465117198
1645248514324 1 11.926600000000008 0 371908 0.20350000000000001 0.00017441860465117198
1645248518716 1 11.669486000000006 0 328352 0.1785 0.00017441860465117198
1645248522382 1 11.91238199999998 0 379027 0.20659999999999998 0.00017441860465117198
1645248526709 1 11.658289000000025 0 407465 0.2225 0.00017441860465117198
1645248530634 1 11.649764000000005 0 333046 0.18209999999999998 0.00017441860465117198
1645248534512 1 11.892803000000015 0 416856 0.22799999999999998 0.00017441860465117198
1645248538449 1 11.882310000000018 0 335171 0.1827 0.00017441860465117198
1645248542738 1 11.626868000000002 0 401613 0.21880000000000002 0.00017441860465117198
1645248546680 1 11.619830999999976 0 337330 0.1843 0.00017441860465117198
1645248550420 1 11.863546999999983 0 391244 0.2143 0.00017441860465117198
1645248554652 1 11.608111000000008 0 387864 0.2125 0.00017441860465117198
1645248558741 1 11.596445000000017 0 363813 0.1991 0.00017441860465117198
1645248562483 1 11.83562999999998 0 391839 0.2133 0.00017441860465117198
1645248566421 1 11.82743099999999 0 336898 0.1837 0.00017441860465117198
1645248570607 1 11.814340000000016 0 381135 0.2085 0.00017441860465117198
1645248574828 1 11.55806100000001 0 386654 0.2118 0.00017441860465117198
1645248578832 1 11.54868700000003 0 347396 0.19039999999999999 0.00017441860465117198
1645248582582 1 11.793454999999994 0 392538 0.21480000000000002 0.00017441860465117198

