1645256268542 1 3.999999 1151 346799 0.10389999999999999 -4.9493
1645256271010 3 5.546002 0 755039 0.2257 0.000174418604651283
1645256273617 3 6.939901000000001 0 835161 0.2505 0.00043023255813956496
1645256276443 3 8.112554000000001 0 908792 0.2723 0.00043023255813956496
1645256278954 3 9.602243 0 804438 0.24100000000000002 0.00043023255813956496
1645256281544 3 11.012255 0 828659 0.24900000000000003 0.00043023255813956496
1645256284963 3 11.639436 0 937332 0.2815 0.00043023255813956496
1645256288899 3 11.880954 0 776416 0.2332 0.00043023255813956496
1645256293085 3 11.626337000000003 0 1025687 0.308 0.00043023255813956496
1645256297130 3 11.617036000000002 0 815426 0.2448 0.00043023255813956496
1645256300878 3 11.859952 0 884625 0.265 0.00043023255813956496
1645256305196 3 11.593126000000005 0 904952 0.2714 0.00043023255813956496
1645256309163 3 11.582866000000003 0 954418 0.28650000000000003 0.00043023255813956496
1645256312995 3 11.578998000000006 0 910446 0.2734 0.00043023255813956496
1645256316863 3 11.822424000000005 0 922454 0.27690000000000003 0.00043023255813956496
1645256320809 3 11.813875000000003 0 942842 0.2831 0.00043023255813956496
1645256326794 3 9.762879000000005 0 884128 0.5882 0.00043023255813956496
1645256329518 3 11.038916 0 828263 0.2531 0.00043023255813956496
1645256333056 3 11.538989999999998 0 981175 0.29369999999999996 0.00043023255813956496
1645256336967 3 11.778958000000003 0 939007 0.2808 0.00043023255813956496
1645256341101 3 11.515149000000008 0 841370 0.2528 0.00043023255813956496
1645256345041 3 11.760098 0 947658 0.284 0.00043023255813956496
1645256348626 3 11.99875800000001 0 828958 0.24910000000000002 0.00043023255813956496
1645256352655 3 11.989669000000006 0 977791 0.2933 0.00043023255813956496
1645256356799 3 11.981380999999999 0 847215 0.2542 0.00043023255813956496
1645256360840 3 11.718913999999998 0 978032 0.29369999999999996 0.00043023255813956496
1645256367024 3 9.532628000000003 0 934237 0.6071 0.00043023255813956496
1645256369920 3 10.637010000000004 0 889600 0.2712 0.00043023255813956496
1645256372989 3 11.569338000000002 0 988774 0.29660000000000003 0.00043023255813956496
1645256377011 3 11.687854000000002 0 808061 0.2419 0.00043023255813956496
1645256381094 3 11.681562 0 995677 0.2979 0.00043023255813956496
1645256384969 3 11.677081999999999 0 924757 0.2773 0.00043023255813956496
1645256388991 3 11.665569000000005 0 808228 0.2425 0.00043023255813956496
1645256393144 3 11.654330999999999 0 1014212 0.30419999999999997 0.00043023255813956496
1645256396782 3 11.899018000000012 0 845218 0.25329999999999997 0.00043023255813956496
1645256401123 3 11.642687999999993 0 910767 0.2741 0.00043023255813956496
1645256404921 3 11.633479999999992 0 901777 0.2701 0.00043023255813956496
1645256408924 3 11.87737100000001 0 967347 0.2898 0.00043023255813956496
1645256412841 3 11.865301000000017 0 935273 0.28090000000000004 0.00043023255813956496
1645256416707 3 11.859656999999999 0 916928 0.2751 0.00043023255813956496
1645256421125 3 11.601674000000003 0 940743 0.282 0.00043023255813956496
1645256424856 3 11.843632000000014 0 877888 0.263 0.00043023255813956496
1645256428974 3 11.581407000000013 0 839766 0.252 0.00043023255813956496
1645256433008 3 11.566924 0 976062 0.2934 0.00043023255813956496
1645256436985 3 11.811821000000009 0 958353 0.288 0.00043023255813956496
1645256441095 3 11.551705999999996 0 836268 0.25129999999999997 0.00043023255813956496
1645256446687 3 9.869328999999993 0 968967 0.5488000000000001 0.00043023255813956496
1645256449398 3 11.158612000000005 0 825839 0.2524 0.00043023255813956496
1645256452923 3 11.778840000000002 0 974212 0.2919 0.00043023255813956496
1645256457124 3 11.513574000000006 0 867483 0.2601 0.00043023255813956496
1645256461188 3 11.505693000000008 0 987232 0.2963 0.00043023255813956496
1645256465053 3 11.746618000000012 0 921956 0.2764 0.00043023255813956496
1645256468892 3 11.73596599999999 0 913803 0.2741 0.00043023255813956496
1645256472866 3 11.727353999999991 0 958215 0.28690000000000004 0.00043023255813956496
1645256476964 3 11.715272999999996 0 832934 0.24900000000000003 0.00043023255813956496
1645256481082 3 11.706015000000008 0 1005593 0.30169999999999997 0.00043023255813956496
1645256487029 3 9.531004999999993 0 935985 0.5848 0.00043023255813956496
1645256489669 3 10.886966000000001 0 802415 0.24489999999999998 0.00043023255813956496
1645256492766 3 11.791325999999998 0 999009 0.2999 0.00043023255813956496
1645256496973 3 11.668913000000003 0 869418 0.2602 0.00043023255813956496
1645256500771 3 11.912749999999988 0 897686 0.2694 0.00043023255813956496
1645256504782 3 11.904505 0 960141 0.2883 0.00043023255813956496
1645256509127 3 11.646881000000008 0 914618 0.27480000000000004 0.00043023255813956496
1645256513068 3 11.637293999999997 0 949031 0.2844 0.00043023255813956496
1645256516925 3 11.630978999999996 0 919929 0.2763 0.00043023255813956496
1645256520821 3 11.873234999999994 0 930570 0.2792 0.00043023255813956496
1645256525108 3 11.616601000000003 0 894188 0.2685 0.00043023255813956496
1645256528717 3 11.854759000000001 0 835562 0.251 0.00043023255813956496
1645256532772 3 11.847235000000012 0 986170 0.296 0.00043023255813956496
1645256536737 3 11.839048999999989 0 955812 0.2871 0.00043023255813956496
1645256540849 3 11.830752000000018 0 837688 0.2509 0.00043023255813956496
1645256544869 3 11.826205000000016 0 972932 0.2918 0.00043023255813956496
1645256548888 3 11.820752000000027 0 807690 0.24220000000000003 0.00043023255813956496
1645256555106 3 9.450696999999991 0 968173 0.6119 0.00043023255813956496
1645256557989 3 10.568673999999987 0 872734 0.26890000000000003 0.00043023255813956496
1645256561062 3 11.493762000000004 0 991679 0.2973 0.00043023255813956496
1645256564951 3 11.784272999999985 0 930061 0.279 0.00043023255813956496
1645256569205 3 11.525297000000023 0 884740 0.26539999999999997 0.00043023255813956496
1645256573215 3 11.517590999999982 0 968599 0.29100000000000004 0.00043023255813956496
1645256576862 3 11.757380000000012 0 848189 0.2541 0.00043023255813956496
1645256580962 3 11.742227000000014 0 989262 0.2968 0.00043023255813956496
1645256584853 3 11.736015000000009 0 929927 0.27890000000000004 0.00043023255813956496
1645256589000 3 11.73067500000002 0 845977 0.25379999999999997 0.00043023255813956496
1645256592633 3 11.971578000000022 0 1009703 0.3032 0.00043023255813956496
1645256596819 3 11.960775000000012 0 861836 0.25830000000000003 0.00043023255813956496

