1645234708589 1 3.999999 2403 346799 0.22820000000000001 -10.3329
1645234710209 0 6.382134 0 213385 0.1402 0.00017441860465117198
1645234711242 0 9.34933 0 141806 0.09290000000000001 0.00006976744186043549
1645234713073 0 11.637943 0 112578 0.072 0.00006976744186043549
1645234717223 0 11.617073 0 80671 0.0523 0.00006976744186043549
1645234720777 0 11.856260999999998 0 68729 0.045 0.00006976744186043549
1645234724808 0 11.851733 0 137895 0.08990000000000001 0.00006976744186043549
1645234729170 0 11.592382 0 114138 0.075 0.00006976744186043549
1645234733109 0 11.586617000000004 0 126013 0.0831 0.00006976744186043549
1645234737145 0 11.577274000000003 0 217236 0.1429 0.00006976744186043549
1645234741235 0 11.569772 0 219398 0.14450000000000002 0.00006976744186043549
1645234744994 0 11.812403000000003 0 177648 0.1157 0.00006976744186043549
1645234749195 0 11.541857 0 166856 0.10980000000000001 0.00006976744186043549
1645234753268 0 11.537719000000003 0 223685 0.147 0.00006976744186043549
1645234757219 0 11.530493 0 206455 0.135 0.00006976744186043549
1645234761117 0 11.522429000000002 0 121534 0.08 0.00006976744186043549
1645234764906 0 11.759605 0 105092 0.0688 0.00006976744186043549
1645234768927 0 11.753836 0 63086 0.0398 0.00006976744186043549
1645234772644 0 11.995529000000005 0 87739 0.058499999999999996 0.00006976744186043549
1645234776753 0 11.985310999999996 0 152905 0.1 0.00006976744186043549
1645234781021 0 11.728408000000002 0 100587 0.066 0.00006976744186043549
1645234784838 0 11.968124000000003 0 186001 0.1216 0.00006976744186043549
1645234788756 0 11.963749000000007 0 201620 0.1319 0.00006976744186043549
1645234792799 0 11.957199000000003 0 218012 0.14350000000000002 0.00006976744186043549
1645234796717 0 11.952334000000008 0 123058 0.081 0.00006976744186043549
1645234801129 0 11.692572999999996 0 198856 0.1309 0.00006976744186043549
1645234804810 0 11.930577 0 223061 0.147 0.00006976744186043549
1645234808847 0 11.922466 0 143385 0.0937 0.00006976744186043549
1645234812706 0 11.914504000000008 0 117021 0.076 0.00006976744186043549
1645234816848 0 11.907644000000005 0 83595 0.0539 0.00006976744186043549
1645234820897 0 11.899946999999997 0 68011 0.045 0.00006976744186043549
1645234824870 0 11.891197000000005 0 134264 0.087 0.00006976744186043549
1645234828709 0 11.881343000000001 0 113722 0.0735 0.00006976744186043549
1645234833108 0 11.625089000000003 0 122694 0.0801 0.00006976744186043549
1645234837106 0 11.617626000000001 0 215146 0.1401 0.00006976744186043549
1645234841106 0 11.603364 0 213339 0.13999999999999999 0.00006976744186043549
1645234844868 0 11.846876000000009 0 176949 0.1162 0.00006976744186043549
1645234849005 0 11.589099000000004 0 158356 0.1038 0.00006976744186043549
1645234853057 0 11.585196999999994 0 219852 0.1451 0.00006976744186043549
1645234856945 0 11.830182000000008 0 196864 0.1289 0.00006976744186043549
1645234860806 0 11.82338200000001 0 116610 0.0759 0.00006976744186043549
1645234865106 0 11.566854000000006 0 107223 0.06999999999999999 0.00006976744186043549
1645234869137 0 11.559321000000011 0 64332 0.0418 0.00006976744186043549
1645234872842 0 11.802142000000003 0 88753 0.0586 0.00006976744186043549
1645234876956 0 11.798414000000008 0 153489 0.101 0.00006976744186043549
1645234881233 0 11.536562000000004 0 101805 0.0671 0.00006976744186043549
1645234885066 0 11.534143 0 186822 0.12310000000000001 0.00006976744186043549
1645234888979 0 11.779132000000004 0 200149 0.1308 0.00006976744186043549
1645234892987 0 11.771581999999995 0 215305 0.141 0.00006976744186043549
1645234896937 0 11.766250000000014 0 128759 0.0851 0.00006976744186043549
1645234900863 0 11.754819999999995 0 199367 0.131 0.00006976744186043549
1645234904904 0 11.751419999999996 0 220759 0.1439 0.00006976744186043549
1645234908991 0 11.74457000000001 0 149511 0.0985 0.00006976744186043549
1645234912877 0 11.738434000000012 0 118879 0.0779 0.00006976744186043549
1645234917034 0 11.726699999999994 0 85418 0.055900000000000005 0.00006976744186043549
1645234921087 0 11.721669999999989 0 68807 0.045 0.00006976744186043549
1645234925054 0 11.717371000000014 0 132565 0.0857 0.00006976744186043549
1645234928928 0 11.70679100000001 0 117262 0.0769 0.00006976744186043549
1645234932798 0 11.953079000000002 0 116418 0.0766 0.00006976744186043549
1645234936865 0 11.940860000000015 0 223024 0.147 0.00006976744186043549
1645234940877 0 11.936163999999991 0 214538 0.14079999999999998 0.00006976744186043549
1645234945145 0 11.678112999999996 0 178191 0.1165 0.00006976744186043549
1645234948806 0 11.924132000000014 0 161454 0.10540000000000001 0.00006976744186043549
1645234952795 0 11.918910000000011 0 212225 0.1389 0.00006976744186043549
1645234956705 0 11.894317999999998 0 195858 0.1292 0.00006976744186043549
1645234961085 0 11.636336999999997 0 119665 0.0779 0.00006976744186043549
1645234964896 0 11.87897700000002 0 108667 0.0711 0.00006976744186043549
1645234968921 0 11.875679999999988 0 64782 0.0409 0.00006976744186043549
1645234973112 0 11.62106399999999 0 87523 0.057499999999999996 0.00006976744186043549
1645234976734 0 11.861649 0 155607 0.10189999999999999 0.00006976744186043549
1645234980998 0 11.607385000000022 0 100404 0.0661 0.00006976744186043549
1645234984809 0 11.854051000000027 0 183614 0.12 0.00006976744186043549
1645234989209 0 11.593195999999978 0 197686 0.1299 0.00006976744186043549
1645234993235 0 11.582685000000026 0 217520 0.143 0.00006976744186043549
1645234997210 0 11.574764000000016 0 132353 0.0868 0.00006976744186043549
1645235001114 0 11.570678999999984 0 199853 0.13040000000000002 0.00006976744186043549
1645235005194 0 11.56156500000003 0 225614 0.148 0.00006976744186043549
1645235008788 0 11.805481999999984 0 150477 0.0985 0.00006976744186043549
1645235013160 0 11.549442999999997 0 117995 0.07730000000000001 0.00006976744186043549
1645235016816 0 11.793340999999998 0 86503 0.05600000000000001 0.00006976744186043549
1645235020859 0 11.790047000000015 0 67335 0.0439 0.00006976744186043549
1645235024815 0 11.784686000000022 0 132169 0.086 0.00006976744186043549
1645235029195 0 11.527879999999982 0 118800 0.0779 0.00006976744186043549
1645235033058 0 11.774813999999992 0 116618 0.076 0.00006976744186043549

