1645250588659 1 3.999999 2138 346799 0.20270000000000002 -9.1934
1645250593320 3 4.379053 1029 755039 0.4425 -4.424525581395349
1645250598323 3 4.3926240000000005 1015 835161 0.48979999999999996 -4.36406976744186
1645250603765 3 4.392894 1446 908792 0.5331 -6.217369767441861
1645250608706 3 4.325045999999999 872 804438 0.4725 -3.7491697674418605
1645250613689 3 4.440407999999998 1097 828659 0.4851 -4.71666976744186
1645250619304 3 4.2788109999999975 1456 937332 0.5487 -6.26036976744186
1645250624073 3 4.473727999999998 968 776416 0.4559 -4.16196976744186
1645250630208 3 4.428293000000004 2088 1025687 0.6014999999999999 -8.97796976744186
1645250635105 3 4.497744000000004 966 815426 0.47809999999999997 -4.153369767441861
1645250640403 3 4.451779000000002 1255 884625 0.5182 -5.39606976744186
1645250645921 3 4.445674000000004 1508 904952 0.5309999999999999 -6.4839697674418595
1645250651631 3 4.438608000000002 1702 954418 0.5586 -7.318169767441859
1645250657072 3 4.3731460000000055 1381 910446 0.5332 -5.93786976744186
1645250662694 3 4.4907129999999995 1743 922454 0.5418999999999999 -7.49446976744186
1645250668339 3 4.4704830000000015 1623 942842 0.5523 -6.97846976744186
1645250673652 3 4.330138000000005 1173 884128 0.5174000000000001 -5.04346976744186
1645250678713 3 4.492868000000001 1225 828263 0.48579999999999995 -5.2670697674418605
1645250684565 3 4.457975000000005 1817 981175 0.5746 -7.812669767441859
1645250690171 3 4.254410000000007 1403 939007 0.5498999999999999 -6.03246976744186
1645250695308 3 4.393884999999997 1275 841370 0.4937 -5.48206976744186
1645250700970 3 4.4122720000000015 1682 947658 0.5554 -7.23216976744186
1645250705933 3 4.332958000000005 886 828958 0.4852 -3.80936976744186
1645250711762 3 4.452949000000004 1945 977791 0.5729 -8.36306976744186
1645250716923 3 4.377440000000007 1090 847215 0.49749999999999994 -4.686569767441861
1645250722760 3 4.4597300000000075 1920 978032 0.5721 -8.25556976744186
1645250728350 3 4.365482999999998 1497 934237 0.5485 -6.43666976744186
1645250733780 3 4.348770999999999 1411 889600 0.5224 -6.06686976744186
1645250739691 3 4.499411000000009 2065 988774 0.5801999999999999 -8.87906976744186
1645250744545 3 4.299727000000004 653 808061 0.47450000000000003 -2.8074697674418605
1645250750498 3 4.430076 2085 995677 0.5837 -8.965069767441861
1645250756130 3 4.248533000000009 1449 924757 0.5428 -6.230269767441859
1645250760979 3 4.441926000000009 1043 808228 0.47359999999999997 -4.48446976744186
1645250767028 3 4.472171000000003 2080 1014212 0.5941 -8.943569767441861
1645250772181 3 4.288913000000008 972 845218 0.49589999999999995 -4.17916976744186
1645250777633 3 4.492323999999996 1659 910767 0.5347000000000001 -7.13326976744186
1645250783030 3 4.387270000000001 1290 901777 0.5277999999999999 -5.54656976744186
1645250788814 3 4.416136999999992 1814 967347 0.5667 -7.799769767441861
1645250794516 3 4.469286000000011 1753 935273 0.5498999999999999 -7.537469767441859
1645250800002 3 4.461326000000014 1479 916928 0.5385 -6.359269767441861
1645250805627 3 4.430675000000008 1594 940743 0.5509000000000001 -6.853769767441859
1645250810978 3 4.263852000000014 1185 877888 0.5154 -5.095069767441861
1645250816005 3 4.438829999999996 1200 839766 0.4913 -5.159569767441861
1645250821845 3 4.364840000000015 1770 976062 0.572 -7.610569767441859
1645250827677 3 4.372780000000006 1839 958353 0.5631999999999999 -7.907269767441861
1645250832680 3 4.449433999999997 1081 836268 0.4897 -4.64786976744186
1645250838479 3 4.260018000000002 1612 968967 0.5675 -6.93116976744186
1645250843530 3 4.364069000000001 1153 825839 0.48460000000000003 -4.95746976744186
1645250849373 3 4.252943000000016 1723 974212 0.5711 -7.40846976744186
1645250854566 3 4.469751000000002 1421 867483 0.5082 -6.109869767441861
1645250860560 3 4.374328999999989 1897 987232 0.5793 -8.15666976744186
1645250866079 3 4.2613660000000095 1407 921956 0.5401 -6.049669767441859
1645250871560 3 4.408349000000015 1626 913803 0.5362 -6.99136976744186
1645250877381 3 4.495584000000008 1910 958215 0.5623 -8.21256976744186
1645250882377 3 4.370346000000012 871 832934 0.4888 -3.7448697674418603
1645250888377 3 4.478263999999996 2111 1005593 0.5882 -9.07686976744186
1645250894077 3 4.3275230000000136 1549 935985 0.5498000000000001 -6.660269767441859
1645250898893 3 4.363584000000003 854 802415 0.4711 -3.67176976744186
1645250904858 3 4.456194000000011 2059 999009 0.5863 -8.853269767441859
1645250910162 3 4.252138000000002 1101 869418 0.5105000000000001 -4.733869767441861
1645250915542 3 4.341957000000008 1468 897686 0.5263 -6.311969767441859

