1645249319066 1 3.999999 1573 346799 0.1459 -6.7639
1645249320702 1 6.384409 0 363755 0.1533 0.00017441860465117198
1645249322330 1 8.757275 0 362842 0.1528 0.00017441860465117198
1645249324054 1 11.033427 0 384791 0.1623 0.00017441860465117198
1645249327591 1 11.563429999999999 0 339137 0.1436 0.00017441860465117198
1645249331348 1 11.808086999999999 0 393219 0.1654 0.00017441860465117198
1645249335667 1 11.548499 0 406206 0.172 0.00017441860465117198
1645249339551 1 11.539929999999998 0 303135 0.1275 0.00017441860465117198
1645249343405 1 11.776847000000004 0 414092 0.1755 0.00017441860465117198
1645249347432 1 11.766621000000004 0 337705 0.1426 0.00017441860465117198
1645249351587 1 11.509187000000004 0 366374 0.1553 0.00017441860465117198
1645249355674 1 11.498322000000002 0 352030 0.1486 0.00017441860465117198
1645249359338 1 11.994088000000005 0 371605 0.1565 0.00017441860465117198
1645249363559 1 11.735939000000002 0 385670 0.162 0.00017441860465117198
1645249367237 1 11.980715000000004 0 374050 0.1578 0.00017441860465117198
1645249371397 1 11.718314 0 367058 0.1554 0.00017441860465117198
1645249375602 1 11.702841 0 377983 0.1592 0.00017441860465117198
1645249379574 1 11.699336000000002 0 326924 0.1376 0.00017441860465117198
1645249383317 1 11.939802999999998 0 388939 0.16419999999999998 0.00017441860465117198
1645249387580 1 11.684236999999996 0 392939 0.1654 0.00017441860465117198
1645249391206 1 11.929404000000005 0 362131 0.15289999999999998 0.00017441860465117198
1645249395516 1 11.662973000000008 0 402712 0.1696 0.00017441860465117198
1645249399515 1 11.650207000000009 0 327400 0.13779999999999998 0.00017441860465117198
1645249403306 1 11.890059000000008 0 401133 0.1685 0.00017441860465117198
1645249407246 1 11.881708000000003 0 317452 0.1338 0.00017441860465117198
1645249411500 1 11.623331000000007 0 391753 0.1653 0.00017441860465117198
1645249415223 1 11.862892000000002 0 384934 0.1628 0.00017441860465117198
1645249419376 1 11.848028 0 367179 0.1548 0.00017441860465117198
1645249423627 1 11.588011000000009 0 387965 0.1641 0.00017441860465117198
1645249427641 1 11.584415000000007 0 333821 0.1402 0.00017441860465117198
1645249431402 1 11.823141000000007 0 394452 0.1662 0.00017441860465117198
1645249435722 1 11.566327999999999 0 409513 0.1723 0.00017441860465117198
1645249439617 1 11.555988999999997 0 307174 0.1299 0.00017441860465117198
1645249443486 1 11.793585000000007 0 420407 0.1769 0.00017441860465117198
1645249447530 1 11.786438000000004 0 340231 0.1437 0.00017441860465117198
1645249451711 1 11.530340999999993 0 374730 0.1575 0.00017441860465117198
1645249455798 1 11.518596000000002 0 353022 0.1488 0.00017441860465117198
1645249459555 1 11.762799000000001 0 393253 0.16599999999999998 0.00017441860465117198
1645249463221 1 11.998317000000014 0 368813 0.1561 0.00017441860465117198
1645249467398 1 11.737995000000012 0 372578 0.1571 0.00017441860465117198
1645249471578 1 11.727800000000002 0 374507 0.15789999999999998 0.00017441860465117198
1645249475256 1 11.96537699999999 0 372824 0.1573 0.00017441860465117198
1645249479238 1 11.959260999999998 0 326437 0.1379 0.00017441860465117198
1645249483453 1 11.69799900000001 0 383127 0.16160000000000002 0.00017441860465117198
1645249487248 1 11.940905000000015 0 400632 0.1693 0.00017441860465117198
1645249491300 1 11.935034000000002 0 342596 0.144 0.00017441860465117198
1645249495646 1 11.67443399999999 0 407655 0.1722 0.00017441860465117198
1645249499169 1 11.916810999999996 0 337450 0.1427 0.00017441860465117198
1645249503486 1 11.659292999999991 0 404220 0.1711 0.00017441860465117198
1645249507483 1 11.650385999999997 0 331794 0.13999999999999999 0.00017441860465117198
1645249511231 1 11.885173000000009 0 390086 0.1647 0.00017441860465117198
1645249515462 1 11.872822000000014 0 387516 0.1627 0.00017441860465117198
1645249519602 1 11.613029000000012 0 365827 0.1541 0.00017441860465117198
1645249523366 1 11.832515999999998 0 392579 0.1659 0.00017441860465117198
1645249527407 1 11.678954000000004 0 337939 0.1426 0.00017441860465117198
1645249531730 1 11.564760000000007 0 406896 0.1722 0.00017441860465117198
1645249535482 1 11.808107000000007 0 390582 0.1646 0.00017441860465117198
1645249539487 1 11.797911999999997 0 328479 0.1394 0.00017441860465117198
1645249543777 1 11.540659000000005 0 399016 0.1679 0.00017441860465117198
1645249547446 1 11.780087000000009 0 370990 0.1573 0.00017441860465117198
1645249551617 1 11.526162999999997 0 371149 0.1565 0.00017441860465117198
1645249555798 1 11.518097000000012 0 372261 0.15760000000000002 0.00017441860465117198
1645249559563 1 11.757324000000011 0 394237 0.1668 0.00017441860465117198
1645249563731 1 11.497681999999998 0 368311 0.1557 0.00017441860465117198
1645249567448 1 11.742921999999993 0 381418 0.1608 0.00017441860465117198
1645249571113 1 11.987594999999999 0 368451 0.1557 0.00017441860465117198
1645249575284 1 11.977802999999994 0 371908 0.1567 0.00017441860465117198
1645249579270 1 11.966206999999997 0 328352 0.13879999999999998 0.00017441860465117198
1645249583478 1 11.703116000000023 0 379027 0.15960000000000002 0.00017441860465117198
1645249587295 1 11.946264999999983 0 407465 0.1712 0.00017441860465117198
1645249591315 1 11.940292999999997 0 333046 0.13979999999999998 0.00017441860465117198
1645249595179 1 11.930574999999976 0 416856 0.176 0.00017441860465117198
1645249599195 1 11.925378000000023 0 335171 0.14150000000000001 0.00017441860465117198
1645249603493 1 11.664570000000026 0 401613 0.16970000000000002 0.00017441860465117198
1645249607519 1 11.660416999999995 0 337330 0.1424 0.00017441860465117198
1645249611280 1 11.90519599999999 0 391244 0.1653 0.00017441860465117198
1645249615517 1 11.647207999999978 0 387864 0.1639 0.00017441860465117198
1645249619659 1 11.642845000000023 0 363813 0.154 0.00017441860465117198
1645249623412 1 11.879807000000028 0 391839 0.1656 0.00017441860465117198
1645249627435 1 11.866543999999976 0 336898 0.142 0.00017441860465117198
1645249631647 1 11.609556999999995 0 381135 0.161 0.00017441860465117198
1645249635388 1 11.854478000000029 0 386654 0.1633 0.00017441860465117198
1645249639456 1 11.842735000000005 0 347396 0.1471 0.00017441860465117198
1645249643714 1 11.581997000000001 0 392538 0.1653 0.00017441860465117198
1645249647361 1 11.827501999999981 0 367209 0.15460000000000002 0.00017441860465117198

