1645236146187 1 3.999999 1950 346799 0.1837 -8.385
1645236149052 2 5.144671 0 500350 0.26480000000000004 0.000174418604651283
1645236152051 2 6.146549000000001 0 545518 0.28900000000000003 0.00027906976744174194
1645236155253 2 6.945469000000001 0 584100 0.30979999999999996 0.00027906976744174194
1645236158068 2 8.13093 0 512169 0.2711 0.00027906976744174194
1645236161245 2 8.952641 0 578121 0.3063 0.00027906976744174194
1645236164727 2 9.472755 0 636691 0.3375 0.00027906976744174194
1645236167592 2 10.604665 0 519743 0.2765 0.00027906976744174194
1645236171169 2 11.029157000000001 0 653153 0.3469 0.00027906976744174194
1645236174604 2 11.843955000000001 0 531618 0.2824 0.00027906976744174194
1645236178827 2 11.584831000000001 0 588952 0.3115 0.00027906976744174194
1645236182543 2 11.819644000000004 0 575427 0.30510000000000004 0.00027906976744174194
1645236186742 2 11.560231000000002 0 582800 0.3099 0.00027906976744174194
1645236190639 2 11.800106 0 619183 0.3286 0.00027906976744174194
1645236194881 2 11.536328000000005 0 592095 0.31429999999999997 0.00027906976744174194
1645236198612 2 11.780779000000003 0 588643 0.3119 0.00027906976744174194
1645236202937 2 11.505127000000002 0 604781 0.32120000000000004 0.00027906976744174194
1645236206229 2 11.983985000000004 0 504428 0.2678 0.00027906976744174194
1645236210567 2 11.716616000000002 0 608117 0.3235 0.00027906976744174194
1645236214603 2 11.705348999999998 0 645520 0.3427 0.00027906976744174194
1645236218678 2 11.686551000000009 0 557793 0.296 0.00027906976744174194
1645236222665 2 11.675926000000004 0 635530 0.3377 0.00027906976744174194
1645236226533 2 11.910611000000003 0 520041 0.2758 0.00027906976744174194
1645236230629 2 11.641053 0 656205 0.3484 0.00027906976744174194
1645236234463 2 11.877458000000004 0 516287 0.27280000000000004 0.00027906976744174194
1645236238389 2 11.868383000000009 0 627180 0.3325 0.00027906976744174194
1645236242697 2 11.610872 0 603841 0.3202 0.00027906976744174194
1645236246393 2 11.846288999999999 0 582703 0.3088 0.00027906976744174194
1645236250817 2 11.5839 0 626605 0.3316 0.00027906976744174194
1645236254762 2 11.567309000000009 0 535113 0.2841 0.00027906976744174194
1645236258263 2 11.935248000000001 0 638212 0.33809999999999996 0.00027906976744174194
1645236262630 2 11.795656000000008 0 615017 0.3256 0.00027906976744174194
1645236266565 2 11.786631 0 533736 0.2833 0.00027906976744174194
1645236270683 2 11.529159000000007 0 661250 0.3516 0.00027906976744174194
1645236274697 2 11.519012000000004 0 547682 0.29009999999999997 0.00027906976744174194
1645236278462 2 11.760457000000002 0 594286 0.3153 0.00027906976744174194
1645236282754 2 11.503120999999993 0 599508 0.3189 0.00027906976744174194
1645236286540 2 11.743068999999991 0 599347 0.3185 0.00027906976744174194
1645236290382 2 11.979410000000001 0 609977 0.32389999999999997 0.00027906976744174194
1645236294696 2 11.716273999999999 0 604926 0.3198 0.00027906976744174194
1645236298462 2 11.954184999999995 0 594986 0.316 0.00027906976744174194
1645236302681 2 11.695945999999992 0 588726 0.31179999999999997 0.00027906976744174194
1645236306562 2 11.671025000000014 0 523106 0.27759999999999996 0.00027906976744174194
1645236310462 2 11.905929000000015 0 618775 0.3282 0.00027906976744174194
1645236314475 2 11.90187499999999 0 642262 0.3408 0.00027906976744174194
1645236318510 2 11.893221000000011 0 553119 0.2933 0.00027906976744174194
1645236322528 2 11.888373999999999 0 640678 0.3396 0.00027906976744174194
1645236326472 2 11.881948999999992 0 535087 0.2841 0.00027906976744174194
1645236330509 2 11.851439999999997 0 645101 0.3426 0.00027906976744174194
1645236334507 2 11.860064999999992 0 542740 0.2889 0.00027906976744174194
1645236338478 2 11.849141000000003 0 635250 0.3365 0.00027906976744174194
1645236342801 2 11.590255000000013 0 607370 0.3221 0.00027906976744174194
1645236346590 2 11.83670699999999 0 601045 0.3191 0.00027906976744174194
1645236350413 2 11.830353000000002 0 605033 0.3217 0.00027906976744174194
1645236354828 2 11.566583000000008 0 530643 0.27959999999999996 0.00027906976744174194
1645236358392 2 11.804822000000001 0 652691 0.3462 0.00027906976744174194
1645236362728 2 11.53952799999999 0 609815 0.3237 0.00027906976744174194
1645236366723 2 11.527657000000005 0 544612 0.29 0.00027906976744174194
1645236370694 2 11.522026000000011 0 632508 0.3358 0.00027906976744174194
1645236374903 2 11.516582999999997 0 583029 0.30870000000000003 0.00027906976744174194
1645236378223 2 11.97383099999999 0 609324 0.3222 0.00027906976744174194
1645236382473 2 11.754503 0 593619 0.3149 0.00027906976744174194
1645236386325 2 11.997728999999993 0 613859 0.3254 0.00027906976744174194
1645236390659 2 11.74063000000001 0 608720 0.3229 0.00027906976744174194
1645236394488 2 11.737254000000007 0 606705 0.3224 0.00027906976744174194
1645236398227 2 11.983739000000014 0 593343 0.3134 0.00027906976744174194
1645236402439 2 11.973748999999998 0 587405 0.31110000000000004 0.00027906976744174194
1645236406241 2 11.968083999999976 0 509910 0.2701 0.00027906976744174194
1645236410654 2 11.71059600000001 0 624112 0.331 0.00027906976744174194
1645236414618 2 11.705779000000007 0 631553 0.33490000000000003 0.00027906976744174194
1645236418682 2 11.701101999999992 0 558385 0.2956 0.00027906976744174194
1645236422691 2 11.693103000000008 0 642127 0.3411 0.00027906976744174194
1645236426607 2 11.68623500000001 0 530123 0.28159999999999996 0.00027906976744174194
1645236430634 2 11.676236000000017 0 646460 0.3432 0.00027906976744174194
1645236434619 2 11.67247500000002 0 544018 0.2879 0.00027906976744174194
1645236438620 2 11.667568000000017 0 639772 0.3398 0.00027906976744174194
1645236442493 2 11.908018000000027 0 616543 0.3269 0.00027906976744174194
1645236446700 2 11.65058399999998 0 585544 0.3103 0.00027906976744174194
1645236450519 2 11.892037000000016 0 607252 0.3215 0.00027906976744174194
1645236454456 2 11.886429000000021 0 534940 0.2838 0.00027906976744174194
1645236458434 2 11.878831999999989 0 638300 0.3383 0.00027906976744174194
1645236462349 2 11.874349999999993 0 626429 0.3318 0.00027906976744174194
1645236466822 2 11.614079000000004 0 538866 0.2866 0.00027906976744174194
1645236470307 2 11.889496000000008 0 636237 0.3377 0.00027906976744174194

