1645248832705 1 3.999999 3875 346799 0.3754 -16.6625
1645248841212 3 4.374948 4872 755039 0.8215 -20.949425581395346
1645248850503 3 4.480728000000001 5396 835161 0.907 -23.20236976744186
1645248860520 3 4.3602810000000005 5895 908792 0.9875 -25.34806976744186
1645248869460 3 4.483249999999998 5073 804438 0.8728 -21.813469767441855
1645248878596 3 4.280608999999998 4924 828659 0.9003 -21.17276976744186
1645248889026 3 4.436207 6594 937332 1.02 -28.353769767441857
1645248897759 3 4.24269 4535 776416 0.8438000000000001 -19.500069767441857
1645248909067 3 4.272933000000002 7340 1025687 1.1156000000000001 -31.56156976744186
1645248918137 3 4.3428810000000055 5142 815426 0.8867 -22.110169767441857
1645248927900 3 4.460148000000004 5877 884625 0.9629 -25.270669767441856
1645248937973 3 4.314540000000001 5933 904952 0.9841 -25.511469767441856
1645248948473 3 4.483886000000005 6670 954418 1.0366 -28.68056976744186
1645248958571 3 4.384101000000001 5999 910446 0.9890000000000001 -25.79526976744186
1645248968822 3 4.3648060000000015 6233 922454 1.0043 -26.801469767441855
1645248979205 3 4.327289 6347 942842 1.0267 -27.291669767441856
1645248989029 3 4.398164000000001 5895 884128 0.9617000000000001 -25.34806976744186
1645248998154 3 4.274029999999996 5000 828263 0.9000999999999999 -21.49956976744186
1645249009049 3 4.251775000000009 6874 981175 1.0678 -29.557769767441854
1645249019475 3 4.357369000000006 6531 939007 1.0215 -28.082869767441856
1645249028733 3 4.354453000000007 5257 841370 0.9138999999999999 -22.60466976744186
1645249039253 3 4.333292 6500 947658 1.0298 -27.949569767441858
1645249048463 3 4.3041490000000096 5185 828958 0.9004 -22.29506976744186
1645249059208 3 4.472238000000004 6911 977791 1.0622 -29.716869767441857
1645249068630 3 4.361390999999998 5309 847215 0.9208000000000001 -22.82826976744186
1645249079381 3 4.394019999999998 6790 978032 1.0626 -29.196569767441858
1645249089760 3 4.404676000000009 6390 934237 1.0165 -27.47656976744186
1645249099558 3 4.271366 5665 889600 0.9671 -24.35906976744186
1645249110531 3 4.410468000000009 7111 988774 1.076 -30.57686976744186
1645249119444 3 4.495835 5001 808061 0.8778 -21.50386976744186
1645249130482 3 4.475249000000005 7017 995677 1.0831 -30.172669767441857
1645249140662 3 4.465181999999999 6170 924757 1.0047000000000001 -26.530569767441857
1645249149665 3 4.356764999999996 4896 808228 0.8782 -21.052369767441856

