1645230483934 1 3.999999 2068 346799 0.1964 -8.8924
1645230486962 2 4.980573 0 500350 0.2827 0.000174418604651283
1645230490153 2 5.791279000000001 0 545518 0.3083 0.00027906976744174194
1645230493561 2 6.3823940000000015 0 584100 0.3306 0.00027906976744174194
1645230496555 2 7.3864519999999985 0 512169 0.2894 0.00027906976744174194
1645230499923 2 8.018844 0 578121 0.327 0.00027906976744174194
1645230503632 2 8.312276999999998 0 636691 0.3605 0.00027906976744174194
1645230506688 2 9.253774999999997 0 519743 0.2945 0.00027906976744174194
1645230510492 2 9.449708000000001 0 653153 0.3698 0.00027906976744174194
1645230513646 2 10.297785000000001 0 531618 0.3029 0.00027906976744174194
1645230517091 2 10.852194000000004 0 588952 0.333 0.00027906976744174194
1645230520471 2 11.471293000000003 0 575427 0.3271 0.00027906976744174194
1645230524375 2 11.669914000000006 0 582800 0.3297 0.00027906976744174194
1645230527984 2 11.961353000000003 0 619183 0.35019999999999996 0.00027906976744174194
1645230532456 2 11.647600000000004 0 592095 0.3356 0.00027906976744174194
1645230536384 2 11.632446000000002 0 588643 0.33199999999999996 0.00027906976744174194
1645230540413 2 11.616405 0 604781 0.3426 0.00027906976744174194
1645230544374 2 11.585767000000004 0 504428 0.28490000000000004 0.00027906976744174194
1645230548426 2 11.560471000000007 0 608117 0.3448 0.00027906976744174194
1645230552192 2 11.754942 0 645520 0.3651 0.00027906976744174194
1645230556460 2 11.521421000000004 0 557793 0.3162 0.00027906976744174194
1645230560169 2 11.775553000000002 0 635530 0.3606 0.00027906976744174194
1645230564218 2 11.752274999999997 0 520041 0.2943 0.00027906976744174194
1645230568024 2 11.917591000000002 0 656205 0.37029999999999996 0.00027906976744174194
1645230572057 2 11.980922000000007 0 516287 0.2923 0.00027906976744174194
1645230576214 2 11.967784000000009 0 627180 0.3554 0.00027906976744174194
1645230580242 2 11.699947000000009 0 603841 0.341 0.00027906976744174194
1645230584135 2 11.938051000000002 0 582703 0.3296 0.00027906976744174194
1645230588289 2 11.678624999999997 0 626605 0.3543 0.00027906976744174194
1645230592411 2 11.669386000000003 0 535113 0.30169999999999997 0.00027906976744174194
1645230596122 2 11.821553000000009 0 638212 0.3604 0.00027906976744174194
1645230600205 2 11.903491000000002 0 615017 0.3476 0.00027906976744174194
1645230604317 2 11.640510000000006 0 533736 0.3015 0.00027906976744174194
1645230608165 2 11.777905000000004 0 661250 0.3739 0.00027906976744174194
1645230612366 2 11.629964999999999 0 547682 0.31 0.00027906976744174194
1645230616324 2 11.616731000000016 0 594286 0.3351 0.00027906976744174194
1645230620338 2 11.852046999999999 0 599508 0.3398 0.00027906976744174194
1645230624329 2 11.845310000000012 0 599347 0.3386 0.00027906976744174194
1645230628385 2 11.584514000000013 0 609977 0.3449 0.00027906976744174194
1645230632407 2 11.578119000000015 0 604926 0.34209999999999996 0.00027906976744174194
1645230636380 2 11.572903999999994 0 594986 0.33740000000000003 0.00027906976744174194
1645230640302 2 11.81786600000001 0 588726 0.3321 0.00027906976744174194
1645230644368 2 11.808233000000001 0 523106 0.2961 0.00027906976744174194
1645230647973 2 11.969434000000007 0 618775 0.35019999999999996 0.00027906976744174194
1645230652217 2 11.790671000000003 0 642262 0.3632 0.00027906976744174194
1645230656454 2 11.534504999999996 0 553119 0.3131 0.00027906976744174194
1645230660171 2 11.770240000000001 0 640678 0.3619 0.00027906976744174194
1645230664301 2 11.769114000000002 0 535087 0.3028 0.00027906976744174194
1645230668054 2 11.888073999999989 0 645101 0.3649 0.00027906976744174194
1645230672235 2 11.755836000000016 0 542740 0.3075 0.00027906976744174194
1645230676423 2 11.747186999999997 0 635250 0.3584 0.00027906976744174194
1645230679962 2 11.979993000000007 0 607370 0.34340000000000004 0.00027906976744174194
1645230683964 2 11.983962999999989 0 601045 0.3397 0.00027906976744174194
1645230687999 2 11.974649999999997 0 605033 0.3432 0.00027906976744174194
1645230692093 2 11.96997300000001 0 530643 0.2998 0.00027906976744174194
1645230696386 2 11.707971000000015 0 652691 0.3694 0.00027906976744174194
1645230700434 2 11.703226999999998 0 609815 0.34500000000000003 0.00027906976744174194
1645230704117 2 11.940865000000002 0 544612 0.3079 0.00027906976744174194
1645230708295 2 11.684989999999999 0 632508 0.3579 0.00027906976744174194
1645230712196 2 11.926795999999996 0 583029 0.3297 0.00027906976744174194
1645230716234 2 11.913938000000002 0 609324 0.3442 0.00027906976744174194
1645230720198 2 11.903283000000016 0 593619 0.3365 0.00027906976744174194
1645230724271 2 11.872668000000004 0 613859 0.3473 0.00027906976744174194
1645230728312 2 11.628642000000013 0 608720 0.3442 0.00027906976744174194
1645230732349 2 11.622829999999993 0 606705 0.3432 0.00027906976744174194
1645230736312 2 11.864305000000002 0 593343 0.3358 0.00027906976744174194
1645230740238 2 11.85484200000002 0 587405 0.33199999999999996 0.00027906976744174194
1645230744221 2 11.844358999999997 0 509910 0.2888 0.00027906976744174194
1645230748351 2 11.836238999999978 0 624112 0.3527 0.00027906976744174194
1645230752029 2 11.912844000000007 0 631553 0.358 0.00027906976744174194
1645230756291 2 11.814045000000021 0 558385 0.31579999999999997 0.00027906976744174194
1645230760033 2 11.910270000000025 0 642127 0.3634 0.00027906976744174194
1645230764642 2 11.544601999999998 0 530123 0.3005 0.00027906976744174194
1645230768396 2 11.54560600000002 0 646460 0.3655 0.00027906976744174194
1645230772571 2 11.530087999999978 0 544018 0.3076 0.00027906976744174194
1645230776309 2 11.634391999999991 0 639772 0.363 0.00027906976744174194
1645230780392 2 11.765557000000001 0 616543 0.3482 0.00027906976744174194
1645230784305 2 11.747935999999982 0 585544 0.3315 0.00027906976744174194
1645230788350 2 11.74172500000003 0 607252 0.3431 0.00027906976744174194
1645230791977 2 11.981470000000002 0 534940 0.3024 0.00027906976744174194
1645230796184 2 11.974294999999984 0 638300 0.36019999999999996 0.00027906976744174194
1645230800361 2 11.716345999999987 0 626429 0.3558 0.00027906976744174194
1645230804011 2 11.957251999999983 0 538866 0.30510000000000004 0.00027906976744174194
1645230808210 2 11.949844999999982 0 636237 0.3593 0.00027906976744174194

