1645247321805 1 3.999999 5278 346799 0.516 -22.6954
1645247325785 0 4.255513 223 213385 0.3168 -0.9587255813953488
1645247328012 0 6.0270660000000005 0 141806 0.20870000000000002 0.00006976744186043549
1645247329789 0 8.248178000000001 0 112578 0.1634 0.00006976744186043549
1645247331110 0 10.931119999999998 0 80671 0.12010000000000001 0.00006976744186043549
1645247334260 0 11.959071 0 68729 0.10329999999999999 0.00006976744186043549
1645247338441 0 11.699659999999998 0 137895 0.2036 0.00006976744186043549
1645247342279 0 11.941241999999999 0 114138 0.1704 0.00006976744186043549
1645247346290 0 11.931986000000002 0 126013 0.1867 0.00006976744186043549
1645247350163 0 11.924000000000003 0 217236 0.3237 0.00006976744186043549
1645247354549 0 11.668968 0 219398 0.32639999999999997 0.00006976744186043549
1645247358321 0 11.911305000000006 0 177648 0.26389999999999997 0.00006976744186043549
1645247362441 0 11.650731 0 166856 0.2495 0.00006976744186043549
1645247366412 0 11.642770000000006 0 223685 0.33340000000000003 0.00006976744186043549
1645247370606 0 11.634590000000003 0 206455 0.3047 0.00006976744186043549
1645247374556 0 11.625943 0 121534 0.1822 0.00006976744186043549
1645247378227 0 11.871595 0 105092 0.156 0.00006976744186043549
1645247382277 0 11.863132 0 63086 0.0936 0.00006976744186043549
1645247386198 0 11.846153000000001 0 87739 0.1295 0.00006976744186043549
1645247390614 0 11.582386 0 152905 0.2278 0.00006976744186043549
1645247394236 0 11.821719000000002 0 100587 0.1488 0.00006976744186043549
1645247398635 0 11.558748000000008 0 186001 0.2759 0.00006976744186043549
1645247402264 0 11.796164000000005 0 201620 0.3 0.00006976744186043549
1645247406630 0 11.535301000000004 0 218012 0.324 0.00006976744186043549
1645247410580 0 11.520904999999999 0 123058 0.1815 0.00006976744186043549
1645247414693 0 11.514345000000006 0 198856 0.29510000000000003 0.00006976744186043549
1645247418156 0 11.881248999999997 0 223061 0.3336 0.00006976744186043549
1645247422411 0 11.746254000000008 0 143385 0.2133 0.00006976744186043549
1645247426278 0 11.988416 0 117021 0.1729 0.00006976744186043549
1645247430137 0 11.970016999999999 0 83595 0.1222 0.00006976744186043549
1645247434260 0 11.965862000000001 0 68011 0.1008 0.00006976744186043549
1645247438372 0 11.708650000000006 0 134264 0.1991 0.00006976744186043549
1645247442162 0 11.953244999999995 0 113722 0.1679 0.00006976744186043549
1645247446126 0 11.944440999999998 0 122694 0.1822 0.00006976744186043549
1645247450456 0 11.688321000000002 0 215146 0.319 0.00006976744186043549
1645247454275 0 11.925934000000012 0 213339 0.3167 0.00006976744186043549
1645247458536 0 11.67228399999999 0 176949 0.2641 0.00006976744186043549
1645247462519 0 11.661057999999997 0 158356 0.23500000000000001 0.00006976744186043549
1645247466442 0 11.648764999999997 0 219852 0.3289 0.00006976744186043549
1645247470496 0 11.639321999999993 0 196864 0.2929 0.00006976744186043549
1645247474347 0 11.881637000000012 0 116610 0.17270000000000002 0.00006976744186043549
1645247478567 0 11.627699000000007 0 107223 0.16060000000000002 0.00006976744186043549
1645247482647 0 11.620170000000002 0 64332 0.09340000000000001 0.00006976744186043549
1645247486584 0 11.602542 0 88753 0.1319 0.00006976744186043549
1645247490527 0 11.591241999999994 0 153489 0.23010000000000003 0.00006976744186043549
1645247494676 0 11.586433999999997 0 101805 0.151 0.00006976744186043549
1645247498575 0 11.573540000000008 0 186822 0.2784 0.00006976744186043549
1645247502678 0 11.56909300000001 0 200149 0.2976 0.00006976744186043549
1645247506163 0 11.874810999999994 0 215305 0.3189 0.00006976744186043549
1645247510229 0 11.905229999999989 0 128759 0.19190000000000002 0.00006976744186043549
1645247514319 0 11.896847000000008 0 199367 0.29510000000000003 0.00006976744186043549
1645247518232 0 11.890529000000015 0 220759 0.3288 0.00006976744186043549
1645247522589 0 11.634034000000014 0 149511 0.2231 0.00006976744186043549
1645247526474 0 11.625260999999995 0 118879 0.1774 0.00006976744186043549
1645247530364 0 11.866062 0 85418 0.1271 0.00006976744186043549
1645247534509 0 11.608595000000008 0 68807 0.1008 0.00006976744186043549
1645247538595 0 11.605834000000016 0 132565 0.1963 0.00006976744186043549
1645247542483 0 11.59719100000001 0 117262 0.17250000000000001 0.00006976744186043549
1645247546348 0 11.841557999999992 0 116418 0.1721 0.00006976744186043549
1645247550324 0 11.838178999999997 0 223024 0.33130000000000004 0.00006976744186043549
1645247554661 0 11.578320999999988 0 214538 0.319 0.00006976744186043549
1645247558456 0 11.820818000000003 0 178191 0.266 0.00006976744186043549
1645247562479 0 11.794280000000015 0 161454 0.2398 0.00006976744186043549
1645247566257 0 11.983374999999995 0 212225 0.3145 0.00006976744186043549
1645247570288 0 11.74758700000001 0 195858 0.2903 0.00006976744186043549
1645247574213 0 11.992329000000012 0 119665 0.1775 0.00006976744186043549
1645247578457 0 11.733367999999984 0 108667 0.1607 0.00006976744186043549
1645247582533 0 11.724083000000007 0 64782 0.0958 0.00006976744186043549
1645247586454 0 11.71192400000001 0 87523 0.12969999999999998 0.00006976744186043549
1645247590390 0 11.700183999999979 0 155607 0.23020000000000002 0.00006976744186043549
1645247594515 0 11.690240000000017 0 100404 0.1487 0.00006976744186043549
1645247598366 0 11.683573000000024 0 183614 0.2713 0.00006976744186043549
1645247602424 0 11.679949000000022 0 197686 0.2929 0.00006976744186043549
1645247606288 0 11.922395999999992 0 217520 0.3241 0.00006976744186043549
1645247610382 0 11.659753000000023 0 132353 0.19690000000000002 0.00006976744186043549
1645247614492 0 11.651035999999976 0 199853 0.2975 0.00006976744186043549
1645247618482 0 11.644664999999975 0 225614 0.3359 0.00006976744186043549
1645247622361 0 11.886806999999976 0 150477 0.2231 0.00006976744186043549
1645247626245 0 11.878216000000009 0 117995 0.1754 0.00006976744186043549
1645247630655 0 11.621391000000017 0 86503 0.1273 0.00006976744186043549
1645247634256 0 11.85289499999999 0 67335 0.0983 0.00006976744186043549
1645247638363 0 11.846557000000018 0 132169 0.19690000000000002 0.00006976744186043549

