1645244612894 1 3.999999 837 346799 0.0726 -3.5991
1645244615847 4 5.083244 0 1312552 0.2742 0.000174418604651283
1645244618847 4 6.0825510000000005 0 1383123 0.2898 0.000662790697674609
1645244621998 4 6.933332 0 1451767 0.30310000000000004 0.000662790697674609
1645244624846 4 8.083720999999999 0 1308083 0.2745 0.000662790697674609
1645244627666 4 9.263898 0 1299338 0.2719 0.000662790697674609
1645244630822 4 10.115745999999998 0 1453833 0.3041 0.000662790697674609
1645244633779 4 11.150537999999997 0 1280990 0.2855 0.000662790697674609
1645244637277 4 11.659726000000003 0 1612910 0.3377 0.000662790697674609
1645244641416 4 11.543515000000003 0 1213987 0.2537 0.000662790697674609
1645244645406 4 11.533574000000002 0 1380918 0.2889 0.000662790697674609
1645244649299 4 11.780250000000002 0 1334467 0.279 0.000662790697674609
1645244653466 4 11.521452000000004 0 1463126 0.3066 0.000662790697674609
1645244657546 4 11.516996000000006 0 1421742 0.2978 0.000662790697674609
1645244661165 4 11.969558 0 1436771 0.3006 0.000662790697674609
1645244665253 4 11.749801000000005 0 1425347 0.2985 0.000662790697674609
1645244669226 4 11.738677000000003 0 1366001 0.2858 0.000662790697674609
1645244673015 4 11.980994000000003 0 1281785 0.2687 0.000662790697674609
1645244677286 4 11.711982000000006 0 1514044 0.3167 0.000662790697674609
1645244681388 4 11.706152000000003 0 1432783 0.29969999999999997 0.000662790697674609
1645244685422 4 11.700316999999998 0 1401397 0.29300000000000004 0.000662790697674609
1645244689061 4 11.935500000000005 0 1450362 0.3036 0.000662790697674609
1645244693313 4 11.680414999999996 0 1266375 0.265 0.000662790697674609
1645244697062 4 11.924096000000006 0 1497932 0.31320000000000003 0.000662790697674609
1645244701405 4 11.669960000000003 0 1308773 0.2739 0.000662790697674609
1645244705179 4 11.916291000000001 0 1516715 0.3174 0.000662790697674609
1645244709238 4 11.909444000000008 0 1407805 0.2949 0.000662790697674609
1645244713260 4 11.902727999999996 0 1394624 0.292 0.000662790697674609
1645244717509 4 11.643980999999997 0 1502056 0.31429999999999997 0.000662790697674609
1645244721278 4 11.885524000000004 0 1276395 0.2667 0.000662790697674609
1645244725483 4 11.627308999999997 0 1480768 0.3099 0.000662790697674609
1645244729176 4 11.871972999999997 0 1473992 0.3085 0.000662790697674609
1645244733510 4 11.611728 0 1306146 0.2734 0.000662790697674609
1645244737390 4 11.604951 0 1565699 0.3277 0.000662790697674609
1645244741153 4 11.845557000000014 0 1268922 0.26549999999999996 0.000662790697674609
1645244745194 4 11.83198999999999 0 1406335 0.2942 0.000662790697674609
1645244749194 4 11.821090999999996 0 1381377 0.28969999999999996 0.000662790697674609
1645244753387 4 11.56555499999999 0 1475162 0.3086 0.000662790697674609
1645244757481 4 11.556726999999995 0 1430482 0.2992 0.000662790697674609
1645244761600 4 11.54679200000001 0 1439994 0.3005 0.000662790697674609
1645244765637 4 11.540340000000015 0 1405476 0.2941 0.000662790697674609
1645244769630 4 11.535585999999995 0 1382866 0.2895 0.000662790697674609
1645244773459 4 11.523752000000002 0 1303196 0.2731 0.000662790697674609
1645244777284 4 11.763152999999988 0 1538814 0.3218 0.000662790697674609
1645244781363 4 11.756931000000009 0 1423261 0.298 0.000662790697674609
1645244785341 4 11.743932000000001 0 1377859 0.288 0.000662790697674609
1645244791781 4 9.148455000000013 0 1396488 0.6341 0.000662790697674609
1645244793901 3 11.029338999999993 0 825839 0.1806 0.0006627906976743869
1645244797038 3 11.95645300000001 0 974212 0.2036 0.00043023255813956496
1645244801496 3 11.683430000000016 0 867483 0.18109999999999998 0.00043023255813956496
1645244805235 3 11.925273000000004 0 987232 0.2143 0.00043023255813956496
1645244809259 3 11.918212000000011 0 921956 0.19290000000000002 0.00043023255813956496
1645244813289 4 11.656115999999997 0 1394798 0.29159999999999997 0.00043023255813956496
1645244817528 4 11.647502000000003 0 1499654 0.3135 0.000662790697674609
1645244821405 4 11.641510000000011 0 1323592 0.2765 0.000662790697674609
1645244825103 4 11.887524000000013 0 1477260 0.309 0.000662790697674609
1645244831854 4 9.077100000000002 0 1474833 0.665 0.000662790697674609
1645244833821 3 11.108981999999997 0 802415 0.1757 0.0006627906976743869
1645244837522 3 11.612313999999998 0 999009 0.20939999999999998 0.00043023255813956496
1645244841471 3 11.603496000000007 0 869418 0.1851 0.00043023255813956496
1645244845533 3 11.594821999999994 0 897686 0.1963 0.00043023255813956496
1645244849159 3 11.840159999999997 0 960141 0.20270000000000002 0.00043023255813956496
1645244853295 4 11.832438999999994 0 1453425 0.3034 0.00043023255813956496
1645244857437 4 11.578063000000014 0 1453998 0.3043 0.000662790697674609
1645244861518 4 11.570730999999995 0 1424197 0.2974 0.000662790697674609
1645244865559 4 11.56088600000001 0 1409895 0.29460000000000003 0.000662790697674609
1645244869549 4 11.54874799999999 0 1381516 0.2889 0.000662790697674609
1645244873368 4 11.795387000000005 0 1298461 0.27149999999999996 0.000662790697674609
1645244877172 4 11.775168000000008 0 1530017 0.3197 0.000662790697674609
1645244881288 4 11.765852999999993 0 1437352 0.30110000000000003 0.000662790697674609
1645244885202 4 11.760315999999989 0 1344879 0.2814 0.000662790697674609
1645244889431 4 11.501821000000007 0 1490910 0.3117 0.000662790697674609
1645244893177 4 11.995249000000001 0 1264017 0.2645 0.000662790697674609
1645244897323 4 11.741329000000007 0 1458446 0.3049 0.000662790697674609
1645244901285 4 11.729151000000002 0 1366050 0.2858 0.000662790697674609
1645244905103 4 11.97432200000003 0 1540108 0.3221 0.000662790697674609
1645244909181 4 11.962426999999991 0 1421303 0.2973 0.000662790697674609
1645244913138 4 11.947383000000002 0 1359213 0.284 0.000662790697674609
1645244917403 4 11.676578000000006 0 1514199 0.31629999999999997 0.000662790697674609
1645244921218 4 11.918405000000007 0 1296661 0.2716 0.000662790697674609
1645244925122 4 11.910544000000016 0 1340186 0.2803 0.000662790697674609
1645244929325 4 11.650986999999986 0 1478975 0.3094 0.000662790697674609
1645244933233 4 11.897207999999978 0 1342511 0.2813 0.000662790697674609
1645244937526 4 11.638037999999995 0 1527618 0.3196 0.000662790697674609
1645244941337 4 11.63041800000002 0 1297467 0.2714 0.000662790697674609

