1645238946404 1 3.999999 3094 346799 0.2985 -13.304199999999998
1645238953190 3 4.318315 3095 755039 0.6519 -13.30832558139535
1645238960502 3 4.407907000000001 3392 835161 0.7201 -14.585169767441858
1645238968543 3 4.285725000000001 3916 908792 0.7827 -16.83836976744186
1645238975591 3 4.437059 3203 804438 0.6933 -13.77246976744186
1645238982936 3 4.370314999999998 3280 828659 0.7134 -14.10356976744186
1645238991126 3 4.387352999999997 4207 937332 0.808 -18.08966976744186
1645238998031 3 4.327344 2845 776416 0.6693 -12.23306976744186
1645239006997 3 4.4047500000000035 5040 1025687 0.8840999999999999 -21.67156976744186
1645239014235 3 4.4242690000000024 3262 815426 0.7026 -14.026169767441859
1645239022032 3 4.420529999999999 3785 884625 0.763 -16.275069767441863
1645239030045 3 4.4400970000000015 4040 904952 0.7798 -17.371569767441862
1645239038421 3 4.453586000000001 4384 954418 0.8227 -18.85076976744186
1645239046477 3 4.323854000000004 3929 910446 0.7821 -16.894269767441862
1645239054562 3 4.482973000000001 4242 922454 0.7961 -18.240169767441856
1645239062917 3 4.447595 4317 942842 0.8121 -18.562669767441857
1645239070722 3 4.490005000000004 3850 884128 0.7612 -16.554569767441862
1645239078074 3 4.3269420000000025 3185 828263 0.7132 -13.69506976744186
1645239086648 3 4.496285999999998 4747 981175 0.8452 -20.411669767441857
1645239094940 3 4.472932 4265 939007 0.808 -18.33906976744186
1645239102299 3 4.462793000000005 3354 841370 0.724 -14.421769767441859
1645239110678 3 4.304704000000001 4217 947658 0.8158 -18.132669767441858
1645239117942 3 4.255812000000006 3215 828958 0.7147 -13.824069767441861
1645239126579 3 4.450512000000003 4833 977791 0.8427 -20.781469767441855
1645239134012 3 4.2649470000000065 3243 847215 0.7304 -13.944469767441861
1645239142645 3 4.486272999999997 4862 978032 0.8425 -20.906169767441856
1645239150816 3 4.3286779999999965 4015 934237 0.805 -17.264069767441864
1645239158693 3 4.331264000000004 3872 889600 0.7655000000000001 -16.64916976744186
1645239167339 3 4.431101999999996 4754 988774 0.8521000000000001 -20.44176976744186
1645239174510 3 4.411277999999996 3153 808061 0.696 -13.55746976744186
1645239183208 3 4.302193000000003 4589 995677 0.8573999999999999 -19.73226976744186
1645239191378 3 4.378447000000008 4246 924757 0.796 -18.25736976744186
1645239198462 3 4.3562220000000025 3059 808228 0.696 -13.15326976744186
1645239207439 3 4.401206999999999 5021 1014212 0.8747999999999999 -21.589869767441858
1645239214835 3 4.39175800000001 3390 845218 0.7281 -14.57656976744186
1645239222896 3 4.2607069999999965 3935 910767 0.784 -16.920069767441863
1645239230785 3 4.425859000000003 4053 901777 0.7759 -17.42746976744186
1645239239341 3 4.464437000000004 4597 967347 0.8333999999999999 -19.766669767441858
1645239247509 3 4.298516000000006 4003 935273 0.8048 -17.21246976744186
1645239255622 3 4.285639000000003 4097 916928 0.7907 -17.61666976744186
1645239263844 3 4.364558000000017 4304 940743 0.8101 -18.50676976744186
1645239271617 3 4.401669999999996 3811 877888 0.7558 -16.386869767441862

