1645255196996 1 3.999999 4462 346799 0.43390000000000006 -19.1866
1645255206723 3 4.440484 6162 755039 0.9481999999999999 -26.496425581395343
1645255217407 3 4.304757 6549 835161 1.044 -28.160269767441857
1645255228950 3 4.273676 7503 908792 1.1375 -32.26246976744186
1645255239262 3 4.442518 6486 804438 1.008 -27.88936976744186
1645255249797 3 4.3953489999999995 6479 828659 1.0374 -27.859269767441855
1645255261769 3 4.315739000000001 7904 937332 1.174 -33.98676976744186
1645255271745 3 4.3432439999999986 5998 776416 0.9738 -25.790969767441858
1645255284821 3 4.3097020000000015 9048 1025687 1.2856999999999998 -38.90596976744187
1645255295285 3 4.3084830000000025 6464 815426 1.022 -27.794769767441856
1645255306522 3 4.467931 7399 884625 1.1098000000000001 -31.815269767441855
1645255318096 3 4.321426000000002 7431 904952 1.1340999999999999 -31.952869767441857
1645255330283 3 4.466274000000006 8333 954418 1.1961 -35.83146976744187
1645255341916 3 4.269238000000001 7435 910446 1.1400000000000001 -31.97006976744186
1645255353729 3 4.426968000000002 7963 922454 1.1560000000000001 -34.240469767441866
1645255365766 3 4.367264000000006 7980 942842 1.1801 -34.31356976744186
1645255377078 3 4.3026960000000045 7250 884128 1.1080999999999999 -31.17456976744186
1645255387692 3 4.270291999999998 6575 828263 1.038 -28.27206976744186
1645255400116 3 4.323897000000002 8482 981175 1.2298 -36.47216976744186
1645255412100 3 4.286915000000008 7944 939007 1.176 -34.15876976744186
1645255422875 3 4.455858000000006 6951 841370 1.0539 -29.888869767441857
1645255434877 3 4.383053000000004 7929 947658 1.1880000000000002 -34.09426976744186
1645255445495 3 4.2787270000000035 6515 828958 1.0379 -28.01406976744186
1645255457898 3 4.2699460000000045 8396 977791 1.228 -36.10236976744186
1645255468737 3 4.388194999999996 6956 847215 1.0621 -29.910369767441857
1645255481121 3 4.315404000000001 8315 978032 1.2258 -35.75406976744186
1645255493056 3 4.35427 7971 934237 1.1698 -34.27486976744186
1645255504435 3 4.288809999999998 7313 889600 1.1146 -31.445469767441857
1645255517104 3 4.327829000000008 8709 988774 1.242 -37.44826976744186

