1645241771301 1 3.999999 840 346799 0.07289999999999999 -3.612
1645241773107 3 6.251443999999999 0 755039 0.1595 0.000174418604651283
1645241774972 3 8.386505 0 835161 0.17609999999999998 0.00043023255813956496
1645241776991 3 10.366991 0 908792 0.192 0.00043023255813956496
1645241779789 3 11.616397999999998 0 804438 0.1698 0.00043023255813956496
1645241783643 3 11.851787 0 828659 0.1746 0.00043023255813956496
1645241787723 3 11.846145 0 937332 0.1978 0.00043023255813956496
1645241791961 3 11.589043999999998 0 776416 0.1634 0.00043023255813956496
1645241795726 3 11.831862000000001 0 1025687 0.2165 0.00043023255813956496
1645241799546 3 11.823168000000003 0 815426 0.1718 0.00043023255813956496
1645241804027 3 11.563089000000005 0 884625 0.1869 0.00043023255813956496
1645241808039 3 11.546911000000001 0 904952 0.19119999999999998 0.00043023255813956496
1645241811653 3 11.793947000000003 0 954418 0.2016 0.00043023255813956496
1645241815674 3 11.785908 0 910446 0.1924 0.00043023255813956496
1645241819722 3 11.780182000000003 0 922454 0.19519999999999998 0.00043023255813956496
1645241823815 3 11.770821000000005 0 942842 0.1986 0.00043023255813956496
1645241827778 3 11.767846000000006 0 884128 0.1867 0.00043023255813956496
1645241831629 3 11.760800000000003 0 828263 0.1749 0.00043023255813956496
1645241835806 3 11.751969000000003 0 981175 0.20729999999999998 0.00043023255813956496
1645241839386 3 11.997822999999997 0 939007 0.19790000000000002 0.00043023255813956496
1645241843761 3 11.735413000000008 0 841370 0.1777 0.00043023255813956496
1645241847861 3 11.725755000000007 0 947658 0.2001 0.00043023255813956496
1645241851722 3 11.710009999999997 0 828958 0.175 0.00043023255813956496
1645241855888 3 11.701289000000003 0 977791 0.20590000000000003 0.00043023255813956496
1645241859783 3 11.689346999999998 0 847215 0.17880000000000001 0.00043023255813956496
1645241863449 3 11.931920000000005 0 978032 0.2061 0.00043023255813956496
1645241867523 3 11.919431000000003 0 934237 0.1968 0.00043023255813956496
1645241871501 3 11.908719000000005 0 889600 0.1875 0.00043023255813956496
1645241875686 3 11.904194000000004 0 988774 0.2085 0.00043023255813956496
1645241879501 3 11.897360000000006 0 808061 0.1706 0.00043023255813956496
1645241883705 3 11.885216 0 995677 0.2104 0.00043023255813956496
1645241887760 3 11.629308000000009 0 924757 0.1955 0.00043023255813956496
1645241891573 3 11.862986000000006 0 808228 0.1711 0.00043023255813956496
1645241895819 3 11.601315999999997 0 1014212 0.21459999999999999 0.00043023255813956496
1645241899710 3 11.844580000000008 0 845218 0.179 0.00043023255813956496
1645241903737 3 11.83368200000001 0 910767 0.1925 0.00043023255813956496
1645241907741 3 11.823252999999994 0 901777 0.1901 0.00043023255813956496
1645241911889 3 11.56311500000001 0 967347 0.20459999999999998 0.00043023255813956496
1645241915969 3 11.554958 0 935273 0.198 0.00043023255813956496
1645241920006 3 11.541750000000008 0 916928 0.193 0.00043023255813956496
1645241923595 3 11.787535999999989 0 940743 0.1985 0.00043023255813956496
1645241928060 3 11.525631000000004 0 877888 0.18560000000000001 0.00043023255813956496
1645241931939 3 11.519725999999991 0 839766 0.17709999999999998 0.00043023255813956496
1645241935616 3 11.765214000000014 0 976062 0.20459999999999998 0.00043023255813956496
1645241939747 3 11.752687000000009 0 958353 0.2023 0.00043023255813956496
1645241943610 3 11.984093999999999 0 836268 0.17609999999999998 0.00043023255813956496
1645241947757 3 11.718331000000006 0 968967 0.20470000000000002 0.00043023255813956496
1645241951604 3 11.959925999999996 0 825839 0.17470000000000002 0.00043023255813956496
1645241955764 3 11.70293000000001 0 974212 0.20579999999999998 0.00043023255813956496
1645241959696 3 11.689622000000014 0 867483 0.1834 0.00043023255813956496
1645241963881 3 11.684101999999996 0 987232 0.20859999999999998 0.00043023255813956496
1645241967921 3 11.660910000000001 0 921956 0.1944 0.00043023255813956496
1645241971950 3 11.651427000000012 0 913803 0.1928 0.00043023255813956496
1645241975567 3 11.886500000000012 0 958215 0.2021 0.00043023255813956496
1645241979930 3 11.625209000000012 0 832934 0.1755 0.00043023255813956496
1645241983652 3 11.859099000000015 0 1005593 0.2125 0.00043023255813956496
1645241987735 3 11.850802000000016 0 935985 0.1974 0.00043023255813956496
1645241991531 3 11.839934999999997 0 802415 0.1701 0.00043023255813956496
1645241995739 3 11.829650000000015 0 999009 0.2111 0.00043023255813956496
1645241999681 3 11.819141000000002 0 869418 0.18409999999999999 0.00043023255813956496
1645242003678 3 11.810386999999992 0 897686 0.1896 0.00043023255813956496
1645242007813 3 11.550700000000006 0 960141 0.20249999999999999 0.00043023255813956496
1645242011843 3 11.543400999999989 0 914618 0.19290000000000002 0.00043023255813956496
1645242015949 3 11.537956000000008 0 949031 0.20059999999999997 0.00043023255813956496
1645242019990 3 11.528576000000015 0 919929 0.1941 0.00043023255813956496
1645242024053 3 11.523899 0 930570 0.19619999999999999 0.00043023255813956496
1645242028035 3 11.518039999999985 0 894188 0.1886 0.00043023255813956496
1645242031897 3 11.512395000000026 0 835562 0.1762 0.00043023255813956496
1645242036079 3 11.505550000000028 0 986170 0.2083 0.00043023255813956496
1645242039700 3 11.74586499999998 0 955812 0.2024 0.00043023255813956496
1645242043567 3 11.991361999999981 0 837688 0.1767 0.00043023255813956496
1645242047730 3 11.72776399999998 0 972932 0.20539999999999997 0.00043023255813956496
1645242051537 3 11.970293000000026 0 807690 0.17070000000000002 0.00043023255813956496
1645242055680 3 11.708574999999996 0 968173 0.2041 0.00043023255813956496
1645242059619 3 11.94740999999999 0 872734 0.1839 0.00043023255813956496
1645242063814 3 11.689272000000017 0 991679 0.20939999999999998 0.00043023255813956496
1645242067878 3 11.679491999999982 0 930061 0.19619999999999999 0.00043023255813956496
1645242071844 3 11.675407000000007 0 884740 0.1863 0.00043023255813956496
1645242075491 3 11.916375000000016 0 968599 0.20470000000000002 0.00043023255813956496
1645242079884 3 11.660211000000004 0 848189 0.1792 0.00043023255813956496
1645242083585 3 11.89739400000002 0 989262 0.20859999999999998 0.00043023255813956496
1645242087651 3 11.888547000000017 0 929927 0.1964 0.00043023255813956496
1645242091541 3 11.877946000000009 0 845977 0.1787 0.00043023255813956496
1645242095773 3 11.615520000000004 0 1009703 0.21309999999999998 0.00043023255813956496
1645242099699 3 11.858604000000014 0 861836 0.1824 0.00043023255813956496

