1645240079369 1 3.999999 789 346799 0.0664 -3.3926999999999996
1645240080163 1 7.242182 0 363755 0.0684 0.00017441860465117198
1645240080953 1 10.450577000000001 0 362842 0.06939999999999999 0.00017441860465117198
1645240083791 1 11.806939 0 384791 0.0742 0.00017441860465117198
1645240087618 3 11.799024999999999 0 804438 0.1633 0.000174418604651283
1645240091903 3 11.544486 0 828659 0.1688 0.00043023255813956496
1645240095897 3 11.540488999999997 0 937332 0.1893 0.00043023255813956496
1645240100006 3 11.528205 0 776416 0.15089999999999998 0.00043023255813956496
1645240104072 3 11.522620000000003 0 1025687 0.1968 0.00043023255813956496
1645240107741 3 11.763353000000002 0 815426 0.15589999999999998 0.00043023255813956496
1645240112040 3 11.507538000000004 0 884625 0.1695 0.00043023255813956496
1645240115870 3 11.746774000000002 0 904952 0.1733 0.00043023255813956496
1645240119802 3 11.740417 0 954418 0.1829 0.00043023255813956496
1645240123656 3 11.98046 0 910446 0.1742 0.00043023255813956496
1645240127526 3 11.964972000000003 0 922454 0.1766 0.00043023255813956496
1645240131936 3 11.704321 0 942842 0.18080000000000002 0.00043023255813956496
1645240135729 3 11.697398 0 884128 0.1693 0.00043023255813956496
1645240139917 3 11.686609000000004 0 828263 0.1588 0.00043023255813956496
1645240143896 3 11.670223000000007 0 981175 0.1875 0.00043023255813956496
1645240147794 3 11.661291000000006 0 939007 0.1799 0.00043023255813956496
1645240151510 3 11.90452400000001 0 841370 0.1613 0.00043023255813956496
1645240155923 3 11.644435999999999 0 947658 0.1809 0.00043023255813956496
1645240159611 3 11.884865000000005 0 828958 0.1587 0.00043023255813956496
1645240163588 3 11.877452000000005 0 977791 0.1876 0.00043023255813956496
1645240167809 3 11.61578 0 847215 0.1626 0.00043023255813956496
1645240171795 3 11.611274000000009 0 978032 0.1885 0.00043023255813956496
1645240175709 3 11.853732000000008 0 934237 0.1796 0.00043023255813956496
1645240180010 3 11.597884000000008 0 889600 0.1704 0.00043023255813956496
1645240184018 3 11.592354 0 988774 0.1899 0.00043023255813956496
1645240187666 3 11.834164000000001 0 808061 0.1548 0.00043023255813956496
1645240191671 3 11.829976000000002 0 995677 0.1908 0.00043023255813956496
1645240196044 3 11.573082999999997 0 924757 0.1772 0.00043023255813956496
1645240199702 3 11.811266000000003 0 808228 0.15489999999999998 0.00043023255813956496
1645240203748 3 11.79983200000001 0 1014212 0.1946 0.00043023255813956496
1645240207971 3 11.53575699999999 0 845218 0.1618 0.00043023255813956496
1645240211819 3 11.779764999999998 0 910767 0.17450000000000002 0.00043023255813956496
1645240215646 3 11.763417000000004 0 901777 0.1723 0.00043023255813956496
1645240220109 3 11.498964999999998 0 967347 0.1857 0.00043023255813956496
1645240223506 3 11.985053999999991 0 935273 0.1794 0.00043023255813956496
1645240227861 3 11.730255999999997 0 916928 0.1754 0.00043023255813956496
1645240231770 3 11.724660999999998 0 940743 0.1802 0.00043023255813956496
1645240235553 3 11.965593000000013 0 877888 0.1684 0.00043023255813956496
1645240239759 3 11.703772000000015 0 839766 0.16040000000000001 0.00043023255813956496
1645240243741 3 11.69982300000001 0 976062 0.1872 0.00043023255813956496
1645240247683 3 11.945582000000002 0 958353 0.184 0.00043023255813956496
1645240251889 3 11.684629999999999 0 836268 0.16060000000000002 0.00043023255813956496
1645240255851 3 11.678944000000001 0 968967 0.1855 0.00043023255813956496
1645240259536 3 11.920106000000004 0 825839 0.1584 0.00043023255813956496
1645240263504 3 11.916195000000016 0 974212 0.18680000000000002 0.00043023255813956496
1645240267769 3 11.65200200000001 0 867483 0.1662 0.00043023255813956496
1645240271757 3 11.892224999999996 0 987232 0.1889 0.00043023255813956496
1645240275622 3 11.884465000000006 0 921956 0.1765 0.00043023255813956496
1645240279981 3 11.618223999999998 0 913803 0.17509999999999998 0.00043023255813956496
1645240283923 3 11.610382000000016 0 958215 0.1839 0.00043023255813956496
1645240287629 3 11.852731000000006 0 832934 0.15940000000000001 0.00043023255813956496
1645240291653 3 11.846423000000016 0 1005593 0.1927 0.00043023255813956496
1645240296049 3 11.585192000000006 0 935985 0.1794 0.00043023255813956496
1645240299687 3 11.825617999999992 0 802415 0.15360000000000001 0.00043023255813956496
1645240303702 3 11.817529000000007 0 999009 0.1916 0.00043023255813956496
1645240307971 3 11.561319999999995 0 869418 0.1665 0.00043023255813956496
1645240311807 3 11.801030999999995 0 897686 0.1726 0.00043023255813956496
1645240315762 3 11.790572999999995 0 960141 0.184 0.00043023255813956496
1645240320114 3 11.53614300000001 0 914618 0.17529999999999998 0.00043023255813956496
1645240324040 3 11.528050000000007 0 949031 0.1819 0.00043023255813956496
1645240327903 3 11.517226999999991 0 919929 0.1765 0.00043023255813956496
1645240331796 3 11.755933999999996 0 930570 0.1783 0.00043023255813956496
1645240336113 3 11.501504000000011 0 894188 0.17170000000000002 0.00043023255813956496
1645240339813 3 11.74120099999999 0 835562 0.1602 0.00043023255813956496
1645240343813 3 11.735951999999997 0 986170 0.1891 0.00043023255813956496
1645240347745 3 11.728859999999997 0 955812 0.1834 0.00043023255813956496
1645240351952 3 11.701216999999986 0 837688 0.16040000000000001 0.00043023255813956496
1645240355923 3 11.691877999999974 0 972932 0.1869 0.00043023255813956496
1645240359581 3 11.929175999999984 0 807690 0.1555 0.00043023255813956496
1645240363535 3 11.897815999999978 0 968173 0.18580000000000002 0.00043023255813956496
1645240367831 3 11.638331999999991 0 872734 0.1681 0.00043023255813956496
1645240371843 3 11.634625000000028 0 991679 0.1899 0.00043023255813956496
1645240375741 3 11.871679000000029 0 930061 0.1784 0.00043023255813956496
1645240380080 3 11.572414999999978 0 884740 0.1701 0.00043023255813956496
1645240384061 3 11.555159000000003 0 968599 0.18580000000000002 0.00043023255813956496
1645240387802 3 11.799413000000015 0 848189 0.16240000000000002 0.00043023255813956496
1645240391804 3 11.78986500000002 0 989262 0.1899 0.00043023255813956496
1645240395692 3 11.776412999999991 0 929927 0.178 0.00043023255813956496
1645240399918 3 11.517556000000013 0 845977 0.1621 0.00043023255813956496
1645240403955 3 11.506114000000025 0 1009703 0.1937 0.00043023255813956496
1645240407714 3 11.744009000000005 0 861836 0.1655 0.00043023255813956496

