1645236472095 1 3.999999 1013 346799 0.0912 -4.355899999999999
1645236474276 3 5.8230070000000005 0 755039 0.19790000000000002 0.000174418604651283
1645236476553 3 7.545772 0 835161 0.2183 0.00043023255813956496
1645236479067 3 9.043215 0 908792 0.23820000000000002 0.00043023255813956496
1645236481277 3 10.824371999999999 0 804438 0.2105 0.00043023255813956496
1645236484549 3 11.744261999999999 0 828659 0.21669999999999998 0.00043023255813956496
1645236488608 3 11.737587999999999 0 937332 0.2454 0.00043023255813956496
1645236492249 3 11.969328999999998 0 776416 0.20339999999999997 0.00043023255813956496
1645236496540 3 11.714269000000002 0 1025687 0.2682 0.00043023255813956496
1645236500285 3 11.959845000000001 0 815426 0.2141 0.00043023255813956496
1645236504203 3 11.954695000000001 0 884625 0.23159999999999997 0.00043023255813956496
1645236508171 3 11.945054000000006 0 904952 0.2366 0.00043023255813956496
1645236512284 3 11.937203000000004 0 954418 0.2503 0.00043023255813956496
1645236516277 3 11.925488000000001 0 910446 0.23820000000000002 0.00043023255813956496
1645236520288 3 11.913961 0 922454 0.24159999999999998 0.00043023255813956496
1645236524360 3 11.901333000000001 0 942842 0.24710000000000001 0.00043023255813956496
1645236528277 3 11.895079000000003 0 884128 0.2312 0.00043023255813956496
1645236532555 3 11.636383000000002 0 828263 0.21749999999999997 0.00043023255813956496
1645236536230 3 11.877901000000008 0 981175 0.2566 0.00043023255813956496
1645236542162 3 9.941760000000002 0 939007 0.5812 0.00043023255813956496
1645236544625 3 11.477664000000004 0 841370 0.2263 0.00043023255813956496
1645236548717 3 11.599320000000006 0 947658 0.2481 0.00043023255813956496
1645236552584 3 11.521654999999996 0 828958 0.2169 0.00043023255813956496
1645236556752 3 11.513089000000008 0 977791 0.25579999999999997 0.00043023255813956496
1645236560576 3 11.757090000000005 0 847215 0.22200000000000003 0.00043023255813956496
1645236564734 3 11.499018000000007 0 978032 0.25579999999999997 0.00043023255813956496
1645236568306 3 11.981594000000001 0 934237 0.2453 0.00043023255813956496
1645236572287 3 11.969806000000005 0 889600 0.23290000000000002 0.00043023255813956496
1645236576513 3 11.710687000000007 0 988774 0.2591 0.00043023255813956496
1645236580245 3 11.950254999999999 0 808061 0.2125 0.00043023255813956496
1645236584449 3 11.693905 0 995677 0.2605 0.00043023255813956496
1645236588487 3 11.682907 0 924757 0.24169999999999997 0.00043023255813956496
1645236592210 3 11.927975000000004 0 808228 0.2121 0.00043023255813956496
1645236596513 3 11.668802999999997 0 1014212 0.265 0.00043023255813956496
1645236600331 3 11.912665000000004 0 845218 0.22010000000000002 0.00043023255813956496
1645236604317 3 11.90230299999999 0 910767 0.2385 0.00043023255813956496
1645236608282 3 11.896602999999999 0 901777 0.2354 0.00043023255813956496
1645236612439 3 11.88127399999999 0 967347 0.2535 0.00043023255813956496
1645236616502 3 11.622062999999997 0 935273 0.2451 0.00043023255813956496
1645236620537 3 11.612040000000007 0 916928 0.23929999999999998 0.00043023255813956496
1645236624617 3 11.604034000000013 0 940743 0.2465 0.00043023255813956496
1645236628535 3 11.594318000000015 0 877888 0.2294 0.00043023255813956496
1645236632338 3 11.835105999999996 0 839766 0.2197 0.00043023255813956496
1645236636501 3 11.819354000000004 0 976062 0.25539999999999996 0.00043023255813956496
1645236640642 3 11.562407000000007 0 958353 0.25070000000000003 0.00043023255813956496
1645236644448 3 11.797679000000016 0 836268 0.2191 0.00043023255813956496
1645236648603 3 11.53798900000001 0 968967 0.25339999999999996 0.00043023255813956496
1645236652379 3 11.769888000000009 0 825839 0.2169 0.00043023255813956496
1645236656534 3 11.760087999999996 0 974212 0.2542 0.00043023255813956496
1645236660413 3 11.749279000000001 0 867483 0.2273 0.00043023255813956496
1645236664116 3 11.992471999999992 0 987232 0.25880000000000003 0.00043023255813956496
1645236668153 3 11.981206000000014 0 921956 0.24100000000000002 0.00043023255813956496
1645236672166 3 11.974536999999998 0 913803 0.23929999999999998 0.00043023255813956496
1645236678066 3 10.033691000000005 0 958215 0.5786 0.00043023255813956496
1645236680528 3 11.573608000000007 0 832934 0.2239 0.00043023255813956496
1645236684269 3 11.937962999999996 0 1005593 0.2626 0.00043023255813956496
1645236688326 3 11.929504000000009 0 935985 0.2444 0.00043023255813956496
1645236692530 3 11.665565000000015 0 802415 0.21030000000000001 0.00043023255813956496
1645236696248 3 11.905716000000012 0 999009 0.2617 0.00043023255813956496
1645236700628 3 11.648995000000014 0 869418 0.227 0.00043023255813956496
1645236704599 3 11.60869199999999 0 897686 0.23490000000000003 0.00043023255813956496
1645236708738 3 11.598655000000008 0 960141 0.2508 0.00043023255813956496
1645236712738 3 11.58513099999999 0 914618 0.23929999999999998 0.00043023255813956496
1645236716326 3 11.821951000000013 0 949031 0.24769999999999998 0.00043023255813956496
1645236720350 3 11.815823999999992 0 919929 0.2405 0.00043023255813956496
1645236724426 3 11.80559199999999 0 930570 0.24369999999999997 0.00043023255813956496
1645236728385 3 11.793162999999993 0 894188 0.2334 0.00043023255813956496
1645236732677 3 11.528953000000001 0 835562 0.2186 0.00043023255813956496
1645236736363 3 11.77138500000001 0 986170 0.2578 0.00043023255813956496
1645236742298 3 9.80252200000001 0 955812 0.5823 0.00043023255813956496
1645236744801 3 11.307995000000005 0 837688 0.2246 0.00043023255813956496
1645236748476 3 11.733796999999981 0 972932 0.25470000000000004 0.00043023255813956496
1645236752194 3 11.97285800000003 0 807690 0.21070000000000003 0.00043023255813956496
1645236756335 3 11.961235999999985 0 968173 0.25329999999999997 0.00043023255813956496
1645236760219 3 11.955758000000003 0 872734 0.2279 0.00043023255813956496
1645236764426 3 11.701069000000018 0 991679 0.2595 0.00043023255813956496
1645236768463 3 11.688563999999985 0 930061 0.2428 0.00043023255813956496
1645236772398 3 11.934646999999984 0 884740 0.23199999999999998 0.00043023255813956496
1645236776535 3 11.67258099999998 0 968599 0.2535 0.00043023255813956496
1645236780371 3 11.917369000000008 0 848189 0.22240000000000001 0.00043023255813956496
1645236784562 3 11.653967000000023 0 989262 0.2591 0.00043023255813956496
1645236788607 3 11.645722999999975 0 929927 0.2435 0.00043023255813956496
1645236792426 3 11.889040000000023 0 845977 0.22139999999999999 0.00043023255813956496
1645236796676 3 11.628019999999992 0 1009703 0.2643 0.00043023255813956496
1645236800542 3 11.621749000000023 0 861836 0.2257 0.00043023255813956496

