1645254836984 1 3.999999 1644 346799 0.154 -7.0691999999999995
1645254840545 3 4.447696 0 755039 0.33599999999999997 0.000174418604651283
1645254844402 3 4.5911290000000005 0 835161 0.3721 0.00043023255813956496
1645254848562 3 4.4329100000000015 0 908792 0.40469999999999995 0.00043023255813956496
1645254852238 3 4.755555999999999 0 804438 0.358 0.00043023255813956496
1645254856034 3 4.9601739999999985 0 828659 0.3694 0.00043023255813956496
1645254860312 3 4.6864360000000005 0 937332 0.41689999999999994 0.00043023255813956496
1645254863874 3 5.122392999999999 0 776416 0.346 0.00043023255813956496
1645254869574 3 4.2884860000000025 866 1025687 0.5591999999999999 -3.72336976744186
1645254873418 3 4.440464000000006 0 815426 0.3653 0.00043023255813956496
1645254877473 3 4.387309000000002 0 884625 0.3942 0.00043023255813956496
1645254881608 3 4.37265 117 904952 0.4027 -0.5026697674418603
1645254885970 3 4.4781580000000005 471 954418 0.425 -2.0248697674418605
1645254890124 3 4.4448989999999995 123 910446 0.40469999999999995 -0.5284697674418604
1645254894476 3 4.304172000000001 211 922454 0.4239 -0.9068697674418604
1645254898772 3 4.262033000000002 255 942842 0.4201 -1.0960697674418605
1645254902820 3 4.2557800000000015 35 884128 0.3933 -0.1500697674418605
1645254906653 3 4.418495000000007 0 828263 0.36920000000000003 0.00043023255813956496
1645254911197 3 4.272038000000009 399 981175 0.44400000000000006 -1.7152697674418602
1645254915495 3 4.403100000000009 413 939007 0.418 -1.7754697674418602
1645254919337 3 4.545761999999996 0 841370 0.3745 0.00043023255813956496
1645254923660 3 4.298105000000007 75 947658 0.42210000000000003 -0.32206976744186044
1645254927462 3 4.4953239999999965 0 828958 0.3694 0.00043023255813956496
1645254931917 3 4.353373000000005 313 977791 0.43520000000000003 -1.3454697674418603
1645254935796 3 4.473999000000006 0 847215 0.3772 0.00043023255813956496
1645254940252 3 4.4021199999999965 383 978032 0.43499999999999994 -1.6464697674418602
1645254944512 3 4.271825000000007 132 934237 0.4162 -0.5671697674418605
1645254948580 3 4.394030000000001 181 889600 0.3961 -0.7778697674418604
1645254953089 3 4.319327000000001 441 988774 0.4399 -1.8958697674418603
1645254956792 3 4.614277000000001 0 808061 0.36 0.00043023255813956496
1645254961321 3 4.489265000000003 402 995677 0.4422 -1.7281697674418603
1645254965540 3 4.377796000000004 108 924757 0.4109 -0.46396976744186036
1645254969244 3 4.674904999999995 0 808228 0.3594 0.00043023255813956496
1645254973864 3 4.464345000000009 413 1014212 0.4516 -1.7754697674418602
1645254977733 3 4.600817000000006 0 845218 0.37570000000000003 0.00043023255813956496
1645254981899 3 4.428785000000005 0 910767 0.40590000000000004 0.00043023255813956496
1645254986016 3 4.345512000000014 28 901777 0.4013 -0.1199697674418605
1645254990434 3 4.3689919999999915 446 967347 0.4314 -1.9173697674418604
1645254994706 3 4.30440999999999 207 935273 0.41669999999999996 -0.8896697674418603
1645254998892 3 4.255775999999997 136 916928 0.4086 -0.5843697674418604
1645255003188 3 4.376443999999992 413 940743 0.4184 -1.7754697674418602
1645255007197 3 4.363416000000001 0 877888 0.39049999999999996 0.00043023255813956496
1645255011046 3 4.513807000000014 0 839766 0.3741 0.00043023255813956496
1645255015502 3 4.316980000000001 256 976062 0.4349 -1.1003697674418604
1645255019881 3 4.253545000000003 316 958353 0.42729999999999996 -1.3583697674418604
1645255023725 3 4.4155370000000005 0 836268 0.3719 0.00043023255813956496
1645255028139 3 4.306221999999991 313 968967 0.4311 -1.3454697674418603
1645255031911 3 4.533327000000014 0 825839 0.3674 0.00043023255813956496
1645255036342 3 4.351506999999998 250 974212 0.4332 -1.0745697674418604
1645255040298 3 4.396833000000015 0 867483 0.386 0.00043023255813956496
1645255044799 3 4.335397 439 987232 0.43929999999999997 -1.8872697674418601
1645255049009 3 4.268295999999992 143 921956 0.4107 -0.6144697674418604
1645255053191 3 4.403114000000016 314 913803 0.40709999999999996 -1.3497697674418605
1645255057553 3 4.4591629999999896 421 958215 0.42569999999999997 -1.8098697674418605
1645255061370 3 4.646915000000007 0 832934 0.37029999999999996 0.00043023255813956496
1645255065946 3 4.358022000000005 293 1005593 0.4464 -1.2594697674418602
1645255070222 3 4.394773000000015 313 935985 0.4165 -1.3454697674418603
1645255073903 3 4.717937000000006 0 802415 0.3579 0.00043023255813956496
1645255078464 3 4.440806000000009 284 999009 0.4452 -1.2207697674418605
1645255082440 3 4.45954900000001 0 869418 0.3875 0.00043023255813956496
1645255086544 3 4.452773000000008 96 897686 0.3995 -0.41236976744186027
1645255090924 3 4.289050000000003 218 960141 0.4274 -0.9369697674418604
1645255096500 3 4.496829999999989 1783 914618 0.5474 -7.6664697674418605
1645255100939 3 4.264673000000016 209 949031 0.42460000000000003 -0.8982697674418604
1645255105132 3 4.4635629999999935 394 919929 0.4088 -1.6937697674418604
1645255109388 3 4.346877000000006 133 930570 0.4135 -0.5714697674418603
1645255113474 3 4.470700000000022 217 894188 0.39780000000000004 -0.9326697674418604
1645255117307 3 4.640880999999979 0 835562 0.372 0.00043023255813956496
1645255121810 3 4.422575999999992 289 986170 0.43929999999999997 -1.2422697674418606
1645255126176 3 4.45586400000002 400 955812 0.4266 -1.7195697674418604
1645255130008 3 4.624806999999976 0 837688 0.3729 0.00043023255813956496
1645255134470 3 4.340575999999999 168 972932 0.434 -0.7219697674418604
1645255139846 3 4.250174000000015 1295 807690 0.5265 -5.568069767441861
1645255141883 1 6.21271999999999 0 401613 0.1813 0.00043023255813956496
1645255145880 3 6.216835000000003 0 872734 0.3881 0.000174418604651283
1645255150403 3 5.6915180000000305 0 991679 0.4412 0.00043023255813956496
1645255154658 3 5.43782600000003 0 930061 0.4147 0.00043023255813956496
1645255158701 3 5.3932439999999815 0 884740 0.39390000000000003 0.00043023255813956496
1645255163126 3 4.969668000000013 0 968599 0.4311 0.00043023255813956496

