1645230142973 1 3.999999 3453 346799 0.3345 -14.8479
1645230145860 0 5.133152 0 213385 0.20550000000000002 0.00017441860465117198
1645230147350 0 7.64817 0 141806 0.13620000000000002 0.00006976744186043549
1645230148561 0 10.43237 0 112578 0.10640000000000001 0.00006976744186043549
1645230151448 0 11.583836 0 80671 0.0763 0.00006976744186043549
1645230155241 0 11.829553999999998 0 68729 0.066 0.00006976744186043549
1645230159198 0 11.818773999999998 0 137895 0.13340000000000002 0.00006976744186043549
1645230163258 1 11.809815 0 303135 0.2923 0.000069767441860491
1645230167388 1 11.606413000000003 0 414092 0.4001 0.00017441860465117198
1645230171298 1 11.793923000000003 0 337705 0.3271 0.00017441860465117198
1645230175466 1 11.527068 0 366374 0.354 0.00017441860465117198
1645230179007 1 11.986582000000006 0 352030 0.34049999999999997 0.00017441860465117198
1645230183718 1 11.515485000000005 0 371605 0.3581 0.00017441860465117198
1645230187568 1 11.425874 0 385670 0.3719 0.00017441860465117198
1645230191303 1 11.691442000000002 0 374050 0.3614 0.00017441860465117198
1645230195475 1 11.730711 0 367058 0.3556 0.00017441860465117198
1645230199238 1 11.756556000000003 0 377983 0.36419999999999997 0.00017441860465117198
1645230203504 1 11.706623 0 326924 0.315 0.00017441860465117198
1645230207380 1 11.614305000000002 0 388939 0.375 0.00017441860465117198
1645230211293 1 11.701251 0 392939 0.3793 0.00017441860465117198
1645230215425 1 11.661044000000004 0 362131 0.3509 0.00017441860465117198
1645230219438 1 11.555384000000004 0 402712 0.38849999999999996 0.00017441860465117198
1645230223225 1 11.889520000000005 0 327400 0.3165 0.00017441860465117198
1645230227240 1 11.753737000000001 0 401133 0.3886 0.00017441860465117198
1645230231433 1 11.624995999999996 0 317452 0.3074 0.00017441860465117198
1645230235339 1 11.654465000000002 0 391753 0.3781 0.00017441860465117198
1645230239180 1 11.814052000000004 0 384934 0.372 0.00017441860465117198
1645230243357 1 11.818898000000004 0 367179 0.3551 0.00017441860465117198
1645230247234 1 11.760297000000008 0 387965 0.3751 0.00017441860465117198
1645230251566 1 11.586931000000007 0 333821 0.3224 0.00017441860465117198
1645230255501 1 11.492433000000005 0 394452 0.381 0.00017441860465117198
1645230259570 1 11.423406 0 409513 0.3944 0.00017441860465117198
1645230263669 1 11.561299000000005 0 307174 0.2969 0.00017441860465117198
1645230267845 1 11.149140000000003 0 420407 0.4063 0.00017441860465117198
1645230271247 1 11.745897000000014 0 340231 0.3282 0.00017441860465117198
1645230275488 1 11.533082000000007 0 374730 0.3614 0.00017441860465117198
1645230279005 1 11.988600999999989 0 353022 0.3386 0.00017441860465117198
1645230283433 1 11.767078999999995 0 393253 0.3793 0.00017441860465117198
1645230287117 1 11.876168000000007 0 368813 0.355 0.00017441860465117198
1645230291337 1 11.747485000000012 0 372578 0.3599 0.00017441860465117198
1645230295067 1 11.926863999999995 0 374507 0.36110000000000003 0.00017441860465117198
1645230299294 1 11.73333199999999 0 372824 0.3601 0.00017441860465117198
1645230303070 1 11.977361000000002 0 326437 0.315 0.00017441860465117198
1645230307404 1 11.720230000000015 0 383127 0.37029999999999996 0.00017441860465117198
1645230311390 1 11.604096999999996 0 400632 0.3854 0.00017441860465117198
1645230315311 1 11.691057 0 342596 0.3295 0.00017441860465117198
1645230319369 1 11.62577300000001 0 407655 0.39289999999999997 0.00017441860465117198
1645230323254 1 11.900267000000014 0 337450 0.3256 0.00017441860465117198
1645230327275 1 11.71914000000001 0 404220 0.39 0.00017441860465117198
1645230331169 0 11.908315000000016 0 128759 0.1244 0.00017441860465117198
1645230335213 0 11.896706999999992 0 199367 0.1915 0.00006976744186043549
1645230339462 0 11.634759000000003 0 220759 0.21259999999999998 0.00006976744186043549
1645230343514 0 11.624141000000009 0 149511 0.14379999999999998 0.00006976744186043549
1645230347265 0 11.864912000000004 0 118879 0.11399999999999999 0.00006976744186043549
1645230351213 0 11.857596999999998 0 85418 0.08249999999999999 0.00006976744186043549
1645230355496 0 11.596229999999991 0 68807 0.066 0.00006976744186043549
1645230359384 0 11.840914999999995 0 132565 0.1273 0.00006976744186043549
1645230363652 0 11.57213200000001 0 117262 0.11379999999999998 0.00006976744186043549
1645230367378 0 11.807695999999993 0 116418 0.11100000000000002 0.00006976744186043549
1645230371663 0 11.548205999999993 0 223024 0.21589999999999998 0.00006976744186043549
1645230375362 0 11.79155 0 214538 0.2068 0.00006976744186043549
1645230379714 0 11.528636000000006 0 178191 0.17270000000000002 0.00006976744186043549
1645230383397 0 11.751111000000009 0 161454 0.1558 0.00006976744186043549
1645230387062 0 11.992841999999996 0 212225 0.2036 0.00006976744186043549
1645230391074 0 11.984777000000008 0 195858 0.189 0.00006976744186043549
1645230395354 0 11.723729999999989 0 119665 0.1159 0.00006976744186043549
1645230399031 0 11.966567999999995 0 108667 0.10500000000000001 0.00006976744186043549
1645230403273 0 11.954392999999982 0 64782 0.0615 0.00006976744186043549
1645230407226 0 11.940345999999977 0 87523 0.0841 0.00006976744186043549
1645230411361 0 11.680583000000013 0 155607 0.1499 0.00006976744186043549
1645230415447 0 11.667096000000015 0 100404 0.096 0.00006976744186043549
1645230419335 0 11.905541000000028 0 183614 0.177 0.00006976744186043549
1645230423354 0 11.868660999999975 0 197686 0.1889 0.00006976744186043549
1645230427584 0 11.597217999999998 0 217520 0.2098 0.00006976744186043549
1645230431495 0 11.583888000000002 0 132353 0.1276 0.00006976744186043549
1645230435550 0 11.577694000000008 0 199853 0.1921 0.00006976744186043549
1645230439355 0 11.82107000000002 0 225614 0.21739999999999998 0.00006976744186043549
1645230443463 0 11.559573 0 150477 0.1454 0.00006976744186043549
1645230447207 0 11.800922000000014 0 117995 0.1125 0.00006976744186043549
1645230451653 0 11.542835000000025 0 86503 0.0823 0.00006976744186043549
1645230455426 0 11.784325000000024 0 67335 0.06470000000000001 0.00006976744186043549
1645230459330 0 11.774270000000001 0 132169 0.1272 0.00006976744186043549
1645230463610 0 11.518032000000005 0 118800 0.1155 0.00006976744186043549

