1645254296314 1 3.999999 1225 346799 0.11140000000000001 -5.2675
1645254297582 1 6.761011 0 363755 0.1172 0.00017441860465117198
1645254298853 1 9.485523 0 362842 0.11750000000000001 0.00017441860465117198
1645254300687 1 11.736005 0 384791 0.12390000000000001 0.00017441860465117198
1645254304485 3 11.981269 0 804438 0.259 0.000174418604651283
1645254308760 3 11.722620999999998 0 828659 0.26749999999999996 0.00043023255813956496
1645254312388 3 11.959843 0 937332 0.3025 0.00043023255813956496
1645254316507 3 11.945957 0 776416 0.2501 0.00043023255813956496
1645254320420 3 11.938143000000004 0 1025687 0.3311 0.00043023255813956496
1645254324661 3 11.678537000000002 0 815426 0.2633 0.00043023255813956496
1645254328628 3 11.917902000000005 0 884625 0.2859 0.00043023255813956496
1645254332652 3 11.913625000000003 0 904952 0.292 0.00043023255813956496
1645254338801 3 9.538128 0 954418 0.6043000000000001 0.00043023255813956496
1645254340776 1 11.648164000000001 0 385670 0.1285 0.00043023255813956496
1645254344870 3 11.639291 0 922454 0.2974 0.000174418604651283
1645254348507 3 11.882554000000006 0 942842 0.30379999999999996 0.00043023255813956496
1645254352961 3 11.620476000000004 0 884128 0.2848 0.00043023255813956496
1645254356735 3 11.612414000000001 0 828263 0.2676 0.00043023255813956496
1645254360497 3 11.854956999999999 0 981175 0.31629999999999997 0.00043023255813956496
1645254364627 3 11.847926000000001 0 939007 0.30310000000000004 0.00043023255813956496
1645254368940 3 11.587261999999996 0 841370 0.2713 0.00043023255813956496
1645254372606 3 11.828168000000005 0 947658 0.3053 0.00043023255813956496
1645254376894 3 11.567853999999997 0 828958 0.2672 0.00043023255813956496
1645254383019 3 9.319255999999996 0 977791 0.6021 0.00043023255813956496
1645254384788 1 11.800325999999998 0 317452 0.1068 0.00043023255813956496
1645254388552 3 11.786596000000003 0 978032 0.3154 0.000174418604651283
1645254392666 3 11.781289000000001 0 934237 0.3015 0.00043023255813956496
1645254396635 3 11.768971000000008 0 889600 0.2868 0.00043023255813956496
1645254400925 3 11.511008000000004 0 988774 0.31880000000000003 0.00043023255813956496
1645254404636 3 11.756439 0 808061 0.2609 0.00043023255813956496
1645254408950 3 11.499775 0 995677 0.3207 0.00043023255813956496
1645254412533 3 11.985244000000009 0 924757 0.2983 0.00043023255813956496
1645254416737 3 11.734766000000008 0 808228 0.2606 0.00043023255813956496
1645254420599 3 11.923896999999997 0 1014212 0.3267 0.00043023255813956496
1645254426168 3 10.170907999999997 0 845218 0.5466 0.00043023255813956496
1645254428605 1 11.963757000000015 0 374730 0.1244 0.00043023255813956496
1645254432638 3 11.945539999999994 0 901777 0.2926 0.000174418604651283
1645254436857 3 11.684056999999996 0 967347 0.3115 0.00043023255813956496
1645254440473 3 11.920362000000011 0 935273 0.3014 0.00043023255813956496
1645254444537 3 11.912329999999997 0 916928 0.2956 0.00043023255813956496
1645254448669 3 11.898388000000011 0 940743 0.3033 0.00043023255813956496
1645254452617 3 11.889790000000005 0 877888 0.2833 0.00043023255813956496
1645254458277 3 10.06271000000001 0 839766 0.5556 0.00043023255813956496
1645254460749 1 11.624111 0 383127 0.1275 0.00043023255813956496
1645254464476 3 11.865007999999989 0 958353 0.3114 0.000174418604651283
1645254468774 3 11.60592600000001 0 836268 0.2693 0.00043023255813956496
1645254472500 3 11.848945000000015 0 968967 0.3128 0.00043023255813956496
1645254476763 3 11.59259800000001 0 825839 0.2667 0.00043023255813956496
1645254481001 3 11.585853000000014 0 974212 0.31389999999999996 0.00043023255813956496
1645254484899 3 11.57388499999999 0 867483 0.2797 0.00043023255813956496
1645254488685 3 11.813565000000011 0 987232 0.3186 0.00043023255813956496
1645254494534 3 9.829554000000002 0 921956 0.5735 0.00043023255813956496
1645254496946 1 11.546886999999998 0 365827 0.1216 0.00043023255813956496
1645254500665 3 11.790973000000008 0 958215 0.3106 0.000174418604651283
1645254504953 3 11.532099000000017 0 832934 0.26880000000000004 0.00043023255813956496
1645254508815 3 11.774129000000016 0 1005593 0.3242 0.00043023255813956496
1645254512957 3 11.512868999999995 0 935985 0.30179999999999996 0.00043023255813956496
1645254516652 3 11.758494000000013 0 802415 0.2595 0.00043023255813956496
1645254520989 3 11.501256000000012 0 999009 0.3231 0.00043023255813956496
1645254526728 3 9.636865999999998 0 869418 0.5635 0.00043023255813956496
1645254528662 1 11.73433700000001 0 371149 0.1233 0.00043023255813956496
1645254532858 3 11.726864000000006 0 960141 0.309 0.000174418604651283
1645254536903 3 11.66596899999999 0 914618 0.2948 0.00043023255813956496
1645254540619 3 11.908312999999993 0 949031 0.3063 0.00043023255813956496
1645254544687 3 11.897410000000008 0 919929 0.2972 0.00043023255813956496
1645254548784 3 11.63427999999999 0 930570 0.2999 0.00043023255813956496
1645254552764 3 11.627093000000002 0 894188 0.2874 0.00043023255813956496
1645254556568 3 11.870092 0 835562 0.2699 0.00043023255813956496
1645254562695 3 9.671697999999992 0 986170 0.6024 0.00043023255813956496
1645254564744 1 11.860118999999997 0 407465 0.1351 0.00043023255813956496
1645254568550 3 11.844786 0 837688 0.2703 0.000174418604651283
1645254572799 3 11.582366999999977 0 972932 0.3142 0.00043023255813956496
1645254577016 3 11.575972999999976 0 807690 0.26030000000000003 0.00043023255813956496
1645254580743 3 11.814240999999981 0 968173 0.3126 0.00043023255813956496
1645254584668 3 11.81041700000003 0 872734 0.2817 0.00043023255813956496
1645254588973 3 11.550501999999994 0 991679 0.3198 0.00043023255813956496
1645254594513 3 9.85163799999998 0 930061 0.5425 0.00043023255813956496
1645254596948 1 11.53273200000001 0 363813 0.1214 0.00043023255813956496
1645254600693 3 11.778402000000028 0 968599 0.3137 0.000174418604651283
1645254605072 3 11.519691000000023 0 848189 0.2734 0.00043023255813956496
1645254608863 3 11.513940999999988 0 989262 0.31880000000000003 0.00043023255813956496
1645254612973 3 11.501266999999984 0 929927 0.2998 0.00043023255813956496
1645254616813 3 11.746667000000002 0 845977 0.2738 0.00043023255813956496
1645254620674 3 11.732785999999976 0 1009703 0.3255 0.00043023255813956496
1645254624562 3 11.97400399999998 0 861836 0.27749999999999997 0.00043023255813956496

