1645237956219 1 3.999999 5788 346799 0.5671999999999999 -24.888399999999997
1645237959888 0 4.323741999999999 0 213385 0.3459 0.00017441860465117198
1645237962310 0 5.899948000000001 0 141806 0.23149999999999998 0.00006976744186043549
1645237964256 0 7.955072000000001 0 112578 0.184 0.00006976744186043549
1645237965664 0 10.546627999999998 0 80671 0.1306 0.00006976744186043549
1645237968865 0 11.510378999999999 0 68729 0.10900000000000001 0.00006976744186043549
1645237972707 0 11.504244999999997 0 137895 0.2238 0.00006976744186043549
1645237976691 0 11.750858999999998 0 114138 0.1863 0.00006976744186043549
1645237980344 0 11.995846000000004 0 126013 0.205 0.00006976744186043549
1645237984482 0 11.740416000000003 0 217236 0.354 0.00006976744186043549
1645237988667 0 11.719597 0 219398 0.3567 0.00006976744186043549
1645237992653 0 11.720267 0 177648 0.2875 0.00006976744186043549
1645237996487 0 11.960317000000003 0 166856 0.27149999999999996 0.00006976744186043549
1645238000252 0 11.957463000000004 0 223685 0.3648 0.00006976744186043549
1645238004712 0 11.696785000000006 0 206455 0.33540000000000003 0.00006976744186043549
1645238008327 0 11.937276000000004 0 121534 0.19970000000000002 0.00006976744186043549
1645238012629 0 11.677508000000003 0 105092 0.1703 0.00006976744186043549
1645238016753 0 11.67109 0 63086 0.101 0.00006976744186043549
1645238020780 0 11.659653000000006 0 87739 0.1411 0.00006976744186043549
1645238024359 0 11.903326000000007 0 152905 0.2474 0.00006976744186043549
1645238028606 0 11.640749999999997 0 100587 0.1625 0.00006976744186043549
1645238032747 0 11.633066 0 186001 0.3035 0.00006976744186043549
1645238036642 0 11.625062999999997 0 201620 0.3275 0.00006976744186043549
1645238040321 0 11.889213999999996 0 218012 0.3567 0.00006976744186043549
1645238044452 0 11.856923000000009 0 123058 0.2022 0.00006976744186043549
1645238048802 0 11.593006000000003 0 198856 0.32480000000000003 0.00006976744186043549
1645238052575 0 11.635474000000002 0 223061 0.36469999999999997 0.00006976744186043549
1645238056518 0 11.821622000000005 0 143385 0.23420000000000002 0.00006976744186043549
1645238060510 0 11.813321000000002 0 117021 0.1891 0.00006976744186043549
1645238064478 0 11.805987000000002 0 83595 0.1357 0.00006976744186043549
1645238068700 0 11.533830000000009 0 68011 0.11200000000000002 0.00006976744186043549
1645238072494 0 11.777828999999997 0 134264 0.2183 0.00006976744186043549
1645238076455 0 11.770244000000005 0 113722 0.1836 0.00006976744186043549
1645238080528 0 11.763649000000001 0 122694 0.1968 0.00006976744186043549
1645238084649 0 11.757217999999995 0 215146 0.3516 0.00006976744186043549
1645238088244 0 11.965378000000015 0 213339 0.3488 0.00006976744186043549
1645238092254 0 11.990189000000015 0 176949 0.29 0.00006976744186043549
1645238096455 0 11.981088999999997 0 158356 0.2582 0.00006976744186043549
1645238100651 0 11.719550999999996 0 219852 0.35960000000000003 0.00006976744186043549
1645238104481 0 11.960785000000016 0 196864 0.3223 0.00006976744186043549
1645238108487 0 11.956486000000012 0 116610 0.1889 0.00006976744186043549
1645238112346 0 11.945403999999996 0 107223 0.1757 0.00006976744186043549
1645238116498 0 11.940618999999998 0 64332 0.1041 0.00006976744186043549
1645238120549 0 11.68192400000001 0 88753 0.1441 0.00006976744186043549
1645238124651 0 11.675215000000009 0 153489 0.2502 0.00006976744186043549
1645238128401 0 11.910865000000001 0 101805 0.16499999999999998 0.00006976744186043549
1645238132539 0 11.90517299999999 0 186822 0.3035 0.00006976744186043549
1645238136432 0 11.898325 0 200149 0.32730000000000004 0.00006976744186043549
1645238140530 0 11.893959999999993 0 215305 0.3488 0.00006976744186043549
1645238144748 0 11.630195000000015 0 128759 0.21030000000000001 0.00006976744186043549
1645238148597 0 11.621822000000009 0 199367 0.32480000000000003 0.00006976744186043549
1645238152305 0 11.904032999999998 0 220759 0.3589 0.00006976744186043549
1645238156361 0 11.848243999999994 0 149511 0.2446 0.00006976744186043549
1645238160404 0 11.841620000000006 0 118879 0.19419999999999998 0.00006976744186043549
1645238164425 0 11.833666999999991 0 85418 0.1412 0.00006976744186043549
1645238168622 0 11.826996000000008 0 68807 0.10900000000000001 0.00006976744186043549
1645238172893 0 11.565044 0 132565 0.2156 0.00006976744186043549
1645238176410 0 11.799612999999994 0 117262 0.1917 0.00006976744186043549
1645238180899 0 11.538689000000005 0 116418 0.1889 0.00006976744186043549
1645238184655 0 11.554496999999998 0 223024 0.36469999999999997 0.00006976744186043549
1645238188249 0 11.961005999999998 0 214538 0.3487 0.00006976744186043549
1645238192756 0 11.516806000000003 0 178191 0.29009999999999997 0.00006976744186043549
1645238196463 0 11.762631999999996 0 161454 0.26070000000000004 0.00006976744186043549
1645238200543 0 11.756126999999992 0 212225 0.3462 0.00006976744186043549
1645238204351 0 11.999353000000013 0 195858 0.31930000000000003 0.00006976744186043549
1645238208408 0 11.993799999999993 0 119665 0.1943 0.00006976744186043549
1645238212295 0 11.984739999999988 0 108667 0.1783 0.00006976744186043549
1645238216441 0 11.97792400000003 0 64782 0.10389999999999999 0.00006976744186043549
1645238220493 0 11.72088100000002 0 87523 0.1439 0.00006976744186043549
1645238224627 0 11.714809000000002 0 155607 0.2529 0.00006976744186043549
1645238228349 0 11.94078300000001 0 100404 0.1623 0.00006976744186043549
1645238232435 0 11.931997000000024 0 183614 0.2981 0.00006976744186043549
1645238236776 0 11.667207000000019 0 197686 0.3222 0.00006976744186043549
1645238240439 0 11.771955999999989 0 217520 0.354 0.00006976744186043549
1645238244697 0 11.640509000000009 0 132353 0.21549999999999997 0.00006976744186043549
1645238248554 0 11.882155000000012 0 199853 0.32480000000000003 0.00006976744186043549
1645238252308 0 11.902659000000028 0 225614 0.3646 0.00006976744186043549
1645238256369 0 11.871087999999986 0 150477 0.2448 0.00006976744186043549
1645238260413 0 11.861201999999992 0 117995 0.1918 0.00006976744186043549
1645238264398 0 11.85521 0 86503 0.1383 0.00006976744186043549
1645238268603 0 11.845207000000016 0 67335 0.1091 0.00006976744186043549
1645238272872 0 11.577936000000022 0 132169 0.21549999999999997 0.00006976744186043549
1645238276417 0 11.823841000000016 0 118800 0.1945 0.00006976744186043549
1645238280401 0 11.817258999999979 0 116618 0.1887 0.00006976744186043549

