1645231199701 1 3.999999 3665 346799 0.35350000000000004 -15.7595
1645231202642 0 5.074510999999999 0 213385 0.21760000000000002 0.00017441860465117198
1645231204225 0 7.4907200000000005 0 141806 0.14550000000000002 0.00006976744186043549
1645231205489 0 10.227894000000001 0 112578 0.1152 0.00006976744186043549
1645231207941 0 11.925026999999998 0 80671 0.08159999999999999 0.00006976744186043549
1645231212288 0 11.671320999999999 0 68729 0.0701 0.00006976744186043549
1645231216315 0 11.648623 0 137895 0.14079999999999998 0.00006976744186043549
1645231220121 0 11.611304 0 114138 0.1186 0.00006976744186043549
1645231224074 0 11.852260000000001 0 126013 0.12789999999999999 0.00006976744186043549
1645231228152 1 11.596822000000003 0 337705 0.3456 0.000069767441860491
1645231232036 1 11.681509000000005 0 366374 0.3758 0.00017441860465117198
1645231235762 1 11.953363000000003 0 352030 0.36 0.00017441860465117198
1645231240181 1 11.568361000000003 0 371605 0.3792 0.00017441860465117198
1645231244278 1 11.438819000000002 0 385670 0.395 0.00017441860465117198
1645231248244 1 11.472691000000005 0 374050 0.38239999999999996 0.00017441860465117198
1645231252130 1 11.586480000000002 0 367058 0.3759 0.00017441860465117198
1645231256130 1 11.585479 0 377983 0.3869 0.00017441860465117198
1645231260105 1 11.789148000000004 0 326924 0.3342 0.00017441860465117198
1645231264213 1 11.503713000000005 0 388939 0.3967 0.00017441860465117198
1645231268374 1 11.34517600000001 0 392939 0.4032 0.00017441860465117198
1645231272211 1 11.505438999999996 0 362131 0.3709 0.00017441860465117198
1645231276453 1 11.265085999999997 0 402712 0.4124 0.00017441860465117198
1645231279957 1 11.758691999999996 0 327400 0.3361 0.00017441860465117198
1645231284196 1 11.520629 0 401133 0.41130000000000005 0.00017441860465117198
1645231288087 1 11.710701999999998 0 317452 0.3245 0.00017441860465117198
1645231292227 1 11.488638000000009 0 391753 0.4016 0.00017441860465117198
1645231296306 1 11.409642000000005 0 384934 0.3949 0.00017441860465117198
1645231300193 1 11.522275000000008 0 367179 0.3758 0.00017441860465117198
1645231304308 1 11.408121000000008 0 387965 0.398 0.00017441860465117198
1645231307858 1 11.857158999999996 0 333821 0.3424 0.00017441860465117198
1645231312036 1 11.679859000000008 0 394452 0.40469999999999995 0.00017441860465117198
1645231316355 1 11.360709999999997 0 409513 0.4192 0.00017441860465117198
1645231320136 1 11.630314999999996 0 307174 0.3153 0.00017441860465117198
1645231324563 1 11.152555000000007 0 420407 0.4303 0.00017441860465117198
1645231328177 1 11.538116000000002 0 340231 0.3486 0.00017441860465117198
1645231332146 1 11.569476000000009 0 374730 0.3841 0.00017441860465117198
1645231335889 1 11.826476000000014 0 353022 0.3614 0.00017441860465117198
1645231340052 1 11.664450000000016 0 393253 0.40330000000000005 0.00017441860465117198
1645231343957 1 11.75954200000001 0 368813 0.3774 0.00017441860465117198
1645231347969 1 11.747555000000006 0 372578 0.3822 0.00017441860465117198
1645231351940 1 11.776662000000016 0 374507 0.384 0.00017441860465117198
1645231355889 1 11.825886999999994 0 372824 0.3822 0.00017441860465117198
1645231360365 1 11.528669000000008 0 326437 0.3344 0.00017441860465117198
1645231364406 1 11.310717000000011 0 383127 0.3919 0.00017441860465117198
1645231368643 1 11.072876000000008 0 400632 0.4096 0.00017441860465117198
1645231372274 1 11.442012000000005 0 342596 0.3503 0.00017441860465117198
1645231376596 1 11.12100799999999 0 407655 0.41740000000000005 0.00017441860465117198
1645231380178 1 11.537597000000005 0 337450 0.3456 0.00017441860465117198
1645231384452 1 11.263708000000008 0 404220 0.41459999999999997 0.00017441860465117198
1645231387905 0 11.967093000000006 0 128759 0.1312 0.00017441860465117198
1645231392066 0 11.705478999999997 0 199367 0.20299999999999999 0.00006976744186043549
1645231395938 0 11.947262999999992 0 220759 0.2257 0.00006976744186043549
1645231400086 0 11.688084000000003 0 149511 0.1518 0.00006976744186043549
1645231403927 0 11.931056000000012 0 118879 0.1214 0.00006976744186043549
1645231407933 0 11.92525599999999 0 85418 0.0879 0.00006976744186043549
1645231412261 0 11.665497000000016 0 68807 0.0703 0.00006976744186043549
1645231416248 0 11.658507000000014 0 132565 0.1359 0.00006976744186043549
1645231420055 0 11.896724000000006 0 117262 0.12 0.00006976744186043549
1645231423868 0 11.87222700000001 0 116418 0.11850000000000001 0.00006976744186043549
1645231428291 0 11.612094000000013 0 223024 0.2285 0.00006976744186043549
1645231432109 0 11.852021000000008 0 214538 0.219 0.00006976744186043549
1645231436054 0 11.828824999999995 0 178191 0.1824 0.00006976744186043549
1645231440313 0 11.565274000000016 0 161454 0.16499999999999998 0.00006976744186043549
1645231444109 0 11.806607000000014 0 212225 0.21749999999999997 0.00006976744186043549
1645231448242 0 11.550599000000005 0 195858 0.19990000000000002 0.00006976744186043549
1645231452105 0 11.791973000000013 0 119665 0.1216 0.00006976744186043549
1645231456329 0 11.532257000000016 0 108667 0.1103 0.00006976744186043549
1645231460107 0 11.776370999999983 0 64782 0.0654 0.00006976744186043549
1645231464123 0 11.767439000000024 0 87523 0.0897 0.00006976744186043549
1645231468342 0 11.512497999999994 0 155607 0.1584 0.00006976744186043549
1645231471990 0 11.754746000000011 0 100404 0.10200000000000001 0.00006976744186043549
1645231476002 0 11.743182999999988 0 183614 0.1885 0.00006976744186043549
1645231480149 0 11.737873999999977 0 197686 0.2017 0.00006976744186043549
1645231483999 0 11.730286999999976 0 217520 0.2225 0.00006976744186043549
1645231487975 0 11.967008000000021 0 132353 0.1356 0.00006976744186043549
1645231492129 0 11.712470999999994 0 199853 0.20459999999999998 0.00006976744186043549
1645231496047 0 11.704429000000005 0 225614 0.2304 0.00006976744186043549
1645231500235 0 11.699003000000005 0 150477 0.1553 0.00006976744186043549
1645231504059 0 11.692007999999987 0 117995 0.12 0.00006976744186043549
1645231508061 0 11.684752000000003 0 86503 0.088 0.00006976744186043549
1645231511849 0 11.926855999999987 0 67335 0.067 0.00006976744186043549
1645231515829 0 11.922039999999981 0 132169 0.1357 0.00006976744186043549
1645231520170 0 11.666319999999985 0 118800 0.1216 0.00006976744186043549

