1645232938353 1 3.999999 938 346799 0.0829 -4.033399999999999
1645232939098 0 7.280943 0 213385 0.0513 0.00017441860465117198
1645232939541 0 10.835233 0 141806 0.034100000000000005 0.00006976744186043549
1645232942911 0 11.705850000000002 0 112578 0.026600000000000002 0.00006976744186043549
1645232946778 0 11.698072999999999 0 80671 0.0262 0.00006976744186043549
1645232950625 0 11.942948 0 68729 0.023899999999999998 0.00006976744186043549
1645232954625 0 11.936322999999998 0 137895 0.039400000000000004 0.00006976744186043549
1645232958566 0 11.92867 0 114138 0.033800000000000004 0.00006976744186043549
1645232962534 0 11.921945000000001 0 126013 0.036699999999999997 0.00006976744186043549
1645232966720 0 11.665013000000002 0 217236 0.0586 0.00006976744186043549
1645232970908 0 11.654810000000005 0 219398 0.058899999999999994 0.00006976744186043549
1645232974996 0 11.611964 0 177648 0.048799999999999996 0.00006976744186043549
1645232978565 0 11.852148 0 166856 0.046200000000000005 0.00006976744186043549
1645232982763 0 11.843075000000006 0 223685 0.0601 0.00006976744186043549
1645232986925 0 11.585388000000002 0 206455 0.05550000000000001 0.00006976744186043549
1645232990889 0 11.578757000000003 0 121534 0.036199999999999996 0.00006976744186043549
1645232994799 0 11.823931000000002 0 105092 0.0317 0.00006976744186043549
1645232998629 0 11.804765000000003 0 63086 0.0218 0.00006976744186043549
1645233003011 0 11.546965 0 87739 0.027800000000000002 0.00006976744186043549
1645233006605 0 11.789074999999997 0 152905 0.046700000000000005 0.00006976744186043549
1645233011019 0 11.532402000000005 0 100587 0.030699999999999998 0.00006976744186043549
1645233014634 0 11.771758000000005 0 186001 0.0516 0.00006976744186043549
1645233018785 0 11.76368500000001 0 201620 0.055200000000000006 0.00006976744186043549
1645233022977 0 11.503582000000009 0 218012 0.058699999999999995 0.00006976744186043549
1645233026439 0 11.988822999999996 0 123058 0.036 0.00006976744186043549
1645233030583 0 11.980462000000003 0 198856 0.053500000000000006 0.00006976744186043549
1645233034899 0 11.714358000000004 0 223061 0.0602 0.00006976744186043549
1645233038908 0 11.707507000000007 0 143385 0.0409 0.00006976744186043549
1645233042856 0 11.698985000000008 0 117021 0.0349 0.00006976744186043549
1645233046722 0 11.688546000000002 0 83595 0.0264 0.00006976744186043549
1645233050557 0 11.93068000000001 0 68011 0.0233 0.00006976744186043549
1645233054547 0 11.923437000000007 0 134264 0.038400000000000004 0.00006976744186043549
1645233058494 0 11.915042 0 113722 0.0346 0.00006976744186043549
1645233062956 0 11.657421 0 122694 0.0359 0.00006976744186043549
1645233066646 0 11.898412000000008 0 215146 0.058899999999999994 0.00006976744186043549
1645233070826 0 11.642635000000013 0 213339 0.058199999999999995 0.00006976744186043549
1645233074923 0 11.635224999999991 0 176949 0.048799999999999996 0.00006976744186043549
1645233078962 0 11.625436000000008 0 158356 0.0445 0.00006976744186043549
1645233082655 0 11.867978999999991 0 219852 0.059699999999999996 0.00006976744186043549
1645233086801 0 11.60788199999999 0 196864 0.054000000000000006 0.00006976744186043549
1645233090744 0 11.85176899999999 0 116610 0.0346 0.00006976744186043549
1645233094672 0 11.843184000000008 0 107223 0.0327 0.00006976744186043549
1645233099001 0 11.584283 0 64332 0.0225 0.00006976744186043549
1645233102878 0 11.57352800000001 0 88753 0.028100000000000003 0.00006976744186043549
1645233106916 0 11.569548999999995 0 153489 0.0438 0.00006976744186043549
1645233110818 0 11.564785 0 101805 0.0309 0.00006976744186043549
1645233114933 0 11.55746400000001 0 186822 0.051500000000000004 0.00006976744186043549
1645233118590 0 11.803934999999996 0 200149 0.055700000000000006 0.00006976744186043549
1645233122767 0 11.798696000000007 0 215305 0.058199999999999995 0.00006976744186043549
1645233126740 0 11.78889000000001 0 128759 0.0379 0.00006976744186043549
1645233130893 0 11.53545600000001 0 199367 0.055200000000000006 0.00006976744186043549
1645233135086 0 11.528040000000004 0 220759 0.059199999999999996 0.00006976744186043549
1645233138617 0 11.769927999999993 0 149511 0.0424 0.00006976744186043549
1645233143088 0 11.511536000000007 0 118879 0.0359 0.00006976744186043549
1645233146964 0 11.503108999999995 0 85418 0.0273 0.00006976744186043549
1645233150801 0 11.741816 0 68807 0.023 0.00006976744186043549
1645233154790 0 11.736547000000002 0 132565 0.038900000000000004 0.00006976744186043549
1645233158754 0 11.730467000000004 0 117262 0.0354 0.00006976744186043549
1645233162701 0 11.720564999999993 0 116418 0.0346 0.00006976744186043549
1645233166903 0 11.716280000000012 0 223024 0.0602 0.00006976744186043549
1645233170590 0 11.956807999999995 0 214538 0.0586 0.00006976744186043549
1645233174682 0 11.941093999999993 0 178191 0.0489 0.00006976744186043549
1645233178735 0 11.681967000000014 0 161454 0.0451 0.00006976744186043549
1645233182930 0 11.672437000000002 0 212225 0.057499999999999996 0.00006976744186043549
1645233186563 0 11.907464000000004 0 195858 0.053500000000000006 0.00006976744186043549
1645233190522 0 11.904548000000005 0 119665 0.0356 0.00006976744186043549
1645233194956 0 11.645102000000009 0 108667 0.033 0.00006976744186043549
1645233198789 0 11.639499999999998 0 64782 0.0224 0.00006976744186043549
1645233202665 0 11.886139000000014 0 87523 0.0274 0.00006976744186043549
1645233206703 0 11.87499200000002 0 155607 0.044 0.00006976744186043549
1645233210607 0 11.87036599999999 0 100404 0.0305 0.00006976744186043549
1645233214711 0 11.860077999999987 0 183614 0.0504 0.00006976744186043549
1645233218849 0 11.60426000000001 0 197686 0.0541 0.00006976744186043549
1645233223032 0 11.591161 0 217520 0.058399999999999994 0.00006976744186043549
1645233227015 0 11.587938000000008 0 132353 0.0381 0.00006976744186043549
1645233230663 0 11.83237600000001 0 199853 0.0543 0.00006976744186043549
1645233234869 0 11.574761000000024 0 225614 0.061 0.00006976744186043549
1645233238892 0 11.56997100000001 0 150477 0.0423 0.00006976744186043549
1645233242832 0 11.562099999999987 0 117995 0.034499999999999996 0.00006976744186043549
1645233246705 0 11.806099000000017 0 86503 0.0273 0.00006976744186043549
1645233251032 0 11.548734000000024 0 67335 0.022600000000000002 0.00006976744186043549
1645233255006 0 11.542252000000019 0 132169 0.0377 0.00006976744186043549
1645233258951 0 11.537217999999996 0 118800 0.034999999999999996 0.00006976744186043549
1645233262900 0 11.531378000000018 0 116618 0.034499999999999996 0.00006976744186043549
1645233267099 0 11.525494999999978 0 222296 0.0598 0.00006976744186043549

