1645229776104 1 3.999999 1831 346799 0.1729 -7.8732999999999995
1645229780085 3 4.322469 291 755039 0.37639999999999996 -1.2511255813953486
1645229784350 3 4.3585590000000005 308 835161 0.4157 -1.3239697674418602
1645229789016 3 4.397672 694 908792 0.453 -2.9837697674418604
1645229793149 3 4.334672999999999 78 804438 0.4 -0.33496976744186036
1645229797378 3 4.400333 297 828659 0.41200000000000003 -1.2766697674418603
1645229803905 3 4.437766 2566 937332 0.6409 -11.03336976744186
1645229805648 1 6.703823 0 303135 0.153 0.00043023255813956496
1645229810858 3 5.4826450000000015 0 1025687 0.5094000000000001 0.000174418604651283
1645229815036 3 5.305340000000001 0 815426 0.4062 0.00043023255813956496
1645229819548 3 4.798995000000005 0 884625 0.4399 0.00043023255813956496
1645229824169 3 4.443972000000002 271 904952 0.4513 -1.1648697674418604
1645229829029 3 4.462296000000002 879 954418 0.4758 -3.77926976744186
1645229833671 3 4.326545000000003 506 910446 0.4535 -2.17536976744186
1645229838370 3 4.3260740000000055 702 922454 0.45940000000000003 -3.01816976744186
1645229843170 3 4.265436000000001 740 942842 0.4699 -3.1815697674418604
1645229849097 3 4.490137000000004 2154 884128 0.5812 -9.261769767441859
1645229850944 1 6.644835999999998 0 326924 0.1641 0.00043023255813956496
1645229855945 3 5.646594000000007 0 981175 0.48860000000000003 0.000174418604651283
1645229860733 3 4.8660679999999985 0 939007 0.4669 0.00043023255813956496
1645229865029 3 4.5593159999999955 0 841370 0.4181 0.00043023255813956496
1645229869841 3 4.320587000000003 574 947658 0.4711 -2.4677697674418604
1645229874075 3 4.386837999999997 302 828958 0.4123 -1.2981697674418604
1645229879049 3 4.429011000000003 1020 977791 0.4873 -4.3855697674418606
1645229883380 3 4.437475000000006 333 847215 0.4218 -1.4314697674418604
1645229888347 3 4.259102999999996 796 978032 0.4867 -3.42236976744186
1645229893098 3 4.293272999999999 787 934237 0.46529999999999994 -3.3836697674418605
1645229898582 3 4.3247810000000015 1514 889600 0.5386 -6.50976976744186
1645229903731 3 4.3278899999999965 1148 988774 0.4944 -4.93596976744186
1645229907865 3 4.463065 273 808061 0.4018 -1.1734697674418604
1645229912934 3 4.475498000000002 1081 995677 0.49560000000000004 -4.64786976744186
1645229917644 3 4.294888999999998 532 924757 0.45949999999999996 -2.2871697674418603
1645229921778 3 4.319344000000001 151 808228 0.40199999999999997 -0.6488697674418604
1645229928209 3 4.4618910000000085 2579 1014212 0.6321 -11.08926976744186
1645229932635 3 4.280562000000003 246 845218 0.4227 -1.0573697674418603
1645229937287 3 4.250056000000001 621 910767 0.4526 -2.66986976744186
1645229941880 3 4.360363000000007 706 901777 0.44820000000000004 -3.03536976744186
1645229946801 3 4.29350500000001 852 967347 0.48109999999999997 -3.66316976744186
1645229952991 3 4.386380000000003 2288 935273 0.6083000000000001 -9.83796976744186
1645229955074 1 6.304334000000011 0 372578 0.18660000000000002 0.00043023255813956496
1645229959865 3 5.513583000000011 0 940743 0.4683 0.000174418604651283
1645229964349 3 5.029637000000008 0 877888 0.4378 0.00043023255813956496
1645229968632 3 4.746820000000014 0 839766 0.41740000000000005 0.00043023255813956496
1645229973597 3 4.383667000000003 603 976062 0.4866 -2.5924697674418606
1645229978482 3 4.479541000000012 979 958353 0.4782 -4.20926976744186
1645229982753 3 4.444435999999996 236 836268 0.41689999999999994 -1.0143697674418604
1645229987681 3 4.422168999999997 907 968967 0.4824 -3.8996697674418606
1645229991892 3 4.318911000000014 109 825839 0.41079999999999994 -0.46826976744186055
1645229996840 3 4.4193050000000085 1047 974212 0.4845 -4.50166976744186
1645230001269 3 4.448351000000002 456 867483 0.4312 -1.9603697674418603
1645230007268 3 4.397379000000001 1950 987232 0.5896 -8.38456976744186
1645230012080 3 4.335060999999996 746 921956 0.45999999999999996 -3.20736976744186
1645230016743 3 4.323796000000016 657 913803 0.45410000000000006 -2.8246697674418604
1645230021609 3 4.468917000000005 1012 958215 0.47569999999999996 -4.35116976744186
1645230025850 3 4.469730999999996 243 832934 0.4136 -1.0444697674418604
1645230030957 3 4.44896700000001 1084 1005593 0.5005 -4.6607697674418604
1645230035829 3 4.272886999999997 699 935985 0.46820000000000006 -3.0052697674418605
1645230039925 3 4.463510000000014 286 802415 0.399 -1.2293697674418604
1645230045004 3 4.4938649999999996 1109 999009 0.4967 -4.76826976744186
1645230049425 3 4.340939999999989 267 869418 0.4314 -1.1476697674418603
1645230054013 3 4.351744999999994 593 897686 0.4474 -2.5494697674418605
1645230058908 3 4.434594000000004 984 960141 0.4787 -4.23076976744186
1645230063559 3 4.4127790000000005 629 914618 0.4547 -2.7042697674418603
1645230068391 3 4.28216900000001 701 949031 0.4729 -3.01386976744186
1645230073073 3 4.474847000000011 876 919929 0.45759999999999995 -3.7663697674418604
1645230077806 3 4.3408979999999815 599 930570 0.4626 -2.5752697674418603
1645230082357 3 4.428553000000022 642 894188 0.445 -2.76016976744186
1645230086617 3 4.309039999999982 137 835562 0.4157 -0.5886697674418606
1645230091628 3 4.435525999999982 1142 986170 0.4909 -4.91016976744186
1645230096707 3 4.318548000000021 958 955812 0.47729999999999995 -4.11896976744186
1645230100971 3 4.261869999999988 213 837688 0.4159 -0.9154697674418604

