1645230125433 1 3.999999 3464 346799 0.3344 -14.895199999999999
1645230127722 0 5.725263999999999 0 213385 0.207 0.00017441860465117198
1645230129201 0 8.244572000000002 0 141806 0.13740000000000002 0.00006976744186043549
1645230130373 0 11.074555 0 112578 0.10800000000000001 0.00006976744186043549
1645230133768 0 11.686568999999999 0 80671 0.078 0.00006976744186043549
1645230137532 0 11.928937 0 68729 0.06570000000000001 0.00006976744186043549
1645230141973 0 11.67342 0 137895 0.13340000000000002 0.00006976744186043549
1645230145686 0 11.917514999999998 0 114138 0.11100000000000002 0.00006976744186043549
1645230150005 0 11.653745000000004 0 126013 0.1216 0.00006976744186043549
1645230153716 0 11.896485000000002 0 217236 0.2097 0.00006976744186043549
1645230157935 0 11.638409000000003 0 219398 0.21139999999999998 0.00006976744186043549
1645230161749 0 11.875632000000003 0 177648 0.17099999999999999 0.00006976744186043549
1645230165954 0 11.616726 0 166856 0.1605 0.00006976744186043549
1645230169719 0 11.858674 0 223685 0.21600000000000003 0.00006976744186043549
1645230173822 0 11.847482 0 206455 0.1995 0.00006976744186043549
1645230178097 0 11.589604000000001 0 121534 0.11699999999999999 0.00006976744186043549
1645230181703 0 11.830141000000005 0 105092 0.10049999999999999 0.00006976744186043549
1645230185915 0 11.572510000000001 0 63086 0.06 0.00006976744186043549
1645230189870 0 11.816996000000003 0 87739 0.0838 0.00006976744186043549
1645230193949 0 11.558234999999996 0 152905 0.147 0.00006976744186043549
1645230198014 0 11.552598000000003 0 100587 0.0959 0.00006976744186043549
1645230201914 0 11.546142000000003 0 186001 0.18 0.00006976744186043549
1645230205970 0 11.533043000000006 0 201620 0.1948 0.00006976744186043549
1645230210166 0 11.521352000000007 0 218012 0.20990000000000003 0.00006976744186043549
1645230213953 0 11.512107 0 123058 0.11850000000000001 0.00006976744186043549
1645230217982 0 11.505854999999997 0 198856 0.1918 0.00006976744186043549
1645230221806 0 11.751325000000008 0 223061 0.21600000000000003 0.00006976744186043549
1645230225789 0 11.742207000000008 0 143385 0.13799999999999998 0.00006976744186043549
1645230229523 0 11.985745000000009 0 117021 0.1125 0.00006976744186043549
1645230233931 0 11.727576 0 83595 0.0795 0.00006976744186043549
1645230237708 0 11.967492000000007 0 68011 0.0661 0.00006976744186043549
1645230241597 0 11.962603000000001 0 134264 0.1291 0.00006976744186043549
1645230245803 0 11.701771000000008 0 113722 0.10940000000000001 0.00006976744186043549
1645230249574 0 11.943904000000003 0 122694 0.1165 0.00006976744186043549
1645230253741 0 11.93744000000001 0 215146 0.2069 0.00006976744186043549
1645230257900 0 11.677065999999996 0 213339 0.20579999999999998 0.00006976744186043549
1645230261705 0 11.916520999999989 0 176949 0.17099999999999999 0.00006976744186043549
1645230265837 0 11.657249000000007 0 158356 0.15289999999999998 0.00006976744186043549
1645230269573 0 11.89648600000001 0 219852 0.2129 0.00006976744186043549
1645230273588 0 11.891106000000008 0 196864 0.19039999999999999 0.00006976744186043549
1645230277800 0 11.880505 0 116610 0.11100000000000002 0.00006976744186043549
1645230281939 0 11.62336400000001 0 107223 0.1035 0.00006976744186043549
1645230285655 0 11.866750999999994 0 64332 0.0613 0.00006976744186043549
1645230289616 0 11.859048999999999 0 88753 0.0853 0.00006976744186043549
1645230293707 0 11.850470000000001 0 153489 0.1486 0.00006976744186043549
1645230297803 0 11.846438000000006 0 101805 0.098 0.00006976744186043549
1645230301727 0 11.835692999999992 0 186822 0.1812 0.00006976744186043549
1645230305748 0 11.83047400000001 0 200149 0.19219999999999998 0.00006976744186043549
1645230309915 0 11.572817000000015 0 215305 0.2068 0.00006976744186043549
1645230313770 0 11.816460000000006 0 128759 0.1246 0.00006976744186043549
1645230317793 0 11.809374999999989 0 199367 0.1921 0.00006976744186043549
1645230322021 0 11.547167000000002 0 220759 0.2124 0.00006976744186043549
1645230326066 0 11.539763999999991 0 149511 0.1441 0.00006976744186043549
1645230329813 0 11.779520999999988 0 118879 0.11399999999999999 0.00006976744186043549
1645230333746 0 11.770207 0 85418 0.08249999999999999 0.00006976744186043549
1645230338015 0 11.510154 0 68807 0.06620000000000001 0.00006976744186043549
1645230341905 0 11.75367 0 132565 0.1275 0.00006976744186043549
1645230345651 0 11.995429000000001 0 117262 0.1139 0.00006976744186043549
1645230349897 0 11.738832000000002 0 116418 0.11240000000000001 0.00006976744186043549
1645230353664 0 11.977638000000013 0 223024 0.21600000000000003 0.00006976744186043549
1645230357844 0 11.72027700000001 0 214538 0.2071 0.00006976744186043549
1645230361667 0 11.959938999999991 0 178191 0.17270000000000002 0.00006976744186043549
1645230365829 0 11.700760000000002 0 161454 0.15589999999999998 0.00006976744186043549
1645230369977 0 11.694917000000004 0 212225 0.20390000000000003 0.00006976744186043549
1645230373967 0 11.687487000000004 0 195858 0.1891 0.00006976744186043549
1645230377707 0 11.929574000000002 0 119665 0.11399999999999999 0.00006976744186043549
1645230381873 0 11.665577999999982 0 108667 0.1049 0.00006976744186043549
1645230385586 0 11.903855000000021 0 64782 0.0611 0.00006976744186043549
1645230390037 0 11.645713 0 87523 0.08349999999999999 0.00006976744186043549
1645230393643 0 11.890130999999997 0 155607 0.15 0.00006976744186043549
1645230397706 0 11.878667000000007 0 100404 0.096 0.00006976744186043549
1645230402082 0 11.615499 0 183614 0.1769 0.00006976744186043549
1645230406100 0 11.595568000000014 0 197686 0.1903 0.00006976744186043549
1645230409814 0 11.833250000000021 0 217520 0.21030000000000001 0.00006976744186043549
1645230413697 0 11.821616000000006 0 132353 0.1275 0.00006976744186043549
1645230417737 0 11.814980999999989 0 199853 0.1933 0.00006976744186043549
1645230422009 0 11.553383999999994 0 225614 0.21739999999999998 0.00006976744186043549
1645230426073 0 11.542185000000018 0 150477 0.14550000000000002 0.00006976744186043549
1645230429818 0 11.786440000000027 0 117995 0.1139 0.00006976744186043549
1645230433753 0 11.772722999999985 0 86503 0.0822 0.00006976744186043549
1645230438010 0 11.517025999999987 0 67335 0.06420000000000001 0.00006976744186043549
1645230441878 0 11.757897000000014 0 132169 0.12589999999999998 0.00006976744186043549
1645230445640 0 11.99780800000002 0 118800 0.11539999999999999 0.00006976744186043549
1645230449863 0 11.738515000000007 0 116618 0.1125 0.00006976744186043549

