1645245312068 1 3.999999 2282 346799 0.21810000000000002 -9.8126
1645245313620 0 6.469538 0 213385 0.1351 0.00017441860465117198
1645245314624 0 9.465961 0 141806 0.08990000000000001 0.00006976744186043549
1645245316428 0 11.790209 0 112578 0.071 0.00006976744186043549
1645245320544 0 11.785455999999998 0 80671 0.0506 0.00006976744186043549
1645245324583 0 11.51935 0 68729 0.042499999999999996 0.00006976744186043549
1645245328550 0 11.762113 0 137895 0.0863 0.00006976744186043549
1645245332364 0 11.752423999999998 0 114138 0.07139999999999999 0.00006976744186043549
1645245336263 0 11.991876000000001 0 126013 0.0795 0.00006976744186043549
1645245340246 0 11.987340000000003 0 217236 0.13779999999999998 0.00006976744186043549
1645245344221 0 11.983271000000002 0 219398 0.1373 0.00006976744186043549
1645245348431 0 11.723095 0 177648 0.1111 0.00006976744186043549
1645245352583 0 11.718975 0 166856 0.1052 0.00006976744186043549
1645245356589 0 11.711623000000003 0 223685 0.1406 0.00006976744186043549
1645245360498 0 11.705226000000003 0 206455 0.1299 0.00006976744186043549
1645245364364 0 11.945205000000001 0 121534 0.0766 0.00006976744186043549
1645245368620 0 11.687884000000004 0 105092 0.06520000000000001 0.00006976744186043549
1645245372609 0 11.681616000000005 0 63086 0.0391 0.00006976744186043549
1645245376252 0 11.912973000000008 0 87739 0.0546 0.00006976744186043549
1645245380324 0 11.907025000000004 0 152905 0.0955 0.00006976744186043549
1645245384564 0 11.651181000000008 0 100587 0.0631 0.00006976744186043549
1645245388326 0 11.895384000000007 0 186001 0.1165 0.00006976744186043549
1645245392204 0 11.886634 0 201620 0.1274 0.00006976744186043549
1645245396680 0 11.622860000000003 0 218012 0.137 0.00006976744186043549
1645245400555 0 11.614193 0 123058 0.0777 0.00006976744186043549
1645245404398 0 11.859847000000002 0 198856 0.124 0.00006976744186043549
1645245408428 0 11.853880000000004 0 223061 0.1406 0.00006976744186043549
1645245412443 0 11.844194000000002 0 143385 0.0908 0.00006976744186043549
1645245416281 0 11.835430000000002 0 117021 0.0736 0.00006976744186043549
1645245420417 0 11.82638200000001 0 83595 0.052700000000000004 0.00006976744186043549
1645245424451 0 11.820917000000009 0 68011 0.0433 0.00006976744186043549
1645245428398 0 11.813491999999997 0 134264 0.0842 0.00006976744186043549
1645245432716 0 11.558683000000002 0 113722 0.0718 0.00006976744186043549
1645245436581 0 11.549344000000005 0 122694 0.0765 0.00006976744186043549
1645245440539 0 11.793684000000013 0 215146 0.1358 0.00006976744186043549
1645245444481 0 11.787448000000012 0 213339 0.1339 0.00006976744186043549
1645245448697 0 11.529558000000009 0 176949 0.11100000000000002 0.00006976744186043549
1645245452792 0 11.518333000000013 0 158356 0.0995 0.00006976744186043549
1645245456785 0 11.511292999999995 0 219852 0.1387 0.00006976744186043549
1645245460631 0 11.502745000000004 0 196864 0.1244 0.00006976744186043549
1645245464460 0 11.743481000000003 0 116610 0.0727 0.00006976744186043549
1645245468234 0 11.987526000000003 0 107223 0.067 0.00006976744186043549
1645245472241 0 11.980872000000005 0 64332 0.0402 0.00006976744186043549
1645245476408 0 11.721641000000005 0 88753 0.05550000000000001 0.00006976744186043549
1645245480484 0 11.710678999999999 0 153489 0.0964 0.00006976744186043549
1645245484237 0 11.955337000000014 0 101805 0.0639 0.00006976744186043549
1645245488518 0 11.697100000000006 0 186822 0.1177 0.00006976744186043549
1645245492381 0 11.941902999999996 0 200149 0.1268 0.00006976744186043549
1645245496333 0 11.933408000000014 0 215305 0.1348 0.00006976744186043549
1645245500249 0 11.925635999999997 0 128759 0.08120000000000001 0.00006976744186043549
1645245504591 0 11.665010999999993 0 199367 0.12430000000000001 0.00006976744186043549
1645245508584 0 11.659734000000014 0 220759 0.13879999999999998 0.00006976744186043549
1645245512624 0 11.654470000000003 0 149511 0.0936 0.00006976744186043549
1645245516477 0 11.649291000000005 0 118879 0.0748 0.00006976744186043549
1645245520619 0 11.644977000000011 0 85418 0.053700000000000005 0.00006976744186043549
1645245524658 0 11.636696 0 68807 0.043 0.00006976744186043549
1645245528591 0 11.630403999999999 0 132565 0.0832 0.00006976744186043549
1645245532434 0 11.874243000000007 0 117262 0.0739 0.00006976744186043549
1645245536278 0 11.865711000000005 0 116418 0.0736 0.00006976744186043549
1645245540296 0 11.852354999999989 0 223024 0.1405 0.00006976744186043549
1645245544266 0 11.836014000000006 0 214538 0.1361 0.00006976744186043549
1645245548488 0 11.828357000000011 0 178191 0.1116 0.00006976744186043549
1645245552609 0 11.567476999999997 0 161454 0.1016 0.00006976744186043549
1645245556543 0 11.560665999999998 0 212225 0.133 0.00006976744186043549
1645245560363 0 11.802278999999999 0 195858 0.12250000000000001 0.00006976744186043549
1645245564720 0 11.545560999999992 0 119665 0.0744 0.00006976744186043549
1645245568510 0 11.788489000000027 0 108667 0.068 0.00006976744186043549
1645245572518 0 11.776792999999998 0 64782 0.0396 0.00006976744186043549
1645245576660 0 11.520129999999995 0 87523 0.054400000000000004 0.00006976744186043549
1645245580744 0 11.51099099999999 0 155607 0.0985 0.00006976744186043549
1645245584479 0 11.748604999999998 0 100404 0.0632 0.00006976744186043549
1645245588226 0 11.99387200000001 0 183614 0.1149 0.00006976744186043549
1645245592579 0 11.73233700000003 0 197686 0.12430000000000001 0.00006976744186043549
1645245596552 0 11.725842999999998 0 217520 0.1365 0.00006976744186043549
1645245600475 0 11.717681000000027 0 132353 0.0824 0.00006976744186043549
1645245604345 0 11.96178900000001 0 199853 0.1263 0.00006976744186043549
1645245608363 0 11.952744999999993 0 225614 0.1414 0.00006976744186043549
1645245612409 0 11.69759700000003 0 150477 0.09469999999999999 0.00006976744186043549
1645245616249 0 11.937539000000015 0 117995 0.0738 0.00006976744186043549
1645245620406 0 11.931128999999999 0 86503 0.0546 0.00006976744186043549
1645245624437 0 11.664332000000002 0 67335 0.0422 0.00006976744186043549
1645245628379 0 11.907247999999981 0 132169 0.0833 0.00006976744186043549
1645245632235 0 11.90199100000001 0 118800 0.0744 0.00006976744186043549
1645245636563 0 11.645603999999992 0 116618 0.0727 0.00006976744186043549

