1645256623723 1 3.999999 2955 346799 0.2841 -12.7065
1645256626813 1 4.9279399999999995 0 363755 0.2979 0.00017441860465117198
1645256629894 1 5.849334000000001 0 362842 0.2978 0.00017441860465117198
1645256633148 1 6.5965240000000005 0 384791 0.3145 0.00017441860465117198
1645256636027 1 7.7135729999999985 0 339137 0.2777 0.00017441860465117198
1645256639349 1 8.391855999999999 0 393219 0.32189999999999996 0.00017441860465117198
1645256642787 1 8.956695999999997 0 406206 0.33340000000000003 0.00017441860465117198
1645256645373 1 10.371706 0 303135 0.24860000000000002 0.00017441860465117198
1645256648883 1 10.858277000000001 0 414092 0.3411 0.00017441860465117198
1645256651748 1 11.993386000000001 0 337705 0.2766 0.00017441860465117198
1645256655861 1 11.891360000000006 0 366374 0.3005 0.00017441860465117198
1645256660348 1 11.629799000000006 0 352030 0.2875 0.00017441860465117198
1645256663995 1 11.872539000000003 0 371605 0.3044 0.00017441860465117198
1645256668267 1 11.610412000000004 0 385670 0.3164 0.00017441860465117198
1645256671947 1 11.851096000000005 0 374050 0.3068 0.00017441860465117198
1645256676057 1 11.843596000000005 0 367058 0.3006 0.00017441860465117198
1645256680247 1 11.583666000000001 0 377983 0.30920000000000003 0.00017441860465117198
1645256684031 1 11.826991 0 326924 0.26739999999999997 0.00017441860465117198
1645256688311 1 11.566600000000008 0 388939 0.3181 0.00017441860465117198
1645256692131 1 11.812646999999998 0 392939 0.322 0.00017441860465117198
1645256696208 1 11.553819000000004 0 362131 0.2967 0.00017441860465117198
1645256700097 1 11.797002000000006 0 402712 0.3295 0.00017441860465117198
1645256704379 1 11.540683000000001 0 327400 0.2676 0.00017441860465117198
1645256707778 1 11.962958 0 401133 0.3297 0.00017441860465117198
1645256711981 1 11.773555000000002 0 317452 0.26 0.00017441860465117198
1645256716291 1 11.512706000000009 0 391753 0.32080000000000003 0.00017441860465117198
1645256720057 1 11.755769999999998 0 384934 0.3167 0.00017441860465117198
1645256724171 1 11.743961999999996 0 367179 0.3003 0.00017441860465117198
1645256727962 1 11.982287 0 387965 0.3195 0.00017441860465117198
1645256731794 1 11.975408000000002 0 333821 0.2727 0.00017441860465117198
1645256736125 1 11.714872999999997 0 394452 0.3231 0.00017441860465117198
1645256740079 1 11.709463999999997 0 409513 0.3358 0.00017441860465117198
1645256744188 1 11.702099000000004 0 307174 0.2512 0.00017441860465117198
1645256747743 1 11.998394000000005 0 420407 0.3447 0.00017441860465117198
1645256752146 1 11.685231000000016 0 340231 0.2791 0.00017441860465117198
1645256755823 1 11.928201999999999 0 374730 0.3065 0.00017441860465117198
1645256760309 1 11.668588999999997 0 353022 0.2878 0.00017441860465117198
1645256764138 1 11.663067000000012 0 393253 0.3224 0.00017441860465117198
1645256768254 1 11.654167999999999 0 368813 0.3015 0.00017441860465117198
1645256771908 1 11.889568999999995 0 372578 0.3053 0.00017441860465117198
1645256776086 1 11.885559999999998 0 374507 0.3066 0.00017441860465117198
1645256780236 1 11.629110999999995 0 372824 0.3055 0.00017441860465117198
1645256784011 1 11.870968000000005 0 326437 0.2677 0.00017441860465117198
1645256788270 1 11.609746999999999 0 383127 0.3142 0.00017441860465117198
1645256792158 1 11.602115999999995 0 400632 0.3282 0.00017441860465117198
1645256796069 1 11.845923999999997 0 342596 0.2802 0.00017441860465117198
1645256800012 1 11.826630999999992 0 407655 0.3345 0.00017441860465117198
1645256804384 1 11.567200000000014 0 337450 0.27599999999999997 0.00017441860465117198
1645256807804 1 11.936551000000009 0 404220 0.3317 0.00017441860465117198
1645256812137 1 11.802512000000007 0 331794 0.27280000000000004 0.00017441860465117198
1645256816442 1 11.547571000000005 0 390086 0.3194 0.00017441860465117198
1645256820210 1 11.531139999999994 0 387516 0.3169 0.00017441860465117198
1645256824311 1 11.513927999999993 0 365827 0.2982 0.00017441860465117198
1645256828140 1 11.751998000000015 0 392579 0.3217 0.00017441860465117198
1645256832009 1 11.740335000000016 0 337939 0.2765 0.00017441860465117198
1645256835943 1 11.98250999999999 0 406896 0.33340000000000003 0.00017441860465117198
1645256840243 1 11.723075999999992 0 390582 0.3189 0.00017441860465117198
1645256844044 1 11.714452999999992 0 328479 0.26880000000000004 0.00017441860465117198
1645256847913 1 11.951171000000016 0 399016 0.3269 0.00017441860465117198
1645256852059 1 11.692305000000005 0 370990 0.3039 0.00017441860465117198
1645256856202 1 11.687487000000004 0 371149 0.3045 0.00017441860465117198
1645256859855 1 11.930532 0 372261 0.30510000000000004 0.00017441860465117198
1645256864192 1 11.670597000000015 0 394237 0.3231 0.00017441860465117198
1645256868308 1 11.65746200000001 0 368311 0.3016 0.00017441860465117198
1645256872037 1 11.901538000000016 0 381418 0.3117 0.00017441860465117198
1645256876163 1 11.643715000000014 0 368451 0.30179999999999996 0.00017441860465117198
1645256880321 1 11.636202000000026 0 371908 0.30569999999999997 0.00017441860465117198
1645256884116 1 11.873289999999997 0 328352 0.2691 0.00017441860465117198
1645256888306 1 11.608287000000018 0 379027 0.3093 0.00017441860465117198
1645256892238 1 11.59821599999998 0 407465 0.33330000000000004 0.00017441860465117198
1645256896086 1 11.84090900000001 0 333046 0.2739 0.00017441860465117198
1645256900106 1 11.836095999999998 0 416856 0.34209999999999996 0.00017441860465117198
1645256903962 1 11.830599000000007 0 335171 0.2752 0.00017441860465117198
1645256908359 1 11.571444999999983 0 401613 0.3296 0.00017441860465117198
1645256912235 1 11.566116000000022 0 337330 0.2763 0.00017441860465117198
1645256916051 1 11.809647999999981 0 391244 0.321 0.00017441860465117198
1645256920352 1 11.544471999999985 0 387864 0.3194 0.00017441860465117198
1645256924440 1 11.533795999999995 0 363813 0.298 0.00017441860465117198
1645256927756 1 11.986009000000024 0 391839 0.3203 0.00017441860465117198
1645256932118 1 11.764463999999975 0 336898 0.2751 0.00017441860465117198
1645256936346 1 11.507159999999999 0 381135 0.3117 0.00017441860465117198
1645256940111 1 11.750614999999982 0 386654 0.3169 0.00017441860465117198
1645256944063 1 11.743268 0 347396 0.2854 0.00017441860465117198
1645256947894 1 11.99055199999998 0 392538 0.3218 0.00017441860465117198

