1645230477494 1 3.999999 2066 346799 0.1956 -8.883799999999999
1645230481979 3 4.308184 788 755039 0.42679999999999996 -3.3882255813953486
1645230486813 3 4.328359000000001 854 835161 0.4723 -3.67176976744186
1645230492067 3 4.426271000000002 1353 908792 0.5143 -5.81746976744186
1645230496822 3 4.265495 586 804438 0.45519999999999994 -2.51936976744186
1645230501619 3 4.34075 878 828659 0.46799999999999997 -3.77496976744186
1645230507054 3 4.4608789999999985 1547 937332 0.5302 -6.6516697674418594
1645230511690 3 4.478085999999998 661 776416 0.4408 -2.8418697674418603
1645230517599 3 4.369855000000001 1804 1025687 0.5779 -7.75676976744186
1645230522336 3 4.392386000000002 762 815426 0.4605 -3.27616976744186
1645230527449 3 4.387071000000006 1105 884625 0.49989999999999996 -4.7510697674418605
1645230532777 3 4.475146000000002 1419 904952 0.5125 -6.10126976744186
1645230538305 3 4.372810000000001 1421 954418 0.54 -6.109869767441861
1645230543560 3 4.272328000000002 1157 910446 0.5145 -4.97466976744186
1645230548901 3 4.392662000000001 1457 922454 0.5223 -6.264669767441859
1645230554446 3 4.313005000000004 1469 942842 0.5346 -6.3162697674418595
1645230559632 3 4.450588000000003 1316 884128 0.49870000000000003 -5.658369767441861
1645230564433 3 4.255937000000003 618 828263 0.4689 -2.6569697674418604
1645230570076 3 4.3613770000000045 1747 981175 0.5530999999999999 -7.511669767441859
1645230575616 3 4.326932999999997 1499 939007 0.5325 -6.445269767441859
1645230580483 3 4.297928999999996 842 841370 0.4758 -3.6201697674418605
1645230585949 3 4.383941000000007 1550 947658 0.5355000000000001 -6.66456976744186
1645230590909 3 4.419449999999998 986 828958 0.46980000000000005 -4.23936976744186
1645230596555 3 4.379387000000008 1614 977791 0.5524 -6.9397697674418595
1645230601456 3 4.4693340000000035 1002 847215 0.47800000000000004 -4.30816976744186
1645230607102 3 4.462275000000005 1640 978032 0.5526 -7.05156976744186
1645230612613 3 4.335546000000008 1381 934237 0.5301 -5.93786976744186
1645230617765 3 4.449658999999997 1267 889600 0.503 -5.44766976744186
1645230623476 3 4.452511000000001 1720 988774 0.5596 -7.3955697674418595
1645230628262 3 4.411141000000001 747 808061 0.458 -3.2116697674418604
1645230634004 3 4.399295000000009 1732 995677 0.5629 -7.44716976744186
1645230639346 3 4.364613000000006 1309 924757 0.5227999999999999 -5.628269767441861
1645230644145 3 4.414956000000004 842 808228 0.4579 -3.6201697674418605
1645230649990 3 4.488440999999995 1931 1014212 0.5737 -8.30286976744186
1645230654877 3 4.405147999999997 802 845218 0.47750000000000004 -3.4481697674418603
1645230660146 3 4.437113000000011 1296 910767 0.5155000000000001 -5.57236976744186
1645230665435 3 4.47554199999999 1332 901777 0.5099 -5.72716976744186
1645230671016 3 4.300466999999998 1404 967347 0.5474 -6.036769767441859
1645230676416 3 4.441149999999993 1539 935273 0.5287 -6.61726976744186
1645230681814 3 4.46603300000001 1427 916928 0.5193 -6.135669767441859
1645230687242 3 4.382033000000007 1338 940743 0.5314 -5.7529697674418605
1645230692319 3 4.4635000000000105 1163 877888 0.4962 -5.00046976744186
1645230697295 3 4.361570999999998 879 839766 0.47569999999999996 -3.77926976744186
1645230702933 3 4.472357000000017 1749 976062 0.5526 -7.52026976744186
1645230708470 3 4.46471600000001 1525 958353 0.5424 -6.55706976744186
1645230713411 3 4.475093000000015 950 836268 0.47309999999999997 -4.08456976744186
1645230719000 3 4.414332999999999 1533 968967 0.548 -6.591469767441859
1645230723786 3 4.438003000000009 804 825839 0.4673 -3.4567697674418603
1645230729406 3 4.484794999999991 1669 974212 0.5508 -7.176269767441859
1645230734524 3 4.388394000000005 1022 867483 0.4909 -4.39416976744186
1645230740217 3 4.402592999999996 1712 987232 0.5582 -7.36116976744186
1645230745543 3 4.351110000000006 1270 921956 0.5208999999999999 -5.460569767441861
1645230750932 3 4.360298999999998 1402 913803 0.518 -6.0281697674418595
1645230756461 3 4.253806999999995 1416 958215 0.5404 -6.0883697674418595
1645230761282 3 4.4071950000000015 977 832934 0.4707 -4.20066976744186
1645230767077 3 4.37057200000001 1760 1005593 0.5681 -7.56756976744186
1645230772578 3 4.3650360000000035 1497 935985 0.5304 -6.43666976744186
1645230777217 3 4.3409269999999935 619 802415 0.45339999999999997 -2.66126976744186
1645230782980 3 4.446137999999991 1866 999009 0.5655 -8.02336976744186
1645230788102 3 4.296203999999989 974 869418 0.4928 -4.187769767441861
1645230793298 3 4.260875999999996 1160 897686 0.5083 -4.987569767441861
1645230798840 3 4.40542099999999 1688 960141 0.5432 -7.25796976744186
1645230804212 3 4.33201600000001 1297 914618 0.5175 -5.57666976744186

