1645240783501 1 3.999999 884 346799 0.0763 -3.8011999999999997
1645240784410 1 7.102818 0 363755 0.08 0.00017441860465117198
1645240785308 1 10.208775000000001 0 362842 0.0796 0.00017441860465117198
1645240787753 1 11.893329000000001 0 384791 0.0847 0.00017441860465117198
1645240791746 3 11.88309 0 804438 0.1802 0.000174418604651283
1645240795746 3 11.876453999999999 0 828659 0.1901 0.00043023255813956496
1645240799938 3 11.619919 0 937332 0.2089 0.00043023255813956496
1645240803767 3 11.861041999999998 0 776416 0.17250000000000001 0.00043023255813956496
1645240808131 3 11.601871000000003 0 1025687 0.22610000000000002 0.00043023255813956496
1645240812033 3 11.593190000000003 0 815426 0.18009999999999998 0.00043023255813956496
1645240816081 3 11.584517000000005 0 884625 0.19519999999999998 0.00043023255813956496
1645240819681 3 11.830534 0 904952 0.199 0.00043023255813956496
1645240823891 3 11.827024999999999 0 954418 0.21000000000000002 0.00043023255813956496
1645240827992 3 11.569747 0 910446 0.2004 0.00043023255813956496
1645240832124 3 11.55726 0 922454 0.20339999999999997 0.00043023255813956496
1645240835802 3 11.801203000000001 0 942842 0.2077 0.00043023255813956496
1645240839869 3 11.795275000000004 0 884128 0.19190000000000002 0.00043023255813956496
1645240843811 3 11.783941000000006 0 828263 0.1822 0.00043023255813956496
1645240848068 3 11.526778000000007 0 981175 0.2157 0.00043023255813956496
1645240852232 3 11.517657999999997 0 939007 0.20659999999999998 0.00043023255813956496
1645240856183 3 11.515029999999996 0 841370 0.1853 0.00043023255813956496
1645240859878 3 11.760145000000009 0 947658 0.2076 0.00043023255813956496
1645240863798 3 11.747979999999998 0 828958 0.1822 0.00043023255813956496
1645240867548 3 11.988904000000005 0 977791 0.21509999999999999 0.00043023255813956496
1645240872016 3 11.734141000000008 0 847215 0.1867 0.00043023255813956496
1645240875764 3 11.977423000000002 0 978032 0.215 0.00043023255813956496
1645240879940 3 11.717714 0 934237 0.2057 0.00043023255813956496
1645240883997 3 11.712834 0 889600 0.1961 0.00043023255813956496
1645240887778 3 11.947281000000004 0 988774 0.21800000000000003 0.00043023255813956496
1645240891661 3 11.941820000000007 0 808061 0.17809999999999998 0.00043023255813956496
1645240895948 3 11.680703000000008 0 995677 0.2185 0.00043023255813956496
1645240900082 3 11.673567000000006 0 924757 0.20339999999999997 0.00043023255813956496
1645240903962 3 11.665227999999999 0 808228 0.1778 0.00043023255813956496
1645240907801 3 11.906143999999998 0 1014212 0.2233 0.00043023255813956496
1645240911762 3 11.89639600000001 0 845218 0.1861 0.00043023255813956496
1645240915877 3 11.882027999999991 0 910767 0.20049999999999998 0.00043023255813956496
1645240919959 3 11.617246999999992 0 901777 0.1981 0.00043023255813956496
1645240923696 3 11.861546000000004 0 967347 0.21339999999999998 0.00043023255813956496
1645240927853 3 11.851694000000009 0 935273 0.2061 0.00043023255813956496
1645240931974 3 11.594765999999993 0 916928 0.202 0.00043023255813956496
1645240936145 3 11.583424000000008 0 940743 0.20670000000000002 0.00043023255813956496
1645240940182 3 11.572773000000012 0 877888 0.19319999999999998 0.00043023255813956496
1645240944130 3 11.567748999999992 0 839766 0.1847 0.00043023255813956496
1645240947886 3 11.812891000000008 0 976062 0.21469999999999997 0.00043023255813956496
1645240952100 3 11.55404999999999 0 958353 0.21150000000000002 0.00043023255813956496
1645240956044 3 11.548877000000005 0 836268 0.18460000000000001 0.00043023255813956496
1645240959779 3 11.78900200000001 0 968967 0.21339999999999998 0.00043023255813956496
1645240964205 3 11.530922000000004 0 825839 0.18180000000000002 0.00043023255813956496
1645240967946 3 11.768225999999999 0 974212 0.2142 0.00043023255813956496
1645240971962 3 11.759480999999994 0 867483 0.1911 0.00043023255813956496
1645240976233 3 11.503397000000007 0 987232 0.2172 0.00043023255813956496
1645240979870 3 11.740507000000008 0 921956 0.20270000000000002 0.00043023255813956496
1645240983982 3 11.734476 0 913803 0.20129999999999998 0.00043023255813956496
1645240987688 3 11.977243000000016 0 958215 0.21070000000000003 0.00043023255813956496
1645240991620 3 11.970362999999992 0 832934 0.1833 0.00043023255813956496
1645240995935 3 11.709269000000006 0 1005593 0.2212 0.00043023255813956496
1645240999593 3 11.95360199999999 0 935985 0.2061 0.00043023255813956496
1645241003955 3 11.690464999999989 0 802415 0.1767 0.00043023255813956496
1645241007757 3 11.931343999999996 0 999009 0.2202 0.00043023255813956496
1645241011771 3 11.92262500000001 0 869418 0.1911 0.00043023255813956496
1645241015846 3 11.912949999999995 0 897686 0.19690000000000002 0.00043023255813956496
1645241020102 3 11.656425000000013 0 960141 0.2117 0.00043023255813956496
1645241023713 3 11.898241000000013 0 914618 0.20129999999999998 0.00043023255813956496
1645241027907 3 11.635743999999988 0 949031 0.2092 0.00043023255813956496
1645241032036 3 11.621240999999998 0 919929 0.20249999999999999 0.00043023255813956496
1645241035682 3 11.865673000000015 0 930570 0.2044 0.00043023255813956496
1645241039750 3 11.852003000000025 0 894188 0.19690000000000002 0.00043023255813956496
1645241043687 3 11.843564000000015 0 835562 0.184 0.00043023255813956496
1645241047955 3 11.587122000000022 0 986170 0.2171 0.00043023255813956496
1645241052156 3 11.580979000000013 0 955812 0.2105 0.00043023255813956496
1645241056095 3 11.576745000000017 0 837688 0.1842 0.00043023255813956496
1645241059837 3 11.82213200000001 0 972932 0.2144 0.00043023255813956496
1645241063720 3 11.816413000000011 0 807690 0.17809999999999998 0.00043023255813956496
1645241067956 3 11.559465999999986 0 968173 0.213 0.00043023255813956496
1645241071978 3 11.549918999999989 0 872734 0.1917 0.00043023255813956496
1645241075760 3 11.794033000000013 0 991679 0.2185 0.00043023255813956496
1645241079909 3 11.78767700000003 0 930061 0.2049 0.00043023255813956496
1645241083981 3 11.775070000000028 0 884740 0.1947 0.00043023255813956496
1645241087781 3 11.752444000000025 0 968599 0.21389999999999998 0.00043023255813956496
1645241091765 3 11.993567999999982 0 848189 0.18660000000000002 0.00043023255813956496
1645241095552 3 11.977327000000002 0 989262 0.2178 0.00043023255813956496
1645241099719 3 11.970582999999976 0 929927 0.2048 0.00043023255813956496
1645241103697 3 11.962333999999998 0 845977 0.1863 0.00043023255813956496
1645241108022 3 11.696671999999978 0 1009703 0.2222 0.00043023255813956496
1645241112021 3 11.687183000000005 0 861836 0.18939999999999999 0.00043023255813956496

