1645234000666 1 3.999999 2831 346799 0.2694 -12.1733
1645234006792 3 4.327176 2452 755039 0.5906 -10.543425581395349
1645234009738 1 5.377725000000001 0 362842 0.2831 0.00043023255813956496
1645234016953 3 4.259782000000001 2096 908792 0.7105 -9.012625581395348
1645234019805 1 5.407720999999999 0 339137 0.2653 0.00043023255813956496
1645234026397 3 4.330887999999998 1515 828659 0.647 -6.514325581395349
1645234029668 1 5.059037 0 406206 0.3168 0.00043023255813956496
1645234035869 3 4.3284439999999975 1469 776416 0.6085 -6.316525581395348
1645234039315 1 4.8792820000000034 0 414092 0.3237 0.00043023255813956496
1645234045813 3 4.271509999999999 1889 815426 0.6384000000000001 -8.12252558139535
1645234048789 1 5.293785 0 366374 0.2854 0.00043023255813956496
1645234055986 3 4.3750320000000045 2281 904952 0.7079 -9.808125581395348
1645234059099 1 5.266657000000002 0 371605 0.2895 0.00043023255813956496
1645234066355 3 4.380450000000003 2373 910446 0.7116 -10.203725581395348
1645234069382 1 5.352102000000002 0 374050 0.2905 0.00043023255813956496
1645234076881 3 4.479264000000001 2628 942842 0.7369 -11.300225581395349
1645234080034 1 5.3256390000000025 0 377983 0.29369999999999996 0.00043023255813956496
1645234086625 3 4.331029999999998 1594 828263 0.6466999999999999 -6.854025581395348
1645234089766 1 5.187367000000009 0 388939 0.3025 0.00043023255813956496
1645234097223 3 4.406824999999998 2678 939007 0.7335 -11.515225581395349
1645234100252 1 5.377530000000007 0 362131 0.2819 0.00043023255813956496
1645234107784 3 4.303187000000008 2458 947658 0.7404 -10.569225581395349
1645234110453 1 5.6359039999999965 0 327400 0.2555 0.00043023255813956496
1645234118221 3 4.489953999999997 2621 977791 0.7644 -11.270125581395348
1645234120904 1 5.804570999999996 0 317452 0.2473 0.00043023255813956496
1645234128676 3 4.332448999999997 2296 978032 0.7641 -9.872625581395349
1645234131801 1 5.202419000000006 0 384934 0.3 0.00043023255813956496
1645234138871 3 4.354090999999997 2220 889600 0.6939 -9.545825581395349
1645234142112 1 5.1110630000000015 0 387965 0.3024 0.00043023255813956496
1645234148543 3 4.301893000000007 1621 808061 0.6312 -6.970125581395347
1645234151736 1 5.111356000000001 0 394452 0.30720000000000003 0.00043023255813956496
1645234159082 3 4.398999000000003 2635 924757 0.7227 -11.33032558139535
1645234161694 1 5.785198000000008 0 307174 0.24 0.00043023255813956496
1645234169745 3 4.256918000000013 2520 1014212 0.792 -10.83582558139535
1645234172517 1 5.480677000000014 0 340231 0.2652 0.00043023255813956496
1645234179760 3 4.252076000000017 2013 910767 0.7117 -8.655725581395348
1645234182741 1 5.2684169999999995 0 353022 0.2759 0.00043023255813956496
1645234190426 3 4.496623999999997 2912 967347 0.7571 -12.52142558139535
1645234193408 1 5.5114949999999965 0 368813 0.2866 0.00043023255813956496
1645234200703 3 4.381347000000005 2158 916928 0.7179 -9.279225581395348
1645234203828 1 5.251560000000012 0 374507 0.2904 0.00043023255813956496
1645234210800 3 4.268644999999992 1989 877888 0.6851 -8.552525581395349
1645234213459 1 5.6077359999999885 0 326437 0.2543 0.00043023255813956496
1645234221205 3 4.4866619999999955 2621 976062 0.763 -11.270125581395348
1645234224544 1 5.14438899999999 0 400632 0.313 0.00043023255813956496
1645234231203 3 4.334755000000001 1845 836268 0.6527000000000001 -7.93332558139535
1645234234487 1 5.045769000000007 0 407655 0.3168 0.00043023255813956496
1645234241061 3 4.408390999999995 1936 825839 0.6454 -8.324625581395349
1645234244408 1 5.06035399999999 0 404220 0.31429999999999997 0.00043023255813956496
1645234251301 3 4.316501000000017 2147 867483 0.6779 -9.23192558139535
1645234254456 1 5.157623000000001 0 390086 0.30369999999999997 0.00043023255813956496
1645234261763 3 4.442205000000001 2590 921956 0.7187 -11.13682558139535
1645234264819 1 5.384199999999993 0 365827 0.2843 0.00043023255813956496
1645234272436 3 4.264714999999995 2496 958215 0.7488 -10.732625581395348
1645234275177 1 5.523139000000015 0 337939 0.2629 0.00043023255813956496
1645234283144 3 4.487152000000009 2931 1005593 0.7847000000000001 -12.603125581395348
1645234286391 1 5.240369000000015 0 390582 0.3053 0.00043023255813956496
1645234292785 3 4.387615000000011 1542 802415 0.6277999999999999 -6.6304255813953485
1645234296004 1 5.171196000000009 0 399016 0.3089 0.00043023255813956496
1645234302912 3 4.401803000000001 2140 869418 0.6785 -9.20182558139535
1645234306011 1 5.302633000000014 0 371149 0.2879 0.00043023255813956496
1645234313639 3 4.267514000000006 2595 960141 0.751 -11.15832558139535
1645234316835 1 5.074579 0 394237 0.3069 0.00043023255813956496
1645234324374 3 4.3363549999999975 2801 949031 0.7404 -12.044125581395349
1645234327557 1 5.1512500000000045 0 381418 0.2975 0.00043023255813956496

