1645257302488 1 3.999999 1684 346799 0.1578 -7.2412
1645257304133 0 6.36185 0 213385 0.0968 0.00017441860465117198
1645257305910 1 8.585805 0 362842 0.1653 0.000069767441860491
1645257307770 1 10.725471 0 384791 0.175 0.00017441860465117198
1645257310933 1 11.750755999999999 0 339137 0.1543 0.00017441860465117198
1645257314846 1 11.730578 0 393219 0.1797 0.00017441860465117198
1645257318816 1 11.719255999999998 0 406206 0.1852 0.00017441860465117198
1645257322812 1 11.685040999999998 0 303135 0.13779999999999998 0.00017441860465117198
1645257326830 1 11.673491000000002 0 414092 0.18939999999999999 0.00017441860465117198
1645257330988 1 11.665710000000004 0 337705 0.1538 0.00017441860465117198
1645257334782 1 11.899585000000002 0 366374 0.1674 0.00017441860465117198
1645257339001 1 11.627236000000003 0 352030 0.16060000000000002 0.00017441860465117198
1645257342813 1 11.867057000000003 0 371605 0.1696 0.00017441860465117198
1645257346681 1 11.855394000000004 0 385670 0.1756 0.00017441860465117198
1645257351022 1 11.596659000000002 0 374050 0.1708 0.00017441860465117198
1645257354818 1 11.837619000000004 0 367058 0.1673 0.00017441860465117198
1645257359172 1 11.570559000000003 0 377983 0.17270000000000002 0.00017441860465117198
1645257362781 1 11.784388 0 326924 0.1489 0.00017441860465117198
1645257367175 1 11.521805 0 388939 0.1778 0.00017441860465117198
1645257371087 1 11.513669000000007 0 392939 0.1789 0.00017441860465117198
1645257374853 1 11.757557000000006 0 362131 0.1654 0.00017441860465117198
1645257378826 1 11.745885000000001 0 402712 0.1839 0.00017441860465117198
1645257382947 1 11.731627000000003 0 327400 0.1496 0.00017441860465117198
1645257386901 1 11.712479000000002 0 401133 0.1832 0.00017441860465117198
1645257390969 1 11.702698999999996 0 317452 0.1449 0.00017441860465117198
1645257394868 1 11.687351000000007 0 391753 0.1783 0.00017441860465117198
1645257398746 1 11.926549000000009 0 384934 0.1755 0.00017441860465117198
1645257403050 1 11.655382000000003 0 367179 0.1675 0.00017441860465117198
1645257406940 1 11.645685 0 387965 0.1769 0.00017441860465117198
1645257411079 1 11.633779000000004 0 333821 0.1525 0.00017441860465117198
1645257414995 1 11.620760000000004 0 394452 0.1797 0.00017441860465117198
1645257418974 1 11.610240000000005 0 409513 0.187 0.00017441860465117198
1645257422998 1 11.591608000000008 0 307174 0.1401 0.00017441860465117198
1645257427032 1 11.580582000000007 0 420407 0.1911 0.00017441860465117198
1645257430708 1 11.819452000000013 0 340231 0.15560000000000002 0.00017441860465117198
1645257435050 1 11.559913999999992 0 374730 0.1714 0.00017441860465117198
1645257438775 1 11.78139999999999 0 353022 0.16060000000000002 0.00017441860465117198
1645257443176 1 11.503007999999994 0 393253 0.1787 0.00017441860465117198
1645257446978 1 11.744901999999996 0 368813 0.1683 0.00017441860465117198
1645257450798 1 11.721384999999998 0 372578 0.1695 0.00017441860465117198
1645257454627 1 11.963695999999999 0 374507 0.1709 0.00017441860465117198
1645257458956 1 11.698405000000008 0 372824 0.16999999999999998 0.00017441860465117198
1645257463061 1 11.681610000000006 0 326437 0.1491 0.00017441860465117198
1645257466944 1 11.629497000000015 0 383127 0.1756 0.00017441860465117198
1645257470911 1 11.86820800000001 0 400632 0.1824 0.00017441860465117198
1645257475096 1 11.555672000000015 0 342596 0.15560000000000002 0.00017441860465117198
1645257479078 1 11.533456000000001 0 407655 0.1853 0.00017441860465117198
1645257482754 1 11.801784999999995 0 337450 0.15460000000000002 0.00017441860465117198
1645257486793 1 11.908507000000014 0 404220 0.1887 0.00017441860465117198
1645257491027 0 11.703265000000016 0 128759 0.0595 0.00017441860465117198
1645257495108 0 11.6618 0 199367 0.09419999999999999 0.00006976744186043549
1645257498743 0 11.870237000000003 0 220759 0.1002 0.00006976744186043549
1645257503073 0 11.504580000000004 0 149511 0.0693 0.00006976744186043549
1645257506822 0 11.952056999999996 0 118879 0.05600000000000001 0.00006976744186043549
1645257510880 0 11.656638000000015 0 85418 0.0417 0.00006976744186043549
1645257514854 0 11.779032999999998 0 68807 0.0337 0.00006976744186043549
1645257518881 0 11.891819999999996 0 132565 0.065 0.00006976744186043549
1645257523085 0 11.585968000000008 0 117262 0.056100000000000004 0.00006976744186043549
1645257526876 0 11.77837199999999 0 116418 0.0548 0.00006976744186043549
1645257531076 0 11.512259999999998 0 223024 0.1071 0.00006976744186043549
1645257534737 0 11.987176000000005 0 214538 0.0998 0.00006976744186043549
1645257538662 0 11.934145999999998 0 178191 0.0813 0.00006976744186043549
1645257542919 0 11.844060000000013 0 161454 0.0759 0.00006976744186043549
1645257547057 0 11.515683999999993 0 212225 0.1002 0.00006976744186043549
1645257551163 0 11.624668000000014 0 195858 0.0913 0.00006976744186043549
1645257554855 0 11.833763000000005 0 119665 0.05639999999999999 0.00006976744186043549
1645257559021 0 11.651409000000001 0 108667 0.052000000000000005 0.00006976744186043549
1645257563033 0 11.773674000000028 0 64782 0.0315 0.00006976744186043549
1645257567240 0 11.503683000000024 0 87523 0.0416 0.00006976744186043549
1645257570583 0 11.965580999999986 0 155607 0.0725 0.00006976744186043549
1645257574724 0 11.885396000000014 0 100404 0.0484 0.00006976744186043549
1645257578704 0 11.86678599999999 0 183614 0.0852 0.00006976744186043549
1645257582875 0 11.82867600000003 0 197686 0.09230000000000001 0.00006976744186043549
1645257587251 0 11.53313300000002 0 217520 0.1016 0.00006976744186043549
1645257591021 0 11.563750000000027 0 132353 0.062 0.00006976744186043549
1645257595118 0 11.550579000000027 0 199853 0.0935 0.00006976744186043549
1645257598794 0 11.779759000000013 0 225614 0.1055 0.00006976744186043549
1645257602814 0 11.874500000000012 0 150477 0.0692 0.00006976744186043549
1645257607046 0 11.73920800000002 0 117995 0.056100000000000004 0.00006976744186043549
1645257611109 0 11.555752999999982 0 86503 0.0418 0.00006976744186043549
1645257615068 0 11.503720999999985 0 67335 0.0335 0.00006976744186043549
1645257618870 0 11.914759000000004 0 132169 0.0631 0.00006976744186043549
1645257623057 0 11.667732 0 118800 0.056100000000000004 0.00006976744186043549
1645257626735 0 11.908321 0 116618 0.056100000000000004 0.00006976744186043549

