1645249540568 1 3.999999 1276 346799 0.1163 -5.486800000000001
1645249543324 3 5.257362 0 755039 0.254 0.000174418604651283
1645249546231 3 6.345193000000001 0 835161 0.2808 0.00043023255813956496
1645249549401 3 7.176336000000001 0 908792 0.306 0.00043023255813956496
1645249552216 3 8.360373 0 804438 0.2705 0.00043023255813956496
1645249555105 3 9.473920999999999 0 828659 0.27890000000000004 0.00043023255813956496
1645249558369 3 10.209308 0 937332 0.3161 0.00043023255813956496
1645249561084 3 11.493711999999999 0 776416 0.2615 0.00043023255813956496
1645249564643 3 11.933550000000004 0 1025687 0.3456 0.00043023255813956496
1645249568999 3 11.709831000000001 0 815426 0.27440000000000003 0.00043023255813956496
1645249573079 3 11.701095000000002 0 884625 0.2983 0.00043023255813956496
1645249576730 3 11.946406000000003 0 904952 0.3049 0.00043023255813956496
1645249581066 3 11.682248000000001 0 954418 0.3216 0.00043023255813956496
1645249584733 3 11.925836000000004 0 910446 0.3065 0.00043023255813956496
1645249588946 3 11.668345000000002 0 922454 0.3106 0.00043023255813956496
1645249592723 3 11.911571000000002 0 942842 0.3176 0.00043023255813956496
1645249596797 3 11.896949 0 884128 0.2975 0.00043023255813956496
1645249600693 3 11.885398000000002 0 828263 0.279 0.00043023255813956496
1645249605090 3 11.629638 0 981175 0.32999999999999996 0.00043023255813956496
1645249608848 3 11.871805000000009 0 939007 0.31579999999999997 0.00043023255813956496
1645249612786 3 11.863703999999998 0 841370 0.28359999999999996 0.00043023255813956496
1645249617076 3 11.604265999999996 0 947658 0.31930000000000003 0.00043023255813956496
1645249620974 3 11.845309999999998 0 828958 0.2792 0.00043023255813956496
1645249624872 3 11.833707000000004 0 977791 0.3291 0.00043023255813956496
1645249628829 3 11.82653400000001 0 847215 0.2853 0.00043023255813956496
1645249633227 3 11.568669 0 978032 0.3295 0.00043023255813956496
1645249636973 3 11.80898400000001 0 934237 0.3141 0.00043023255813956496
1645249641073 3 11.552056000000007 0 889600 0.2994 0.00043023255813956496
1645249644997 3 11.788089999999997 0 988774 0.33290000000000003 0.00043023255813956496
1645249648825 3 11.782483 0 808061 0.2725 0.00043023255813956496
1645249653279 3 11.524151000000003 0 995677 0.3351 0.00043023255813956496
1645249656993 3 11.763772000000003 0 924757 0.311 0.00043023255813956496
1645249661319 3 11.505874000000006 0 808228 0.2722 0.00043023255813956496
1645249664833 3 11.743009 0 1014212 0.3415 0.00043023255813956496
1645249668784 3 11.986727000000002 0 845218 0.2843 0.00043023255813956496
1645249672961 3 11.724795999999998 0 910767 0.3068 0.00043023255813956496
1645249677094 3 11.690154000000007 0 901777 0.3023 0.00043023255813956496
1645249680957 3 11.686013000000003 0 967347 0.32599999999999996 0.00043023255813956496
1645249684709 3 11.925299999999993 0 935273 0.3155 0.00043023255813956496
1645249688900 3 11.917429999999996 0 916928 0.3083 0.00043023255813956496
1645249693164 3 11.656391000000013 0 940743 0.3168 0.00043023255813956496
1645249696721 3 11.897167999999994 0 877888 0.2954 0.00043023255813956496
1645249701155 3 11.639104000000003 0 839766 0.28290000000000004 0.00043023255813956496
1645249705039 3 11.633758999999998 0 976062 0.32839999999999997 0.00043023255813956496
1645249708878 3 11.874718999999999 0 958353 0.3227 0.00043023255813956496
1645249712793 3 11.868116000000015 0 836268 0.2815 0.00043023255813956496
1645249717159 3 11.610440000000011 0 968967 0.3265 0.00043023255813956496
1645249721039 3 11.605512000000004 0 825839 0.2779 0.00043023255813956496
1645249724924 3 11.837485000000015 0 974212 0.3278 0.00043023255813956496
1645249728953 3 11.830607000000015 0 867483 0.2918 0.00043023255813956496
1645249732873 3 11.820622000000014 0 987232 0.3317 0.00043023255813956496
1645249737071 3 11.560606000000007 0 921956 0.3101 0.00043023255813956496
1645249741252 3 11.555559000000017 0 913803 0.3079 0.00043023255813956496
1645249745073 3 11.549659999999989 0 958215 0.3224 0.00043023255813956496
1645249748982 3 11.791304999999994 0 832934 0.2803 0.00043023255813956496
1645249752961 3 11.787732000000005 0 1005593 0.3382 0.00043023255813956496
1645249757208 3 11.525813 0 935985 0.3147 0.00043023255813956496
1645249761013 3 11.770678000000004 0 802415 0.27040000000000003 0.00043023255813956496
1645249764980 3 11.765820999999988 0 999009 0.3365 0.00043023255813956496
1645249769008 3 11.756761000000012 0 869418 0.2929 0.00043023255813956496
1645249773141 3 11.498667000000012 0 897686 0.3023 0.00043023255813956496
1645249776972 3 11.740926000000002 0 960141 0.323 0.00043023255813956496
1645249780649 3 11.986591000000004 0 914618 0.308 0.00043023255813956496
1645249784942 3 11.731027000000012 0 949031 0.3194 0.00043023255813956496
1645249788633 3 11.97467499999999 0 919929 0.30910000000000004 0.00043023255813956496
1645249792881 3 11.71768800000001 0 930570 0.3141 0.00043023255813956496
1645249796988 3 11.705816000000027 0 894188 0.301 0.00043023255813956496
1645249800906 3 11.694639999999993 0 835562 0.28159999999999996 0.00043023255813956496
1645249804823 3 11.938738 0 986170 0.3317 0.00043023255813956496
1645249809140 3 11.676543999999978 0 955812 0.322 0.00043023255813956496
1645249813057 3 11.672611000000018 0 837688 0.2819 0.00043023255813956496
1645249816938 3 11.663099999999986 0 972932 0.3281 0.00043023255813956496
1645249820752 3 11.905546000000015 0 807690 0.2716 0.00043023255813956496
1645249825109 3 11.647200999999995 0 968173 0.3254 0.00043023255813956496
1645249829153 3 11.640292999999986 0 872734 0.2933 0.00043023255813956496
1645249832592 3 11.985210999999993 0 991679 0.3338 0.00043023255813956496
1645249836837 3 11.86283400000002 0 930061 0.3135 0.00043023255813956496
1645249840916 3 11.85646700000001 0 884740 0.298 0.00043023255813956496
1645249844772 3 11.847459000000015 0 968599 0.32599999999999996 0.00043023255813956496
1645249849231 3 11.589989000000003 0 848189 0.2855 0.00043023255813956496
1645249852669 3 11.907381999999984 0 989262 0.33340000000000003 0.00043023255813956496
1645249856902 3 11.822859999999991 0 929927 0.3127 0.00043023255813956496
1645249860854 3 11.812007999999992 0 845977 0.2847 0.00043023255813956496
1645249864857 3 11.80597499999999 0 1009703 0.34009999999999996 0.00043023255813956496
1645249868866 3 11.794294999999977 0 861836 0.2906 0.00043023255813956496

