1645256774617 1 3.999999 2971 346799 0.2841 -12.7753
1645256776569 0 6.060614 0 213385 0.1742 0.00017441860465117198
1645256777829 0 8.798842 0 141806 0.11599999999999999 0.00006976744186043549
1645256778843 0 11.787934 0 112578 0.09090000000000001 0.00006976744186043549
1645256783102 0 11.698768 0 80671 0.0644 0.00006976744186043549
1645256786932 1 11.934954999999999 0 393219 0.3217 0.000069767441860491
1645256790859 1 11.926323999999997 0 406206 0.33199999999999996 0.00017441860465117198
1645256794966 1 11.91162 0 303135 0.2484 0.00017441860465117198
1645256798964 1 11.900033000000004 0 414092 0.3396 0.00017441860465117198
1645256802837 1 11.885282000000004 0 337705 0.2763 0.00017441860465117198
1645256806943 1 11.875792000000004 0 366374 0.3004 0.00017441860465117198
1645256810925 1 11.868831 0 352030 0.28769999999999996 0.00017441860465117198
1645256815070 1 11.609448 0 371605 0.3044 0.00017441860465117198
1645256818834 1 11.851023000000005 0 385670 0.3168 0.00017441860465117198
1645256823008 1 11.838523000000002 0 374050 0.3068 0.00017441860465117198
1645256827126 1 11.577864000000005 0 367058 0.3003 0.00017441860465117198
1645256830827 1 11.821805000000005 0 377983 0.30920000000000003 0.00017441860465117198
1645256835109 1 11.564567000000004 0 326924 0.26749999999999996 0.00017441860465117198
1645256838898 1 11.809025000000005 0 388939 0.31829999999999997 0.00017441860465117198
1645256843219 1 11.551266999999996 0 392939 0.3217 0.00017441860465117198
1645256847288 1 11.543058000000002 0 362131 0.2968 0.00017441860465117198
1645256850691 1 11.937846000000008 0 402712 0.3297 0.00017441860465117198
1645256854997 1 11.774394999999998 0 327400 0.26890000000000003 0.00017441860465117198
1645256858883 1 11.764286999999996 0 401133 0.3281 0.00017441860465117198
1645256863104 1 11.757136000000003 0 317452 0.2616 0.00017441860465117198
1645256866909 1 11.750389999999996 0 391753 0.3204 0.00017441860465117198
1645256870672 1 11.990189999999998 0 384934 0.3153 0.00017441860465117198
1645256874785 1 11.982895999999997 0 367179 0.3004 0.00017441860465117198
1645256879079 1 11.726650000000006 0 387965 0.3181 0.00017441860465117198
1645256882905 1 11.970726999999997 0 333821 0.27280000000000004 0.00017441860465117198
1645256886745 1 11.960332000000008 0 394452 0.3231 0.00017441860465117198
1645256890695 1 11.952043000000003 0 409513 0.3343 0.00017441860465117198
1645256894813 1 11.942852000000002 0 307174 0.2511 0.00017441860465117198
1645256898865 1 11.933813999999998 0 420407 0.3445 0.00017441860465117198
1645256902761 1 11.924886000000015 0 340231 0.27890000000000004 0.00017441860465117198
1645256906933 1 11.918785000000014 0 374730 0.3068 0.00017441860465117198
1645256910918 1 11.909637000000004 0 353022 0.2879 0.00017441860465117198
1645256914747 1 11.904848000000015 0 393253 0.322 0.00017441860465117198
1645256918869 1 11.897283000000016 0 368813 0.30169999999999997 0.00017441860465117198
1645256923013 1 11.641874999999999 0 372578 0.30419999999999997 0.00017441860465117198
1645256927177 1 11.631731000000002 0 374507 0.3068 0.00017441860465117198
1645256930842 1 11.871859999999998 0 372824 0.3056 0.00017441860465117198
1645256935127 1 11.602124000000003 0 326437 0.2672 0.00017441860465117198
1645256938866 1 11.833846999999992 0 383127 0.31320000000000003 0.00017441860465117198
1645256943234 1 11.578424000000012 0 400632 0.3265 0.00017441860465117198
1645256947151 1 11.550646 0 342596 0.2802 0.00017441860465117198
1645256951083 1 11.793745999999999 0 407655 0.33330000000000004 0.00017441860465117198
1645256954953 1 11.78452200000001 0 337450 0.2763 0.00017441860465117198
1645256958871 1 11.775480000000016 0 404220 0.3309 0.00017441860465117198
1645256963209 1 11.512857999999994 0 331794 0.27290000000000003 0.00017441860465117198
1645256967022 1 11.757854000000009 0 390086 0.3196 0.00017441860465117198
1645256971300 1 11.499173000000013 0 387516 0.3169 0.00017441860465117198
1645256974905 1 11.733729000000011 0 365827 0.2994 0.00017441860465117198
1645256978729 1 11.977893999999992 0 392579 0.32130000000000003 0.00017441860465117198
1645256983102 1 11.720855 0 337939 0.2763 0.00017441860465117198
1645256987051 1 11.713077999999996 0 406896 0.33340000000000003 0.00017441860465117198
1645256990851 1 11.951454000000012 0 390582 0.3196 0.00017441860465117198
1645256995159 1 11.693804999999998 0 328479 0.2701 0.00017441860465117198
1645256999034 1 11.682650999999993 0 399016 0.327 0.00017441860465117198
1645257003182 1 11.668295999999998 0 370990 0.30419999999999997 0.00017441860465117198
1645257006820 1 11.908287000000001 0 371149 0.304 0.00017441860465117198
1645257010987 1 11.649700999999993 0 372261 0.30569999999999997 0.00017441860465117198
1645257014829 1 11.892568000000011 0 394237 0.32320000000000004 0.00017441860465117198
1645257018954 1 11.881101999999998 0 368311 0.30169999999999997 0.00017441860465117198
1645257023197 1 11.616960000000006 0 381418 0.3129 0.00017441860465117198
1645257026818 1 11.859848 0 368451 0.3015 0.00017441860465117198
1645257030982 1 11.851480999999978 0 371908 0.3055 0.00017441860465117198
1645257035256 1 11.590434000000016 0 328352 0.2671 0.00017441860465117198
1645257038964 1 11.833425999999974 0 379027 0.3105 0.00017441860465117198
1645257042902 1 11.815293999999994 0 407465 0.3332 0.00017441860465117198
1645257047249 1 11.555039000000022 0 333046 0.2738 0.00017441860465117198
1645257050775 1 11.853048000000001 0 416856 0.34199999999999997 0.00017441860465117198
1645257055116 1 11.535465999999985 0 335171 0.2737 0.00017441860465117198
1645257059024 1 11.77847700000001 0 401613 0.3294 0.00017441860465117198
1645257062899 1 11.765424999999993 0 337330 0.2764 0.00017441860465117198
1645257067230 1 11.505719 0 391244 0.322 0.00017441860465117198
1645257071019 1 11.74578200000002 0 387864 0.318 0.00017441860465117198
1645257075102 1 11.734713 0 363813 0.2973 0.00017441860465117198
1645257078912 1 11.725893999999982 0 391839 0.3205 0.00017441860465117198
1645257082781 1 11.966318000000001 0 336898 0.2762 0.00017441860465117198
1645257087011 1 11.70742100000001 0 381135 0.3129 0.00017441860465117198
1645257090777 1 11.945907999999974 0 386654 0.317 0.00017441860465117198
1645257094743 1 11.93221699999998 0 347396 0.2853 0.00017441860465117198
1645257099071 1 11.669969999999978 0 392538 0.322 0.00017441860465117198

