1645246364343 1 3.999999 966 346799 0.0858 -4.1538
1645246366429 3 5.931901 0 755039 0.1878 0.000174418604651283
1645246368613 3 7.748835000000001 0 835161 0.209 0.00043023255813956496
1645246370993 3 9.36871 0 908792 0.2274 0.00043023255813956496
1645246373114 3 11.249094999999999 0 804438 0.2015 0.00043023255813956496
1645246376792 3 11.707892999999999 0 828659 0.2076 0.00043023255813956496
1645246380739 3 11.691468 0 937332 0.2343 0.00043023255813956496
1645246384785 3 11.686723999999998 0 776416 0.1945 0.00043023255813956496
1645246388450 3 11.931300000000004 0 1025687 0.2565 0.00043023255813956496
1645246392591 3 11.922377000000001 0 815426 0.2042 0.00043023255813956496
1645246396910 3 11.664852000000003 0 884625 0.2222 0.00043023255813956496
1645246400793 3 11.654827000000004 0 904952 0.22669999999999998 0.00043023255813956496
1645246404785 3 11.648656000000003 0 954418 0.23889999999999997 0.00043023255813956496
1645246408668 3 11.886911000000005 0 910446 0.2278 0.00043023255813956496
1645246412582 3 11.868958 0 922454 0.2306 0.00043023255813956496
1645246416538 3 11.863037000000006 0 942842 0.2359 0.00043023255813956496
1645246420848 3 11.603840000000005 0 884128 0.2211 0.00043023255813956496
1645246424526 3 11.850018000000006 0 828263 0.20729999999999998 0.00043023255813956496
1645246428586 3 11.840866000000005 0 981175 0.2454 0.00043023255813956496
1645246432534 3 11.835971999999998 0 939007 0.23370000000000002 0.00043023255813956496
1645246436743 3 11.825827000000004 0 841370 0.2104 0.00043023255813956496
1645246440719 3 11.820169000000007 0 947658 0.23679999999999998 0.00043023255813956496
1645246444905 3 11.561706000000001 0 828958 0.2072 0.00043023255813956496
1645246448957 3 11.556565000000006 0 977791 0.2444 0.00043023255813956496
1645246452689 3 11.79983200000001 0 847215 0.2122 0.00043023255813956496
1645246456730 3 11.792060000000006 0 978032 0.24409999999999998 0.00043023255813956496
1645246460670 3 11.787417000000005 0 934237 0.23420000000000002 0.00043023255813956496
1645246464994 3 11.523177000000004 0 889600 0.2225 0.00043023255813956496
1645246469074 3 11.511499 0 988774 0.24780000000000002 0.00043023255813956496
1645246472703 3 11.75748800000001 0 808061 0.202 0.00043023255813956496
1645246476803 3 11.742199999999997 0 995677 0.24900000000000003 0.00043023255813956496
1645246480719 3 11.726094000000003 0 924757 0.2312 0.00043023255813956496
1645246484843 3 11.715024999999997 0 808228 0.2022 0.00043023255813956496
1645246488478 3 11.956168000000005 0 1014212 0.2536 0.00043023255813956496
1645246492686 3 11.70124100000001 0 845218 0.2111 0.00043023255813956496
1645246496564 3 11.944024000000013 0 910767 0.22799999999999998 0.00043023255813956496
1645246500924 3 11.686600999999996 0 901777 0.2257 0.00043023255813956496
1645246504450 3 11.926005000000004 0 967347 0.242 0.00043023255813956496
1645246510347 3 10.017053000000004 0 935273 0.5786 0.00043023255813956496
1645246512888 3 11.473285000000004 0 916928 0.2351 0.00043023255813956496
1645246516846 3 11.643620999999996 0 940743 0.2353 0.00043023255813956496
1645246520650 3 11.888643000000002 0 877888 0.2192 0.00043023255813956496
1645246524853 3 11.632042000000013 0 839766 0.21000000000000002 0.00043023255813956496
1645246528910 3 11.623106000000007 0 976062 0.2445 0.00043023255813956496
1645246532909 3 11.609104000000002 0 958353 0.2398 0.00043023255813956496
1645246536612 3 11.853180000000009 0 836268 0.20929999999999999 0.00043023255813956496
1645246540639 3 11.843008999999995 0 968967 0.2425 0.00043023255813956496
1645246544805 3 11.587964 0 825839 0.2057 0.00043023255813956496
1645246548842 3 11.576972000000012 0 974212 0.24359999999999998 0.00043023255813956496
1645246552617 3 11.820172000000014 0 867483 0.2178 0.00043023255813956496
1645246556692 3 11.802526999999998 0 987232 0.2467 0.00043023255813956496
1645246560595 3 11.791269999999997 0 921956 0.23020000000000002 0.00043023255813956496
1645246564983 3 11.536607000000004 0 913803 0.2292 0.00043023255813956496
1645246568984 3 11.526607000000013 0 958215 0.2394 0.00043023255813956496
1645246572670 3 11.766624000000007 0 832934 0.2084 0.00043023255813956496
1645246576787 3 11.760491000000002 0 1005593 0.2516 0.00043023255813956496
1645246580732 3 11.756454999999988 0 935985 0.23420000000000002 0.00043023255813956496
1645246584848 3 11.747738999999996 0 802415 0.2009 0.00043023255813956496
1645246588451 3 11.992683999999997 0 999009 0.24860000000000002 0.00043023255813956496
1645246592729 3 11.732040000000012 0 869418 0.21760000000000002 0.00043023255813956496
1645246596592 3 11.975172000000015 0 897686 0.22480000000000003 0.00043023255813956496
1645246600594 3 11.964782000000014 0 960141 0.24009999999999998 0.00043023255813956496
1645246604489 3 11.956535000000002 0 914618 0.2292 0.00043023255813956496
1645246608482 3 11.948676000000006 0 949031 0.2374 0.00043023255813956496
1645246612882 3 11.69250199999999 0 919929 0.2299 0.00043023255813956496
1645246616810 3 11.686379000000017 0 930570 0.2324 0.00043023255813956496
1645246620646 3 11.928237000000024 0 894188 0.2237 0.00043023255813956496
1645246624835 3 11.667192999999997 0 835562 0.2089 0.00043023255813956496
1645246628906 3 11.660180000000025 0 986170 0.2465 0.00043023255813956496
1645246632896 3 11.65268100000003 0 955812 0.2392 0.00043023255813956496
1645246636593 3 11.891271000000017 0 837688 0.209 0.00043023255813956496
1645246640636 3 11.877505999999983 0 972932 0.24359999999999998 0.00043023255813956496
1645246644760 3 11.615476999999998 0 807690 0.20190000000000002 0.00043023255813956496
1645246648785 3 11.601834999999994 0 968173 0.2426 0.00043023255813956496
1645246652570 3 11.843537000000026 0 872734 0.2182 0.00043023255813956496
1645246656663 3 11.82833800000003 0 991679 0.2485 0.00043023255813956496
1645246660588 3 11.814024000000018 0 930061 0.2325 0.00043023255813956496
1645246664903 3 11.561027000000024 0 884740 0.22139999999999999 0.00043023255813956496
1645246668934 3 11.55131 0 968599 0.24300000000000002 0.00043023255813956496
1645246672663 3 11.794885000000022 0 848189 0.2113 0.00043023255813956496
1645246676746 3 11.788814000000002 0 989262 0.2476 0.00043023255813956496
1645246680701 3 11.781875000000014 0 929927 0.233 0.00043023255813956496
1645246684915 3 11.526042000000018 0 845977 0.21000000000000002 0.00043023255813956496
1645246689056 3 11.513762999999983 0 1009703 0.25270000000000004 0.00043023255813956496
1645246692817 3 11.758642000000009 0 861836 0.2158 0.00043023255813956496

