1645245321945 1 3.999999 2289 346799 0.21800000000000003 -9.842699999999999
1645245325300 2 4.647683 0 500350 0.3149 0.000174418604651283
1645245328840 2 5.108283000000001 0 545518 0.3436 0.00027906976744174194
1645245332632 2 5.316656 0 584100 0.3685 0.00027906976744174194
1645245335954 2 5.995013999999999 0 512169 0.3226 0.00027906976744174194
1645245339708 2 6.243371999999997 0 578121 0.3646 0.00027906976744174194
1645245343825 2 6.122928999999999 0 636691 0.40069999999999995 0.00027906976744174194
1645245347218 2 6.7323699999999995 0 519743 0.32799999999999996 0.00027906976744174194
1645245351448 2 6.500394000000004 0 653153 0.4124 0.00027906976744174194
1645245354909 2 7.0447440000000014 0 531618 0.33540000000000003 0.00027906976744174194
1645245358728 2 7.220501000000006 0 588952 0.3709 0.00027906976744174194
1645245362462 2 7.489567000000001 0 575427 0.36269999999999997 0.00027906976744174194
1645245366228 2 7.720700000000001 0 582800 0.3661 0.00027906976744174194
1645245370221 2 7.728483000000004 0 619183 0.3897 0.00027906976744174194
1645245374066 2 7.8825490000000045 0 592095 0.37320000000000003 0.00027906976744174194
1645245377915 2 8.036006 0 588643 0.3713 0.00027906976744174194
1645245381829 2 8.119449000000003 0 604781 0.381 0.00027906976744174194
1645245385104 2 8.847072000000004 0 504428 0.3176 0.00027906976744174194
1645245389049 2 8.899826000000004 0 608117 0.38380000000000003 0.00027906976744174194
1645245393224 2 8.724325000000007 0 645520 0.40700000000000003 0.00027906976744174194
1645245396838 2 9.109567999999996 0 557793 0.3514 0.00027906976744174194
1645245400954 2 8.993805000000009 0 635530 0.40090000000000003 0.00027906976744174194
1645245404341 2 9.605421000000007 0 520041 0.3282 0.00027906976744174194
1645245408593 2 9.355192000000002 0 656205 0.4109 0.00027906976744174194
1645245411951 2 9.997872999999998 0 516287 0.3255 0.00027906976744174194
1645245416022 2 9.927495000000008 0 627180 0.3963 0.00027906976744174194
1645245419933 2 10.015620999999996 0 603841 0.3806 0.00027906976744174194
1645245423713 2 10.237856000000008 0 582703 0.3666 0.00027906976744174194
1645245427763 2 10.185236000000003 0 626605 0.3942 0.00027906976744174194
1645245431228 2 10.720549000000005 0 535113 0.33690000000000003 0.00027906976744174194
1645245435354 2 10.594363999999999 0 638212 0.4021 0.00027906976744174194
1645245439327 2 10.621256000000002 0 615017 0.388 0.00027906976744174194
1645245442791 2 11.158569999999997 0 533736 0.33599999999999997 0.00027906976744174194
1645245447060 2 10.888354000000007 0 661250 0.4162 0.00027906976744174194
1645245450622 2 11.326663999999994 0 547682 0.34550000000000003 0.00027906976744174194
1645245454471 2 11.480757000000011 0 594286 0.3741 0.00027906976744174194
1645245458353 2 11.598298999999997 0 599508 0.3772 0.00027906976744174194
1645245462231 2 11.718905000000007 0 599347 0.3781 0.00027906976744174194
1645245466184 2 11.764884999999992 0 609977 0.3848 0.00027906976744174194
1645245470086 2 11.862124999999992 0 604926 0.38079999999999997 0.00027906976744174194
1645245474439 2 11.702500000000015 0 594986 0.3752 0.00027906976744174194
1645245478242 2 11.706515999999993 0 588726 0.3702 0.00027906976744174194
1645245482133 2 11.92721499999999 0 523106 0.3292 0.00027906976744174194
1645245486144 2 11.804819000000009 0 618775 0.3907 0.00027906976744174194
1645245490296 2 11.653704000000005 0 642262 0.40499999999999997 0.00027906976744174194
1645245494392 2 11.652398000000005 0 553119 0.3484 0.00027906976744174194
1645245498536 2 11.414217000000008 0 640678 0.40380000000000005 0.00027906976744174194
1645245502007 2 11.940620999999993 0 535087 0.33690000000000003 0.00027906976744174194
1645245506171 2 11.776843000000014 0 645101 0.4069 0.00027906976744174194
1645245510193 2 11.870161999999993 0 542740 0.3422 0.00027906976744174194
1645245514289 2 11.658847000000009 0 635250 0.4002 0.00027906976744174194
1645245518225 2 11.724435999999997 0 607370 0.3829 0.00027906976744174194
1645245522122 2 11.826369999999997 0 601045 0.3791 0.00027906976744174194
1645245526041 2 11.907677000000007 0 605033 0.38180000000000003 0.00027906976744174194
1645245530482 2 11.575423 0 530643 0.3339 0.00027906976744174194
1645245534687 2 11.261899 0 652691 0.41050000000000003 0.00027906976744174194
1645245538641 2 11.308365000000009 0 609815 0.3848 0.00027906976744174194
1645245542182 2 11.765848000000005 0 544612 0.3436 0.00027906976744174194
1645245546281 2 11.671098 0 632508 0.3982 0.00027906976744174194
1645245550061 2 11.889506000000011 0 583029 0.3674 0.00027906976744174194
1645245554015 2 11.937253999999996 0 609324 0.38370000000000004 0.00027906976744174194
1645245558362 2 11.766334 0 593619 0.37429999999999997 0.00027906976744174194
1645245562336 2 11.613091999999995 0 613859 0.3877 0.00027906976744174194
1645245566273 2 11.675894999999997 0 608720 0.3839 0.00027906976744174194
1645245570208 2 11.740822000000009 0 606705 0.3829 0.00027906976744174194
1645245574043 2 11.905371000000002 0 593343 0.3733 0.00027906976744174194
1645245578355 2 11.72706199999999 0 587405 0.3705 0.00027906976744174194
1645245582171 2 11.957398000000012 0 509910 0.3215 0.00027906976744174194
1645245586206 2 11.742281999999989 0 624112 0.3933 0.00027906976744174194
1645245590294 2 11.654582000000005 0 631553 0.3988 0.00027906976744174194
1645245594423 2 11.68189799999999 0 558385 0.35209999999999997 0.00027906976744174194
1645245598569 2 11.379006000000004 0 642127 0.404 0.00027906976744174194
1645245602011 2 11.937669000000028 0 530123 0.3338 0.00027906976744174194
1645245606188 2 11.760531000000015 0 646460 0.40780000000000005 0.00027906976744174194
1645245610218 2 11.904330000000016 0 544018 0.3426 0.00027906976744174194
1645245614357 2 11.591633000000002 0 639772 0.40380000000000005 0.00027906976744174194
1645245618353 2 11.596931999999981 0 616543 0.3887 0.00027906976744174194
1645245622137 2 11.810386999999992 0 585544 0.3684 0.00027906976744174194
1645245626064 2 11.883527000000015 0 607252 0.3825 0.00027906976744174194
1645245630536 2 11.599805000000003 0 534940 0.33690000000000003 0.00027906976744174194
1645245634664 2 11.288989000000015 0 638300 0.40190000000000003 0.00027906976744174194
1645245638720 2 11.229084999999998 0 626429 0.3955 0.00027906976744174194
1645245642219 2 11.729534000000001 0 538866 0.3396 0.00027906976744174194
1645245646339 2 11.611025999999981 0 636237 0.40099999999999997 0.00027906976744174194

