1645234720045 1 3.999999 2385 346799 0.22799999999999998 -10.2555
1645234723538 2 4.513763 0 500350 0.32799999999999996 0.000174418604651283
1645234727223 2 4.828981000000001 0 545518 0.3577 0.00027906976744174194
1645234731169 2 4.882897000000002 0 584100 0.384 0.00027906976744174194
1645234734647 2 5.406275999999998 0 512169 0.33599999999999997 0.00027906976744174194
1645234738572 2 5.494128 0 578121 0.37970000000000004 0.00027906976744174194
1645234742906 2 5.146753999999998 0 636691 0.4178 0.00027906976744174194
1645234746430 2 5.624824 0 519743 0.3418 0.00027906976744174194
1645234750837 2 5.216221000000001 0 653153 0.4298 0.00027906976744174194
1645234754436 2 5.615618000000005 0 531618 0.3497 0.00027906976744174194
1645234758410 2 5.642908000000006 0 588952 0.38730000000000003 0.00027906976744174194
1645234762298 2 5.7546859999999995 0 575427 0.3775 0.00027906976744174194
1645234766236 2 5.816574000000003 0 582800 0.3832 0.00027906976744174194
1645234770411 2 5.644169000000005 0 619183 0.40730000000000005 0.00027906976744174194
1645234774420 2 5.633015 0 592095 0.38980000000000004 0.00027906976744174194
1645234778385 2 5.667293000000001 0 588643 0.3871 0.00027906976744174194
1645234782453 2 5.598381000000003 0 604781 0.3971 0.00027906976744174194
1645234785881 2 6.175155000000004 0 504428 0.3323 0.00027906976744174194
1645234789983 2 6.070801000000003 0 608117 0.4 0.00027906976744174194
1645234794333 2 5.727817999999999 0 645520 0.4224 0.00027906976744174194
1645234798101 2 5.954065999999997 0 557793 0.3651 0.00027906976744174194
1645234802386 2 5.666380000000004 0 635530 0.4181 0.00027906976744174194
1645234805896 2 6.157003000000003 0 520041 0.341 0.00027906976744174194
1645234810319 2 5.734290999999999 0 656205 0.4307 0.00027906976744174194
1645234813836 2 6.228290000000001 0 516287 0.339 0.00027906976744174194
1645234818068 2 5.984287000000009 0 627180 0.41269999999999996 0.00027906976744174194
1645234822134 2 5.917473000000001 0 603841 0.3969 0.00027906976744174194
1645234826067 2 5.985610000000008 0 582703 0.383 0.00027906976744174194
1645234830297 2 5.762090999999998 0 626605 0.41159999999999997 0.00027906976744174194
1645234833904 2 6.147501000000005 0 535113 0.3499 0.00027906976744174194
1645234838203 2 5.848638000000008 0 638212 0.4185 0.00027906976744174194
1645234842383 2 5.678548000000006 0 615017 0.404 0.00027906976744174194
1645234845985 2 6.067469000000003 0 533736 0.3499 0.00027906976744174194
1645234850427 2 5.625550000000004 0 661250 0.43410000000000004 0.00027906976744174194
1645234854136 2 5.920014000000009 0 547682 0.36 0.00027906976744174194
1645234858151 2 5.90463299999999 0 594286 0.3893 0.00027906976744174194
1645234862202 2 5.852154000000013 0 599508 0.39390000000000003 0.00027906976744174194
1645234866265 2 5.7866710000000126 0 599347 0.3949 0.00027906976744174194
1645234870381 2 5.678578000000016 0 609977 0.40099999999999997 0.00027906976744174194
1645234874463 2 5.593168999999989 0 604926 0.3963 0.00027906976744174194
1645234878500 2 5.553567000000015 0 594986 0.39089999999999997 0.00027906976744174194
1645234882480 2 5.579335000000015 0 588726 0.3869 0.00027906976744174194
1645234886027 2 6.026173 0 523106 0.3437 0.00027906976744174194
1645234890213 2 5.848782999999997 0 618775 0.40679999999999994 0.00027906976744174194
1645234894545 2 5.513237000000004 0 642262 0.42069999999999996 0.00027906976744174194
1645234898295 2 5.76006000000001 0 553119 0.364 0.00027906976744174194
1645234902619 2 5.434326999999996 0 640678 0.42119999999999996 0.00027906976744174194
1645234906260 2 5.798428000000001 0 535087 0.352 0.00027906976744174194
1645234910619 2 5.438463000000013 0 645101 0.4236 0.00027906976744174194
1645234914314 2 5.738903999999991 0 542740 0.35750000000000004 0.00027906976744174194
1645234918591 2 5.467057000000011 0 635250 0.4168 0.00027906976744174194
1645234922685 2 5.36817400000001 0 607370 0.3986 0.00027906976744174194
1645234926750 2 5.3047889999999995 0 601045 0.3947 0.00027906976744174194
1645234930833 2 5.219560999999999 0 605033 0.3977 0.00027906976744174194
1645234934432 2 5.6214980000000025 0 530643 0.3489 0.00027906976744174194
1645234938831 2 5.228018999999989 0 652691 0.429 0.00027906976744174194
1645234942962 2 5.091555 0 609815 0.4006 0.00027906976744174194
1645234946655 2 5.399506000000002 0 544612 0.3579 0.00027906976744174194
1645234950912 2 5.141987999999998 0 632508 0.41509999999999997 0.00027906976744174194
1645234954859 2 5.20189400000001 0 583029 0.3829 0.00027906976744174194
1645234958978 2 5.086334999999991 0 609324 0.3997 0.00027906976744174194
1645234962988 2 5.067487 0 593619 0.39 0.00027906976744174194
1645234967116 2 4.938319000000007 0 613859 0.4029 0.00027906976744174194
1645234971230 2 4.825714000000005 0 608720 0.39940000000000003 0.00027906976744174194
1645234975333 2 4.7221079999999915 0 606705 0.399 0.00027906976744174194
1645234979334 2 4.718322000000001 0 593343 0.3886 0.00027906976744174194
1645234983297 2 4.758097000000021 0 587405 0.3846 0.00027906976744174194
1645234986761 2 5.2918789999999944 0 509910 0.33490000000000003 0.00027906976744174194
1645234990955 2 5.100252000000012 0 624112 0.40869999999999995 0.00027906976744174194
1645234995206 2 4.846792999999991 0 631553 0.4149 0.00027906976744174194
1645234998979 2 5.073791000000028 0 558385 0.3666 0.00027906976744174194
1645235003295 2 4.7579959999999915 0 642127 0.421 0.00027906976744174194
1645235006885 2 5.168258999999978 0 530123 0.3489 0.00027906976744174194
1645235011234 2 4.818187000000023 0 646460 0.425 0.00027906976744174194
1645235014906 2 5.146180000000015 0 544018 0.3568 0.00027906976744174194
1645235019227 2 4.825548000000026 0 639772 0.42119999999999996 0.00027906976744174194
1645235023380 2 4.673330000000021 0 616543 0.4044 0.00027906976744174194
1645235027325 2 4.726877999999999 0 585544 0.3842 0.00027906976744174194
1645235031417 2 4.6375320000000215 0 607252 0.3983 0.00027906976744174194
1645235035046 2 5.007228999999995 0 534940 0.3518 0.00027906976744174194
1645235039346 2 4.706667999999979 0 638300 0.4185 0.00027906976744174194
1645235043563 2 4.488873000000012 0 626429 0.41100000000000003 0.00027906976744174194
1645235047205 2 4.84833900000001 0 538866 0.354 0.00027906976744174194

