1645252314006 1 3.999999 914 346799 0.0792 -3.9301999999999997
1645252315817 1 6.241391 0 363755 0.08399999999999999 0.00017441860465117198
1645252316779 1 9.280403 0 362842 0.0827 0.00017441860465117198
1645252319071 3 10.985663 0 908792 0.2077 0.000174418604651283
1645252322525 3 11.652152999999998 0 804438 0.1836 0.00043023255813956496
1645252326557 3 11.641167 0 828659 0.1895 0.00043023255813956496
1645252330372 3 11.885365 0 937332 0.21400000000000002 0.00043023255813956496
1645252334280 3 11.869629 0 776416 0.17729999999999999 0.00043023255813956496
1645252338252 3 11.860269000000002 0 1025687 0.23450000000000001 0.00043023255813956496
1645252342247 3 11.852900000000002 0 815426 0.18660000000000002 0.00043023255813956496
1645252346392 3 11.842509 0 884625 0.2022 0.00043023255813956496
1645252350583 3 11.570867 0 904952 0.2069 0.00043023255813956496
1645252354522 3 11.552790000000002 0 954418 0.2166 0.00043023255813956496
1645252358718 3 11.547152000000004 0 910446 0.20800000000000002 0.00043023255813956496
1645252362453 3 11.792732 0 922454 0.21080000000000002 0.00043023255813956496
1645252366733 3 11.538066 0 942842 0.21539999999999998 0.00043023255813956496
1645252370382 3 11.770900000000005 0 884128 0.2016 0.00043023255813956496
1645252374404 3 11.759386 0 828263 0.18939999999999999 0.00043023255813956496
1645252378760 3 11.502980000000008 0 981175 0.22360000000000002 0.00043023255813956496
1645252382535 3 11.743482 0 939007 0.2143 0.00043023255813956496
1645252386113 3 11.955416999999997 0 841370 0.1924 0.00043023255813956496
1645252390399 3 11.697471000000007 0 947658 0.21610000000000001 0.00043023255813956496
1645252394423 3 11.686976000000001 0 828958 0.188 0.00043023255813956496
1645252398276 3 11.927017000000006 0 977791 0.2232 0.00043023255813956496
1645252402335 3 11.921124000000006 0 847215 0.1936 0.00043023255813956496
1645252406193 3 11.907947000000007 0 978032 0.22290000000000001 0.00043023255813956496
1645252410461 3 11.646698999999998 0 934237 0.213 0.00043023255813956496
1645252414633 3 11.639697999999996 0 889600 0.2032 0.00043023255813956496
1645252418530 3 11.634642999999997 0 988774 0.2259 0.00043023255813956496
1645252422504 3 11.622703999999999 0 808061 0.1855 0.00043023255813956496
1645252426397 3 11.866631999999996 0 995677 0.22759999999999997 0.00043023255813956496
1645252430657 3 11.605947 0 924757 0.21059999999999998 0.00043023255813956496
1645252434617 3 11.598317000000009 0 808228 0.1847 0.00043023255813956496
1645252438557 3 11.585577 0 1014212 0.2319 0.00043023255813956496
1645252442609 3 11.576043999999996 0 845218 0.1924 0.00043023255813956496
1645252446315 3 11.819986999999998 0 910767 0.2082 0.00043023255813956496
1645252450511 3 11.557549999999992 0 901777 0.2057 0.00043023255813956496
1645252454336 3 11.793194999999997 0 967347 0.22069999999999998 0.00043023255813956496
1645252458603 3 11.538735000000003 0 935273 0.2144 0.00043023255813956496
1645252462343 3 11.779055 0 916928 0.2097 0.00043023255813956496
1645252466740 3 11.522569000000004 0 940743 0.21480000000000002 0.00043023255813956496
1645252470373 3 11.757059999999996 0 877888 0.2004 0.00043023255813956496
1645252474419 3 11.746422999999993 0 839766 0.192 0.00043023255813956496
1645252478273 3 11.989216999999996 0 976062 0.2231 0.00043023255813956496
1645252482098 3 11.982294999999993 0 958353 0.2191 0.00043023255813956496
1645252486150 3 11.977640000000008 0 836268 0.1913 0.00043023255813956496
1645252490483 3 11.720146 0 968967 0.22139999999999999 0.00043023255813956496
1645252494489 3 11.64079799999999 0 825839 0.1888 0.00043023255813956496
1645252498345 3 11.94521499999999 0 974212 0.22290000000000001 0.00043023255813956496
1645252502407 0 11.88042999999999 0 128759 0.029699999999999997 0.00043023255813956496
1645252506480 0 11.625029000000012 0 199367 0.0456 0.00006976744186043549
1645252510601 0 11.612225999999993 0 220759 0.0501 0.00006976744186043549
1645252514617 0 11.603840999999989 0 149511 0.0405 0.00006976744186043549
1645252518577 0 11.589564999999993 0 118879 0.034 0.00006976744186043549
1645252522500 0 11.580385000000007 0 85418 0.026600000000000002 0.00006976744186043549
1645252526359 0 11.825085999999999 0 68807 0.023200000000000002 0.00006976744186043549
1645252530351 0 11.814186000000007 0 132565 0.037 0.00006976744186043549
1645252534311 0 11.810786000000007 0 117262 0.034 0.00006976744186043549
1645252538276 0 11.805123000000009 0 116418 0.0334 0.00006976744186043549
1645252542497 0 11.796817000000004 0 223024 0.058399999999999994 0.00006976744186043549
1645252546676 0 11.525225000000006 0 214538 0.0558 0.00006976744186043549
1645252550782 0 11.517371999999995 0 178191 0.0482 0.00006976744186043549
1645252554355 0 11.744033000000002 0 161454 0.0441 0.00006976744186043549
1645252558537 0 11.739357000000012 0 212225 0.05639999999999999 0.00006976744186043549
1645252562182 0 11.973028 0 195858 0.052000000000000005 0.00006976744186043549
1645252566146 0 11.966573000000011 0 119665 0.0342 0.00006976744186043549
1645252570646 0 11.658649000000025 0 108667 0.0322 0.00006976744186043549
1645252574494 0 11.623455999999976 0 64782 0.0219 0.00006976744186043549
1645252578389 0 11.867608000000018 0 87523 0.0269 0.00006976744186043549
1645252582458 0 11.601026999999988 0 155607 0.0428 0.00006976744186043549
1645252586384 0 11.846194000000025 0 100404 0.0301 0.00006976744186043549
1645252590500 0 11.582787999999994 0 183614 0.049 0.00006976744186043549
1645252594638 0 11.577535000000012 0 197686 0.0518 0.00006976744186043549
1645252598321 0 11.816201999999976 0 217520 0.056799999999999996 0.00006976744186043549
1645252602317 0 11.810624000000018 0 132353 0.0372 0.00006976744186043549
1645252606482 0 11.801449999999988 0 199853 0.054000000000000006 0.00006976744186043549
1645252610679 0 11.545155000000022 0 225614 0.058499999999999996 0.00006976744186043549
1645252614716 0 11.53543400000001 0 150477 0.0414 0.00006976744186043549
1645252618671 0 11.528481 0 117995 0.034 0.00006976744186043549
1645252622567 0 11.518707000000006 0 86503 0.026600000000000002 0.00006976744186043549
1645252626410 0 11.760453999999982 0 67335 0.0228 0.00006976744186043549
1645252630399 0 11.748485000000016 0 132169 0.0371 0.00006976744186043549
1645252634378 0 11.737017999999978 0 118800 0.0342 0.00006976744186043549
1645252638335 0 11.732793000000015 0 116618 0.0337 0.00006976744186043549

