1645247665621 1 3.999999 1795 346799 0.1673 -7.7185
1645247667554 0 6.0936319999999995 0 213385 0.10300000000000001 0.00017441860465117198
1645247669435 1 8.213891 0 362842 0.1744 0.000069767441860491
1645247671406 1 10.244144 0 384791 0.1854 0.00017441860465117198
1645247674165 1 11.543178999999999 0 339137 0.1638 0.00017441860465117198
1645247678187 1 11.536036999999999 0 393219 0.1898 0.00017441860465117198
1645247682263 1 11.525600999999998 0 406206 0.1958 0.00017441860465117198
1645247686341 1 11.512522999999998 0 303135 0.1456 0.00017441860465117198
1645247689973 1 11.753560000000004 0 414092 0.2009 0.00017441860465117198
1645247693728 1 11.993301000000002 0 337705 0.1629 0.00017441860465117198
1645247698135 1 11.733521000000003 0 366374 0.17709999999999998 0.00017441860465117198
1645247701969 1 11.725494000000005 0 352030 0.1704 0.00017441860465117198
1645247705882 1 11.967620000000004 0 371605 0.179 0.00017441860465117198
1645247709860 1 11.957324 0 385670 0.1863 0.00017441860465117198
1645247713784 1 11.951512000000001 0 374050 0.1804 0.00017441860465117198
1645247718194 1 11.692770000000003 0 367058 0.1769 0.00017441860465117198
1645247722142 1 11.670576000000004 0 377983 0.1826 0.00017441860465117198
1645247725841 1 11.905687 0 326924 0.1572 0.00017441860465117198
1645247729851 1 11.897940000000006 0 388939 0.1881 0.00017441860465117198
1645247733888 1 11.891553000000002 0 392939 0.1898 0.00017441860465117198
1645247737764 1 11.882694 0 362131 0.1759 0.00017441860465117198
1645247741833 1 11.877781999999996 0 402712 0.195 0.00017441860465117198
1645247746030 1 11.865302999999997 0 327400 0.1578 0.00017441860465117198
1645247750090 1 11.590619000000004 0 401133 0.194 0.00017441860465117198
1645247754264 1 11.580217000000005 0 317452 0.1538 0.00017441860465117198
1645247758278 1 11.57364100000001 0 391753 0.18919999999999998 0.00017441860465117198
1645247762265 1 11.566420000000008 0 384934 0.1865 0.00017441860465117198
1645247766150 1 11.559108000000009 0 367179 0.1769 0.00017441860465117198
1645247770152 1 11.555035000000004 0 387965 0.1879 0.00017441860465117198
1645247773892 1 11.794218 0 333821 0.1609 0.00017441860465117198
1645247777918 1 11.787363999999997 0 394452 0.1908 0.00017441860465117198
1645247782019 1 11.777015000000006 0 409513 0.19770000000000001 0.00017441860465117198
1645247786155 1 11.51585200000001 0 307174 0.14850000000000002 0.00017441860465117198
1645247790316 1 11.506737999999999 0 420407 0.20299999999999999 0.00017441860465117198
1645247794083 1 11.74606399999999 0 340231 0.1644 0.00017441860465117198
1645247798021 1 11.739228999999995 0 374730 0.1803 0.00017441860465117198
1645247801851 1 11.980712000000011 0 353022 0.1705 0.00017441860465117198
1645247805873 1 11.973705999999993 0 393253 0.1899 0.00017441860465117198
1645247809773 1 11.958579000000015 0 368813 0.17729999999999999 0.00017441860465117198
1645247813702 1 11.951731999999993 0 372578 0.1805 0.00017441860465117198
1645247818135 1 11.677830999999998 0 374507 0.1806 0.00017441860465117198
1645247822057 1 11.669985999999994 0 372824 0.1797 0.00017441860465117198
1645247825761 1 11.916011999999995 0 326437 0.1575 0.00017441860465117198
1645247830233 1 11.658093000000008 0 383127 0.18460000000000001 0.00017441860465117198
1645247833836 1 11.837097999999997 0 400632 0.1936 0.00017441860465117198
1645247838118 1 11.575738999999999 0 342596 0.1653 0.00017441860465117198
1645247842198 1 11.564100999999994 0 407655 0.1968 0.00017441860465117198
1645247845949 1 11.808272000000017 0 337450 0.1631 0.00017441860465117198
1645247850185 1 11.506204999999994 0 404220 0.1955 0.00017441860465117198
1645247853956 0 11.747738999999996 0 128759 0.0624 0.00017441860465117198
1645247858035 0 11.738251999999989 0 199367 0.0955 0.00006976744186043549
1645247861717 0 11.978267000000017 0 220759 0.1056 0.00006976744186043549
1645247866058 0 11.721494000000007 0 149511 0.0715 0.00006976744186043549
1645247869768 0 11.964889 0 118879 0.0586 0.00006976744186043549
1645247873827 0 11.957391999999999 0 85418 0.0435 0.00006976744186043549
1645247877810 0 11.946200000000005 0 68807 0.0346 0.00006976744186043549
1645247882101 0 11.68600699999999 0 132565 0.0655 0.00006976744186043549
1645247885807 0 11.927478000000008 0 117262 0.0578 0.00006976744186043549
1645247890012 0 11.666754999999995 0 116418 0.05789999999999999 0.00006976744186043549
1645247894240 0 11.656230999999991 0 223024 0.1109 0.00006976744186043549
1645247897918 0 11.865756000000005 0 214538 0.10500000000000001 0.00006976744186043549
1645247901906 0 11.855993000000012 0 178191 0.0862 0.00006976744186043549
1645247905831 0 11.846817000000016 0 161454 0.0796 0.00006976744186043549
1645247909988 0 11.837378999999999 0 212225 0.1035 0.00006976744186043549
1645247914075 0 11.576780000000014 0 195858 0.0964 0.00006976744186043549
1645247918290 0 11.562186999999994 0 119665 0.0593 0.00006976744186043549
1645247921954 0 11.805500999999992 0 108667 0.0541 0.00006976744186043549
1645247925920 0 11.793189999999981 0 64782 0.0325 0.00006976744186043549
1645247929985 0 11.78783900000002 0 87523 0.0432 0.00006976744186043549
1645247933871 0 11.77926500000001 0 155607 0.076 0.00006976744186043549
1645247937997 0 11.766908999999998 0 100404 0.05 0.00006976744186043549
1645247942009 0 11.760403999999994 0 183614 0.0898 0.00006976744186043549
1645247946094 0 11.747307999999975 0 197686 0.0963 0.00006976744186043549
1645247949782 0 11.988669000000016 0 217520 0.1065 0.00006976744186043549
1645247954043 0 11.730756999999983 0 132353 0.0636 0.00006976744186043549
1645247958151 0 11.716534000000024 0 199853 0.0984 0.00006976744186043549
1645247961895 0 11.944172999999978 0 225614 0.11000000000000001 0.00006976744186043549
1645247965744 0 11.936806999999988 0 150477 0.0733 0.00006976744186043549
1645247969954 0 11.926488000000006 0 117995 0.057999999999999996 0.00006976744186043549
1645247974013 0 11.656384000000003 0 86503 0.043 0.00006976744186043549
1645247977984 0 11.899389999999983 0 67335 0.033800000000000004 0.00006976744186043549
1645247982267 0 11.629799999999989 0 132169 0.06570000000000001 0.00006976744186043549
1645247986014 0 11.814705000000004 0 118800 0.059199999999999996 0.00006976744186043549
1645247990220 0 11.556145000000015 0 116618 0.056999999999999995 0.00006976744186043549

