1645233003419 1 3.999999 953 346799 0.0827 -4.097899999999999
1645233004411 1 7.066917 0 363755 0.0862 0.00017441860465117198
1645233005375 1 10.101623 0 362842 0.0868 0.00017441860465117198
1645233007895 1 11.742367000000002 0 384791 0.09190000000000001 0.00017441860465117198
1645233011523 3 11.984395 0 804438 0.1925 0.000174418604651283
1645233015647 3 11.978098 0 828659 0.2021 0.00043023255813956496
1645233019529 3 11.966327 0 937332 0.22679999999999997 0.00043023255813956496
1645233023996 3 11.700209999999998 0 776416 0.1854 0.00043023255813956496
1645233027552 3 11.941929000000002 0 1025687 0.2452 0.00043023255813956496
1645233031617 3 11.917514000000004 0 815426 0.19490000000000002 0.00043023255813956496
1645233035838 3 11.660896000000001 0 884625 0.21150000000000002 0.00043023255813956496
1645233039620 3 11.899618000000004 0 904952 0.2164 0.00043023255813956496
1645233044024 3 11.638733000000002 0 954418 0.2285 0.00043023255813956496
1645233047796 3 11.882038000000001 0 910446 0.2173 0.00043023255813956496
1645233051622 3 11.872323999999999 0 922454 0.22069999999999998 0.00043023255813956496
1645233055994 3 11.616441000000002 0 942842 0.2253 0.00043023255813956496
1645233059708 3 11.857412000000004 0 884128 0.2116 0.00043023255813956496
1645233063795 3 11.841443000000005 0 828263 0.19770000000000001 0.00043023255813956496
1645233067783 3 11.835999999999999 0 981175 0.2347 0.00043023255813956496
1645233072144 3 11.572759000000005 0 939007 0.22490000000000002 0.00043023255813956496
1645233075772 3 11.818792000000002 0 841370 0.2012 0.00043023255813956496
1645233080145 3 11.553943000000004 0 947658 0.2265 0.00043023255813956496
1645233083735 3 11.798642000000001 0 828958 0.19870000000000002 0.00043023255813956496
1645233087719 3 11.779793999999995 0 977791 0.23410000000000003 0.00043023255813956496
1645233091843 3 11.772153000000003 0 847215 0.2028 0.00043023255813956496
1645233095784 3 11.765887000000006 0 978032 0.23399999999999999 0.00043023255813956496
1645233100188 3 11.505674999999997 0 934237 0.2234 0.00043023255813956496
1645233103913 3 11.749477999999996 0 889600 0.21259999999999998 0.00043023255813956496
1645233107884 3 11.741387000000003 0 988774 0.2364 0.00043023255813956496
1645233111921 3 11.737094999999997 0 808061 0.1938 0.00043023255813956496
1645233115905 3 11.731445000000008 0 995677 0.238 0.00043023255813956496
1645233119713 3 11.970388 0 924757 0.21939999999999998 0.00043023255813956496
1645233123743 3 11.965865000000008 0 808228 0.193 0.00043023255813956496
1645233127772 3 11.703902999999997 0 1014212 0.2428 0.00043023255813956496
1645233131888 3 11.695661999999999 0 845218 0.2012 0.00043023255813956496
1645233135996 3 11.707716000000005 0 910767 0.2384 0.00043023255813956496
1645233139769 3 11.951453000000015 0 901777 0.21480000000000002 0.00043023255813956496
1645233143693 3 11.941029000000015 0 967347 0.231 0.00043023255813956496
1645233148076 3 11.682920999999993 0 935273 0.22349999999999998 0.00043023255813956496
1645233151872 3 11.918645999999995 0 916928 0.21949999999999997 0.00043023255813956496
1645233155722 3 11.908248000000015 0 940743 0.22490000000000002 0.00043023255813956496
1645233159926 3 11.899097000000012 0 877888 0.2097 0.00043023255813956496
1645233164037 3 11.63798700000001 0 839766 0.20070000000000002 0.00043023255813956496
1645233167980 3 11.872811000000013 0 976062 0.2333 0.00043023255813956496
1645233171881 3 11.868382999999994 0 958353 0.22949999999999998 0.00043023255813956496
1645233175985 3 11.856279 0 836268 0.1993 0.00043023255813956496
1645233179933 3 11.851310000000012 0 968967 0.23159999999999997 0.00043023255813956496
1645233184009 3 11.838859000000014 0 825839 0.1973 0.00043023255813956496
1645233187935 3 11.833969999999994 0 974212 0.23279999999999998 0.00043023255813956496
1645233192114 3 11.575024000000013 0 867483 0.20739999999999997 0.00043023255813956496
1645233196084 3 11.569286000000005 0 987232 0.2363 0.00043023255813956496
1645233199888 3 11.808797999999996 0 921956 0.21989999999999998 0.00043023255813956496
1645233204176 3 11.555059999999997 0 913803 0.21810000000000002 0.00043023255813956496
1645233208079 3 11.55123900000001 0 958215 0.22949999999999998 0.00043023255813956496
1645233212170 3 11.539119999999997 0 832934 0.1988 0.00043023255813956496
1645233216169 3 11.531588 0 1005593 0.23929999999999998 0.00043023255813956496
1645233220016 3 11.771638999999993 0 935985 0.22400000000000003 0.00043023255813956496
1645233224035 3 11.764358000000016 0 802415 0.1921 0.00043023255813956496
1645233228030 3 11.753112000000016 0 999009 0.2391 0.00043023255813956496
1645233231708 3 11.990539000000012 0 869418 0.2077 0.00043023255813956496
1645233235957 3 11.735464000000007 0 897686 0.215 0.00043023255813956496
1645233239859 3 11.976493000000005 0 960141 0.2299 0.00043023255813956496
1645233244149 3 11.718268999999992 0 914618 0.21869999999999998 0.00043023255813956496
1645233248016 3 11.706702000000007 0 949031 0.2266 0.00043023255813956496
1645233251821 3 11.951123999999993 0 919929 0.2198 0.00043023255813956496
1645233256163 3 11.690066000000002 0 930570 0.22240000000000001 0.00043023255813956496
1645233259900 3 11.929100000000005 0 894188 0.2136 0.00043023255813956496
1645233263996 3 11.67462999999998 0 835562 0.1998 0.00043023255813956496
1645233267956 3 11.669736999999998 0 986170 0.2358 0.00043023255813956496
1645233271845 3 11.910820999999999 0 955812 0.2286 0.00043023255813956496
1645233275950 3 11.902564999999981 0 837688 0.20070000000000002 0.00043023255813956496
1645233279885 3 11.89391999999998 0 972932 0.233 0.00043023255813956496
1645233283913 3 11.890022999999985 0 807690 0.1927 0.00043023255813956496
1645233287844 3 11.878062999999997 0 968173 0.231 0.00043023255813956496
1645233292035 3 11.61656099999999 0 872734 0.2084 0.00043023255813956496
1645233296018 3 11.856637999999975 0 991679 0.2378 0.00043023255813956496
1645233299847 3 11.844267000000002 0 930061 0.22290000000000001 0.00043023255813956496
1645233304068 3 11.586495000000014 0 884740 0.2116 0.00043023255813956496
1645233308003 3 11.829842999999983 0 968599 0.23220000000000002 0.00043023255813956496
1645233312157 3 11.574276999999995 0 848189 0.20259999999999997 0.00043023255813956496
1645233316130 3 11.56156199999998 0 989262 0.23650000000000002 0.00043023255813956496
1645233319966 3 11.799147000000005 0 929927 0.2225 0.00043023255813956496
1645233324098 3 11.543732999999975 0 845977 0.2024 0.00043023255813956496
1645233328110 3 11.531990000000008 0 1009703 0.2413 0.00043023255813956496
1645233332282 3 11.525038999999992 0 861836 0.2064 0.00043023255813956496

