1645244327756 1 3.999999 851 346799 0.0684 -3.6592999999999996
1645244328580 1 7.173474 0 363755 0.0718 0.00017441860465117198
1645244329396 1 10.360686000000001 0 362842 0.0716 0.00017441860465117198
1645244332257 1 11.545349000000002 0 384791 0.0759 0.00017441860465117198
1645244336132 3 11.781643999999998 0 804438 0.1673 0.000174418604651283
1645244340457 3 11.523644999999998 0 828659 0.17270000000000002 0.00043023255813956496
1645244344015 3 11.764616 0 937332 0.1944 0.00043023255813956496
1645244348155 3 11.760676999999998 0 776416 0.1538 0.00043023255813956496
1645244352286 3 11.49979 0 1025687 0.2032 0.00043023255813956496
1645244356006 3 11.996346000000003 0 815426 0.1613 0.00043023255813956496
1645244359859 3 11.989343000000005 0 884625 0.175 0.00043023255813956496
1645244364256 3 11.729085000000005 0 904952 0.1796 0.00043023255813956496
1645244368250 3 11.714758000000003 0 954418 0.1891 0.00043023255813956496
1645244372156 3 11.710327 0 910446 0.1805 0.00043023255813956496
1645244376088 3 11.702204000000002 0 922454 0.1833 0.00043023255813956496
1645244380055 3 11.946345 0 942842 0.1869 0.00043023255813956496
1645244383903 3 11.936143000000001 0 884128 0.1748 0.00043023255813956496
1645244388148 3 11.679633000000003 0 828263 0.16419999999999998 0.00043023255813956496
1645244392189 3 11.669247999999996 0 981175 0.1946 0.00043023255813956496
1645244396154 3 11.662416000000007 0 939007 0.1862 0.00043023255813956496
1645244399922 3 11.904222000000004 0 841370 0.1669 0.00043023255813956496
1645244403899 3 11.897867000000005 0 947658 0.1874 0.00043023255813956496
1645244408137 3 11.636913000000007 0 828958 0.1641 0.00043023255813956496
1645244412179 3 11.628623000000005 0 977791 0.1936 0.00043023255813956496
1645244415954 3 11.87115200000001 0 847215 0.1676 0.00043023255813956496
1645244419991 3 11.866008000000008 0 978032 0.1938 0.00043023255813956496
1645244423957 3 11.859159000000005 0 934237 0.1853 0.00043023255813956496
1645244428319 3 11.594944999999996 0 889600 0.17629999999999998 0.00043023255813956496
1645244432383 3 11.586747000000003 0 988774 0.1955 0.00043023255813956496
1645244436090 3 11.831282000000002 0 808061 0.1601 0.00043023255813956496
1645244440167 3 11.819197000000003 0 995677 0.1971 0.00043023255813956496
1645244444096 3 11.811478000000008 0 924757 0.1832 0.00043023255813956496
1645244448303 3 11.554929999999999 0 808228 0.1609 0.00043023255813956496
1645244452417 3 11.551063 0 1014212 0.20129999999999998 0.00043023255813956496
1645244456193 3 11.795772999999997 0 845218 0.1673 0.00043023255813956496
1645244460099 3 11.789356999999995 0 910767 0.1806 0.00043023255813956496
1645244463985 3 11.779955999999999 0 901777 0.1786 0.00043023255813956496
1645244467998 3 11.772557000000006 0 967347 0.1914 0.00043023255813956496
1645244472458 3 11.50358399999999 0 935273 0.1857 0.00043023255813956496
1645244475879 3 11.997480999999993 0 916928 0.1817 0.00043023255813956496
1645244479837 3 11.986451000000017 0 940743 0.186 0.00043023255813956496
1645244484177 3 11.731758000000013 0 877888 0.1739 0.00043023255813956496
1645244487938 3 11.973264 0 839766 0.16670000000000001 0.00043023255813956496
1645244491978 3 11.961089000000015 0 976062 0.19319999999999998 0.00043023255813956496
1645244495974 3 11.951535000000007 0 958353 0.1898 0.00043023255813956496
1645244500230 3 11.687747000000002 0 836268 0.1658 0.00043023255813956496
1645244504250 3 11.682763999999992 0 968967 0.1913 0.00043023255813956496
1645244507981 3 11.919612999999998 0 825839 0.1633 0.00043023255813956496
1645244512004 3 11.912570000000017 0 974212 0.1928 0.00043023255813956496
1645244516330 3 11.650528000000008 0 867483 0.1721 0.00043023255813956496
1645244519885 3 11.892797000000002 0 987232 0.1958 0.00043023255813956496
1645244524315 3 11.633747 0 921956 0.1825 0.00043023255813956496
1645244528228 3 11.625689999999992 0 913803 0.1809 0.00043023255813956496
1645244532227 3 11.620901000000003 0 958215 0.1899 0.00043023255813956496
1645244535983 3 11.862479000000008 0 832934 0.1654 0.00043023255813956496
1645244540069 3 11.85403500000001 0 1005593 0.1986 0.00043023255813956496
1645244544023 3 11.840057999999999 0 935985 0.1854 0.00043023255813956496
1645244548217 3 11.584640000000007 0 802415 0.1592 0.00043023255813956496
1645244552300 3 11.57163700000001 0 999009 0.1982 0.00043023255813956496
1645244556124 3 11.817736999999994 0 869418 0.1721 0.00043023255813956496
1645244560002 3 11.806016 0 897686 0.1777 0.00043023255813956496
1645244564006 3 11.794700000000006 0 960141 0.1905 0.00043023255813956496
1645244568419 3 11.52191400000001 0 914618 0.18109999999999998 0.00043023255813956496
1645244572401 3 11.51575299999999 0 949031 0.1879 0.00043023255813956496
1645244576330 3 11.487291999999997 0 919929 0.182 0.00043023255813956496
1645244579777 3 11.980151000000006 0 930570 0.1844 0.00043023255813956496
1645244584146 3 11.724969999999985 0 894188 0.17709999999999998 0.00043023255813956496
1645244587913 3 11.96114 0 835562 0.1658 0.00043023255813956496
1645244591965 3 11.959458999999981 0 986170 0.195 0.00043023255813956496
1645244595964 3 11.952898000000005 0 955812 0.1897 0.00043023255813956496
1645244600253 3 11.690073999999981 0 837688 0.16599999999999998 0.00043023255813956496
1645244604281 3 11.681164000000024 0 972932 0.193 0.00043023255813956496
1645244607983 3 11.925042000000019 0 807690 0.1598 0.00043023255813956496
1645244612011 3 11.91553399999998 0 968173 0.19219999999999998 0.00043023255813956496
1645244615863 3 11.910868999999991 0 872734 0.17350000000000002 0.00043023255813956496
1645244619933 3 11.906496000000004 0 991679 0.1966 0.00043023255813956496
1645244623891 3 11.899125000000026 0 930061 0.1843 0.00043023255813956496
1645244628273 3 11.653155000000027 0 884740 0.1746 0.00043023255813956496
1645244632310 3 11.64855399999999 0 968599 0.19219999999999998 0.00043023255813956496
1645244636103 3 11.88984099999999 0 848189 0.16799999999999998 0.00043023255813956496
1645244640170 3 11.632297999999992 0 989262 0.19619999999999999 0.00043023255813956496
1645244644115 3 11.86742300000003 0 929927 0.1842 0.00043023255813956496
1645244648397 3 11.588490999999976 0 845977 0.1671 0.00043023255813956496
1645244652008 3 11.83092099999999 0 1009703 0.2 0.00043023255813956496
1645244656329 3 11.568741999999986 0 861836 0.17099999999999999 0.00043023255813956496

