1645253738975 1 3.999999 1105 346799 0.0982 -4.7515
1645253740877 1 6.12911 0 363755 0.10389999999999999 0.00017441860465117198
1645253742027 1 8.979653 0 362842 0.1025 0.00017441860465117198
1645253743255 1 11.752223 0 384791 0.1092 0.00017441860465117198
1645253747265 3 11.959776 0 804438 0.229 0.000174418604651283
1645253751244 3 11.954346999999999 0 828659 0.23570000000000002 0.00043023255813956496
1645253755541 3 11.696237 0 937332 0.2669 0.00043023255813956496
1645253759380 3 11.649503 0 776416 0.2209 0.00043023255813956496
1645253763431 3 11.641514 0 1025687 0.29209999999999997 0.00043023255813956496
1645253767371 3 11.883516000000004 0 815426 0.2319 0.00043023255813956496
1645253771511 3 11.592846000000002 0 884625 0.2521 0.00043023255813956496
1645253775210 3 11.839864000000006 0 904952 0.25739999999999996 0.00043023255813956496
1645253779556 3 11.579578000000005 0 954418 0.2712 0.00043023255813956496
1645253783273 3 11.823210000000003 0 910446 0.2586 0.00043023255813956496
1645253787652 3 11.565166000000005 0 922454 0.27349999999999997 0.00043023255813956496
1645253791465 3 11.557951000000003 0 942842 0.2685 0.00043023255813956496
1645253795648 3 11.54853 0 884128 0.25179999999999997 0.00043023255813956496
1645253799742 3 11.524645 0 828263 0.2358 0.00043023255813956496
1645253803209 3 11.980711999999997 0 981175 0.2791 0.00043023255813956496
1645253807520 3 11.720078 0 939007 0.26749999999999996 0.00043023255813956496
1645253811531 3 11.708921000000004 0 841370 0.2395 0.00043023255813956496
1645253815345 3 11.694175999999999 0 947658 0.2693 0.00043023255813956496
1645253819334 3 11.934449999999998 0 828958 0.2358 0.00043023255813956496
1645253823228 3 11.919663999999997 0 977791 0.2782 0.00043023255813956496
1645253827288 3 11.913488999999998 0 847215 0.24089999999999998 0.00043023255813956496
1645253831190 3 11.883066 0 978032 0.27690000000000003 0.00043023255813956496
1645253835489 3 11.626923000000005 0 934237 0.2661 0.00043023255813956496
1645253839641 3 11.619653999999997 0 889600 0.25339999999999996 0.00043023255813956496
1645253843577 3 11.603529000000009 0 988774 0.2814 0.00043023255813956496
1645253847510 3 11.599620999999999 0 808061 0.2299 0.00043023255813956496
1645253851457 3 11.591648000000006 0 995677 0.2827 0.00043023255813956496
1645253855213 3 11.832642000000007 0 924757 0.263 0.00043023255813956496
1645253860901 3 10.125466000000003 0 808228 0.5447 0.00043023255813956496
1645253864048 3 10.98028500000001 0 1014212 0.29369999999999996 0.00043023255813956496
1645253867589 3 11.561654000000004 0 845218 0.24 0.00043023255813956496
1645253871309 3 11.800337000000013 0 910767 0.2592 0.00043023255813956496
1645253875494 3 11.542293999999998 0 901777 0.2556 0.00043023255813956496
1645253879377 3 11.782422999999994 0 967347 0.2758 0.00043023255813956496
1645253883660 3 11.51948200000001 0 935273 0.2664 0.00043023255813956496
1645253887392 3 11.761894000000012 0 916928 0.2609 0.00043023255813956496
1645253891178 3 11.999303999999995 0 940743 0.267 0.00043023255813956496
1645253895297 3 11.739101000000005 0 877888 0.2495 0.00043023255813956496
1645253899319 3 11.730893000000009 0 839766 0.23900000000000002 0.00043023255813956496
1645253903229 3 11.972116 0 976062 0.2771 0.00043023255813956496
1645253907083 3 11.966553000000005 0 958353 0.2723 0.00043023255813956496
1645253911075 3 11.95536100000001 0 836268 0.23759999999999998 0.00043023255813956496
1645253915459 3 11.69642300000001 0 968967 0.2757 0.00043023255813956496
1645253919435 3 11.691783000000015 0 825839 0.23500000000000001 0.00043023255813956496
1645253923353 3 11.685542999999996 0 974212 0.2767 0.00043023255813956496
1645253927459 0 11.678516000000002 0 128759 0.0368 0.00043023255813956496
1645253931140 0 11.921329000000014 0 199367 0.0566 0.00006976744186043549
1645253935386 0 11.66246799999999 0 220759 0.0626 0.00006976744186043549
1645253939429 0 11.65121400000001 0 149511 0.0423 0.00006976744186043549
1645253943397 0 11.642597999999992 0 118879 0.033600000000000005 0.00006976744186043549
1645253947317 0 11.886369000000002 0 85418 0.029199999999999997 0.00006976744186043549
1645253951189 0 11.881977000000006 0 68807 0.0235 0.00006976744186043549
1645253955223 0 11.873864999999995 0 132565 0.0414 0.00006976744186043549
1645253959229 0 11.865257000000014 0 117262 0.0388 0.00006976744186043549
1645253963230 0 11.856229000000013 0 116418 0.0372 0.00006976744186043549
1645253967561 0 11.598644000000007 0 223024 0.06810000000000001 0.00006976744186043549
1645253971345 0 11.839138999999989 0 214538 0.0653 0.00006976744186043549
1645253975521 0 11.579993000000002 0 178191 0.0551 0.00006976744186043549
1645253979638 0 11.573237000000006 0 161454 0.0506 0.00006976744186043549
1645253983401 0 11.816374999999994 0 212225 0.0644 0.00006976744186043549
1645253987634 0 11.556116000000003 0 195858 0.0607 0.00006976744186043549
1645253991635 0 11.550159000000008 0 119665 0.0385 0.00006976744186043549
1645253995609 0 11.540767000000017 0 108667 0.0351 0.00006976744186043549
1645253999459 0 11.786286000000018 0 64782 0.0225 0.00006976744186043549
1645254003378 0 11.776425000000017 0 87523 0.0295 0.00006976744186043549
1645254007477 0 11.77123499999999 0 155607 0.0487 0.00006976744186043549
1645254011437 0 11.761378999999977 0 100404 0.0332 0.00006976744186043549
1645254015626 0 11.506281000000001 0 183614 0.05639999999999999 0.00006976744186043549
1645254019353 0 11.75129800000002 0 197686 0.060899999999999996 0.00006976744186043549
1645254023149 0 11.991219000000001 0 217520 0.0671 0.00006976744186043549
1645254027193 0 11.983404000000007 0 132353 0.0424 0.00006976744186043549
1645254031430 0 11.722336999999982 0 199853 0.0618 0.00006976744186043549
1645254035236 0 11.963724000000013 0 225614 0.0692 0.00006976744186043549
1645254039350 0 11.703200999999979 0 150477 0.0475 0.00006976744186043549
1645254043346 0 11.692782000000022 0 117995 0.0382 0.00006976744186043549
1645254047263 0 11.932771000000002 0 86503 0.029199999999999997 0.00006976744186043549
1645254051153 0 11.923069999999996 0 67335 0.0243 0.00006976744186043549
1645254055206 0 11.913972000000001 0 132169 0.0419 0.00006976744186043549
1645254059215 0 11.90763400000003 0 118800 0.0382 0.00006976744186043549
1645254063201 0 11.89907599999998 0 116618 0.0375 0.00006976744186043549

