1645246254968 1 3.999999 1402 346799 0.1266 -6.028599999999999
1645246257079 1 5.901896 0 363755 0.1316 0.00017441860465117198
1645246258527 1 8.457992 0 362842 0.1312 0.00017441860465117198
1645246260055 1 10.932555 0 384791 0.13999999999999999 0.00017441860465117198
1645246263428 1 11.796738 0 339137 0.1234 0.00017441860465117198
1645246267493 1 11.508949999999999 0 393219 0.14350000000000002 0.00017441860465117198
1645246271595 1 11.500277 0 406206 0.14830000000000002 0.00017441860465117198
1645246275326 1 11.741041 0 303135 0.1102 0.00017441860465117198
1645246279464 1 11.737442000000001 0 414092 0.1515 0.00017441860465117198
1645246283324 1 11.722410000000004 0 337705 0.1234 0.00017441860465117198
1645246287292 1 11.716266000000005 0 366374 0.1326 0.00017441860465117198
1645246291193 1 11.959882 0 352030 0.1278 0.00017441860465117198
1645246295164 1 11.953442000000003 0 371605 0.135 0.00017441860465117198
1645246299194 1 11.945058000000003 0 385670 0.1405 0.00017441860465117198
1645246303183 1 11.938862 0 374050 0.1368 0.00017441860465117198
1645246307127 1 11.933539000000003 0 367058 0.1335 0.00017441860465117198
1645246311122 1 11.926444000000004 0 377983 0.1375 0.00017441860465117198
1645246315434 1 11.666510000000002 0 326924 0.1187 0.00017441860465117198
1645246319464 1 11.656110999999996 0 388939 0.1412 0.00017441860465117198
1645246323525 1 11.651409000000001 0 392939 0.1434 0.00017441860465117198
1645246327468 1 11.64082400000001 0 362131 0.1325 0.00017441860465117198
1645246331544 1 11.631972000000005 0 402712 0.1464 0.00017441860465117198
1645246335371 1 11.620568000000006 0 327400 0.1196 0.00017441860465117198
1645246339454 1 11.609192000000007 0 401133 0.1467 0.00017441860465117198
1645246343232 1 11.849647000000004 0 317452 0.1157 0.00017441860465117198
1645246347274 1 11.842174 0 391753 0.1427 0.00017441860465117198
1645246351377 1 11.833821 0 384934 0.1406 0.00017441860465117198
1645246355342 1 11.82489600000001 0 367179 0.1336 0.00017441860465117198
1645246359377 1 11.817738000000006 0 387965 0.1414 0.00017441860465117198
1645246363205 1 11.809601999999998 0 333821 0.1217 0.00017441860465117198
1645246367271 1 11.801262000000008 0 394452 0.1439 0.00017441860465117198
1645246371379 1 11.792966000000007 0 409513 0.1489 0.00017441860465117198
1645246375626 1 11.538187000000008 0 307174 0.1125 0.00017441860465117198
1645246379293 1 11.782724000000002 0 420407 0.1533 0.00017441860465117198
1645246383680 1 11.519148999999999 0 340231 0.1242 0.00017441860465117198
1645246387694 1 11.5034 0 374730 0.1365 0.00017441860465117198
1645246391125 1 11.986400000000003 0 353022 0.1289 0.00017441860465117198
1645246395192 1 11.980370999999991 0 393253 0.14350000000000002 0.00017441860465117198
1645246399173 1 11.97008199999999 0 368813 0.1345 0.00017441860465117198
1645246403174 1 11.966564000000005 0 372578 0.1358 0.00017441860465117198
1645246407173 1 11.960768999999999 0 374507 0.1363 0.00017441860465117198
1645246411160 1 11.955680999999998 0 372824 0.13540000000000002 0.00017441860465117198
1645246415469 1 11.698898000000014 0 326437 0.11879999999999999 0.00017441860465117198
1645246419484 1 11.693229000000002 0 383127 0.1393 0.00017441860465117198
1645246423259 1 11.774403000000007 0 400632 0.1467 0.00017441860465117198
1645246427628 1 11.51412400000001 0 342596 0.12490000000000001 0.00017441860465117198
1645246431231 1 11.75666799999999 0 407655 0.1489 0.00017441860465117198
1645246435573 1 11.501081999999997 0 337450 0.1234 0.00017441860465117198
1645246439179 1 11.995439000000005 0 404220 0.1471 0.00017441860465117198
1645246443438 0 11.707074000000006 0 128759 0.047099999999999996 0.00017441860465117198
1645246447321 0 11.702101999999996 0 199367 0.0759 0.00006976744186043549
1645246451289 0 11.694204000000013 0 220759 0.0832 0.00006976744186043549
1645246455505 0 11.690843999999998 0 149511 0.058199999999999995 0.00006976744186043549
1645246459099 0 11.935122000000007 0 118879 0.0469 0.00006976744186043549
1645246463064 0 11.930754000000007 0 85418 0.0349 0.00006976744186043549
1645246467473 0 11.674384000000003 0 68807 0.028199999999999996 0.00006976744186043549
1645246471105 0 11.917438000000004 0 132565 0.051500000000000004 0.00006976744186043549
1645246475200 0 11.91145800000001 0 117262 0.046200000000000005 0.00006976744186043549
1645246479285 0 11.904938000000016 0 116418 0.0453 0.00006976744186043549
1645246483285 0 11.878694999999993 0 223024 0.0848 0.00006976744186043549
1645246487225 0 11.868696 0 214538 0.0817 0.00006976744186043549
1645246491528 0 11.613372999999996 0 178191 0.0684 0.00006976744186043549
1645246495257 0 11.859876000000014 0 161454 0.0619 0.00006976744186043549
1645246499184 0 11.855634000000009 0 212225 0.08080000000000001 0.00006976744186043549
1645246503572 0 11.59557000000001 0 195858 0.0752 0.00006976744186043549
1645246507153 0 11.841036000000003 0 119665 0.0465 0.00006976744186043549
1645246511216 0 11.834961000000021 0 108667 0.0429 0.00006976744186043549
1645246515609 0 11.581650000000025 0 64782 0.026600000000000002 0.00006976744186043549
1645246519628 0 11.532218 0 87523 0.0353 0.00006976744186043549
1645246523356 0 11.778361000000018 0 155607 0.0607 0.00006976744186043549
1645246527375 0 11.772725999999977 0 100404 0.039400000000000004 0.00006976744186043549
1645246531701 0 11.510083000000009 0 183614 0.0701 0.00006976744186043549
1645246535087 0 11.982917999999984 0 197686 0.0758 0.00006976744186043549
1645246539051 0 11.977546000000018 0 217520 0.0832 0.00006976744186043549
1645246543188 0 11.970038999999986 0 132353 0.0511 0.00006976744186043549
1645246547094 0 11.964199000000008 0 199853 0.0766 0.00006976744186043549
1645246551065 0 11.950229999999976 0 225614 0.0853 0.00006976744186043549
1645246555269 0 11.944587000000013 0 150477 0.0581 0.00006976744186043549
1645246559363 0 11.674693999999988 0 117995 0.0465 0.00006976744186043549
1645246563330 0 11.665880000000016 0 86503 0.0342 0.00006976744186043549
1645246567230 0 11.91154499999999 0 67335 0.0279 0.00006976744186043549
1645246571384 0 11.648841000000004 0 132169 0.051500000000000004 0.00006976744186043549
1645246575470 0 11.642311000000007 0 118800 0.046400000000000004 0.00006976744186043549
1645246579552 0 11.634225000000015 0 116618 0.0456 0.00006976744186043549

