1645231523117 1 3.999999 1550 346799 0.1427 -6.665
1645231524199 0 6.931387 0 213385 0.088 0.00017441860465117198
1645231524882 0 10.244992 0 141806 0.058899999999999994 0.00006976744186043549
1645231527439 0 11.800325 0 112578 0.0461 0.00006976744186043549
1645231531398 0 11.789084999999998 0 80671 0.0363 0.00006976744186043549
1645231535817 0 11.533612999999999 0 68729 0.0319 0.00006976744186043549
1645231539508 0 11.779056999999998 0 137895 0.0591 0.00006976744186043549
1645231543611 0 11.519638999999998 0 114138 0.0496 0.00006976744186043549
1645231547760 0 11.510129000000003 0 126013 0.054700000000000006 0.00006976744186043549
1645231551799 0 11.504341000000004 0 217236 0.0925 0.00006976744186043549
1645231555328 0 11.995706000000006 0 219398 0.09280000000000001 0.00006976744186043549
1645231559179 0 11.990064000000004 0 177648 0.075 0.00006976744186043549
1645231563495 0 11.734294000000006 0 166856 0.07139999999999999 0.00006976744186043549
1645231567546 0 11.728401000000005 0 223685 0.0945 0.00006976744186043549
1645231571545 0 11.723888000000002 0 206455 0.0884 0.00006976744186043549
1645231575199 0 11.965522 0 121534 0.0523 0.00006976744186043549
1645231579261 0 11.960244000000003 0 105092 0.046200000000000005 0.00006976744186043549
1645231583651 0 11.703704000000002 0 63086 0.028499999999999998 0.00006976744186043549
1645231587403 0 11.913581000000008 0 87739 0.055400000000000005 0.00006976744186043549
1645231591662 0 11.659852999999998 0 152905 0.06520000000000001 0.00006976744186043549
1645231595712 0 11.650726000000006 0 100587 0.0433 0.00006976744186043549
1645231599623 0 11.624054000000001 0 186001 0.0791 0.00006976744186043549
1645231603615 0 11.600656 0 201620 0.0873 0.00006976744186043549
1645231607662 0 11.569507999999999 0 218012 0.09419999999999999 0.00006976744186043549
1645231611810 0 11.549862000000005 0 123058 0.054000000000000006 0.00006976744186043549
1645231615782 0 11.528014999999996 0 198856 0.0849 0.00006976744186043549
1645231619523 0 11.635041999999999 0 223061 0.0948 0.00006976744186043549
1645231623774 0 11.600949 0 143385 0.0633 0.00006976744186043549
1645231627383 0 11.836196000000001 0 117021 0.05 0.00006976744186043549
1645231631354 0 11.820391999999998 0 83595 0.0369 0.00006976744186043549
1645231635771 0 11.549615000000003 0 68011 0.0308 0.00006976744186043549
1645231639445 0 11.782088000000002 0 134264 0.057999999999999996 0.00006976744186043549
1645231643556 0 11.77449200000001 0 113722 0.0498 0.00006976744186043549
1645231647695 0 11.507616999999996 0 122694 0.053500000000000006 0.00006976744186043549
1645231651212 0 11.984509000000003 0 215146 0.0912 0.00006976744186043549
1645231655224 0 11.969966999999997 0 213339 0.091 0.00006976744186043549
1645231659590 0 11.70102399999999 0 176949 0.0758 0.00006976744186043549
1645231663386 0 11.929145000000005 0 158356 0.06870000000000001 0.00006976744186043549
1645231667435 0 11.887642 0 219852 0.0936 0.00006976744186043549
1645231671399 0 11.873919999999998 0 196864 0.0842 0.00006976744186043549
1645231675510 0 11.862525000000005 0 116610 0.0505 0.00006976744186043549
1645231679584 0 11.595580000000012 0 107223 0.0469 0.00006976744186043549
1645231683482 0 11.837835000000013 0 64332 0.028999999999999998 0.00006976744186043549
1645231687479 0 11.830330000000004 0 88753 0.0396 0.00006976744186043549
1645231691747 0 11.568532000000005 0 153489 0.0658 0.00006976744186043549
1645231695796 0 11.555503000000016 0 101805 0.0444 0.00006976744186043549
1645231699683 0 11.545634000000007 0 186822 0.07930000000000001 0.00006976744186043549
1645231703635 0 11.540544000000011 0 200149 0.08499999999999999 0.00006976744186043549
1645231707646 0 11.527456999999998 0 215305 0.0911 0.00006976744186043549
1645231711807 0 11.51531700000001 0 128759 0.056100000000000004 0.00006976744186043549
1645231715759 0 11.503034000000014 0 199367 0.0844 0.00006976744186043549
1645231719294 0 11.998656000000011 0 220759 0.0938 0.00006976744186043549
1645231723541 0 11.737117000000012 0 149511 0.0641 0.00006976744186043549
1645231727158 0 11.980689000000012 0 118879 0.0516 0.00006976744186043549
1645231731642 0 11.721799000000004 0 85418 0.0381 0.00006976744186043549
1645231735550 0 11.71489600000001 0 68807 0.0306 0.00006976744186043549
1645231739216 0 11.959912000000003 0 132565 0.0566 0.00006976744186043549
1645231743336 0 11.950502 0 117262 0.0516 0.00006976744186043549
1645231747450 0 11.688164999999998 0 116418 0.0511 0.00006976744186043549
1645231751492 0 11.684055 0 223024 0.09459999999999999 0.00006976744186043549
1645231755512 0 11.675114000000008 0 214538 0.091 0.00006976744186043549
1645231759384 0 11.918621000000002 0 178191 0.0762 0.00006976744186043549
1645231763678 0 11.661214999999999 0 161454 0.06899999999999999 0.00006976744186043549
1645231767675 0 11.650665000000004 0 212225 0.0896 0.00006976744186043549
1645231771603 0 11.642862000000008 0 195858 0.0829 0.00006976744186043549
1645231775719 0 11.637473999999997 0 119665 0.051500000000000004 0.00006976744186043549
1645231779290 0 11.882157000000007 0 108667 0.047299999999999995 0.00006976744186043549
1645231783674 0 11.625406999999996 0 64782 0.028699999999999996 0.00006976744186043549
1645231787652 0 11.617232999999999 0 87523 0.0378 0.00006976744186043549
1645231791416 0 11.861478999999974 0 155607 0.0664 0.00006976744186043549
1645231795454 0 11.850599999999986 0 100404 0.0438 0.00006976744186043549
1645231799339 0 11.842869000000007 0 183614 0.078 0.00006976744186043549
1645231803775 0 11.589269000000002 0 197686 0.08349999999999999 0.00006976744186043549
1645231807304 0 11.832820000000027 0 217520 0.0922 0.00006976744186043549
1645231811474 0 11.826643999999987 0 132353 0.057199999999999994 0.00006976744186043549
1645231815425 0 11.819524999999999 0 199853 0.0848 0.00006976744186043549
1645231819483 0 11.813983000000007 0 225614 0.0955 0.00006976744186043549
1645231823737 0 11.554890999999998 0 150477 0.06520000000000001 0.00006976744186043549
1645231827355 0 11.800879000000009 0 117995 0.0511 0.00006976744186043549
1645231831830 0 11.543731999999977 0 86503 0.0373 0.00006976744186043549
1645231835736 0 11.530236000000002 0 67335 0.030199999999999998 0.00006976744186043549
1645231839408 0 11.774302999999975 0 132169 0.0573 0.00006976744186043549
1645231843526 0 11.766659000000004 0 118800 0.0519 0.00006976744186043549
1645231847635 0 11.506738999999982 0 116618 0.0506 0.00006976744186043549
1645231851171 0 11.99697900000001 0 222296 0.0935 0.00006976744186043549

