1645248129541 1 3.999999 2005 346799 0.1895 -8.6215
1645248133883 3 4.256715 582 755039 0.4126 -2.5024255813953484
1645248138552 3 4.330030000000001 742 835161 0.4566 -3.1901697674418603
1645248143620 3 4.308938000000001 1048 908792 0.4967 -4.50596976744186
1645248148119 3 4.345609 534 804438 0.4401 -2.2957697674418602
1645248152756 3 4.3642559999999975 656 828659 0.45309999999999995 -2.82036976744186
1645248157999 3 4.255832999999999 1125 937332 0.5122 -4.837069767441861
1645248162455 3 4.371877999999999 583 776416 0.426 -2.5064697674418603
1645248168159 3 4.442149000000004 1774 1025687 0.5591 -7.62776976744186
1645248172719 3 4.451914000000002 571 815426 0.44509999999999994 -2.4548697674418603
1645248177669 3 4.265668000000005 759 884625 0.48230000000000006 -3.26326976744186
1645248182730 3 4.261476000000002 1063 904952 0.4952 -4.57046976744186
1645248188202 3 4.316644000000004 1528 954418 0.5234 -6.56996976744186
1645248193287 3 4.334382000000005 1102 910446 0.4965 -4.7381697674418595
1645248198439 3 4.4211580000000055 1243 922454 0.504 -5.34446976744186
1645248203810 3 4.405086000000004 1349 942842 0.5166000000000001 -5.80026976744186
1645248208758 3 4.492651000000002 1042 884128 0.48200000000000004 -4.4801697674418595
1645248213399 3 4.261599000000004 409 828263 0.4524 -1.7582697674418601
1645248218866 3 4.41140200000001 1618 981175 0.5363 -6.95696976744186
1645248224214 3 4.267750000000007 1198 939007 0.5143 -5.15096976744186
1645248228918 3 4.454215000000005 896 841370 0.4593 -3.85236976744186
1645248234202 3 4.338491000000005 1167 947658 0.5168999999999999 -5.01766976744186
1645248238841 3 4.496598000000006 799 828958 0.4527 -3.43526976744186
1645248244295 3 4.283670000000001 1242 977791 0.5347999999999999 -5.34016976744186
1645248249144 3 4.263917000000006 827 847215 0.46449999999999997 -3.5556697674418603
1645248254653 3 4.330279000000004 1547 978032 0.5345 -6.6516697674418594
1645248259861 3 4.367674000000008 1275 934237 0.5093 -5.48206976744186
1645248264834 3 4.377214000000009 984 889600 0.4862 -4.23076976744186
1645248270346 3 4.3520989999999955 1489 988774 0.5403 -6.40226976744186
1645248274982 3 4.324005 609 808061 0.44329999999999997 -2.6182697674418605
1645248280531 3 4.422318000000004 1648 995677 0.5439 -7.08596976744186
1645248285698 3 4.302011000000007 1046 924757 0.5054000000000001 -4.49736976744186
1645248290230 3 4.3329180000000065 561 808228 0.44160000000000005 -2.41186976744186
1645248295882 3 4.382515000000012 1704 1014212 0.5541 -7.32676976744186
1645248300705 3 4.321832999999998 764 845218 0.46230000000000004 -3.28476976744186
1645248305798 3 4.32987700000001 1100 910767 0.49770000000000003 -4.729569767441861
1645248310832 3 4.416743999999994 1118 901777 0.49189999999999995 -4.80696976744186
1645248316249 3 4.266788999999989 1273 967347 0.529 -5.47346976744186
1645248321595 3 4.274730000000005 1351 935273 0.5133 -5.808869767441861
1645248326721 3 4.365746999999999 1220 916928 0.5017 -5.245569767441861
1645248331960 3 4.323590999999993 1199 940743 0.5133 -5.15526976744186
1645248336856 3 4.264922000000013 836 877888 0.47859999999999997 -3.59436976744186
1645248341561 3 4.341246000000012 781 839766 0.4598 -3.3578697674418603
1645248347010 3 4.36480499999999 1474 976062 0.534 -6.337769767441859
1645248352472 3 4.329813999999999 1428 958353 0.5256000000000001 -6.13996976744186
1645248357150 3 4.495746999999994 844 836268 0.457 -3.6287697674418604
1645248362560 3 4.329774000000015 1242 968967 0.5297 -5.34016976744186
1645248367294 3 4.301490000000001 710 825839 0.4532 -3.0525697674418604
1645248372726 3 4.2510249999999985 1381 974212 0.5321 -5.93786976744186
1645248377573 3 4.371397000000002 966 867483 0.47380000000000005 -4.153369767441861
1645248383090 3 4.328525000000013 1478 987232 0.5395 -6.35496976744186
1645248388340 3 4.276908999999989 1199 921956 0.5046999999999999 -5.15526976744186
1645248393446 3 4.465598 1294 913803 0.4995 -5.56376976744186
1645248398788 3 4.495078000000007 1374 958215 0.5232 -5.907769767441859
1645248403560 3 4.35758100000001 632 832934 0.45709999999999995 -2.7171697674418605
1645248409162 3 4.4839039999999954 1730 1005593 0.5495 -7.4385697674418605
1645248414391 3 4.4459520000000055 1191 935985 0.5111 -5.12086976744186
1645248418874 3 4.372692000000001 412 802415 0.4373 -1.7711697674418603
1645248424440 3 4.269652000000008 1465 999009 0.5465 -6.2990697674418605
1645248429403 3 4.477720000000005 1167 869418 0.4761 -5.01766976744186
1645248434419 3 4.370330999999993 915 897686 0.4902 -3.9340697674418603
1645248439782 3 4.279439999999994 1272 960141 0.5251 -5.46916976744186
1645248445002 3 4.290098999999998 1228 914618 0.5009 -5.27996976744186
1645248450307 3 4.260134999999991 1278 949031 0.5187 -5.4949697674418605
1645248455452 3 4.280487999999991 1167 919929 0.5019 -5.01766976744186

