1645236929042 1 3.999999 1234 346799 0.10980000000000001 -5.3062
1645236932170 1 4.918106 0 363755 0.11739999999999999 0.00017441860465117198
1645236933484 1 7.599675 0 362842 0.11439999999999999 0.00017441860465117198
1645236934831 1 10.261079 0 384791 0.12190000000000001 0.00017441860465117198
1645236937590 1 11.660576999999998 0 339137 0.10800000000000001 0.00017441860465117198
1645236941489 1 11.652007 0 393219 0.1247 0.00017441860465117198
1645236945426 1 11.892561 0 406206 0.1289 0.00017441860465117198
1645236949601 1 11.535377 0 303135 0.096 0.00017441860465117198
1645236953605 1 11.530558000000003 0 414092 0.1359 0.00017441860465117198
1645236957317 1 11.774730000000002 0 337705 0.1066 0.00017441860465117198
1645236961356 3 11.752760000000002 0 884625 0.2805 0.000174418604651283
1645236965378 3 11.747636 0 904952 0.2868 0.00043023255813956496
1645236969108 3 11.992008000000006 0 954418 0.3023 0.00043023255813956496
1645236973185 3 11.967993 0 910446 0.2878 0.00043023255813956496
1645236977241 3 11.962506000000005 0 922454 0.2925 0.00043023255813956496
1645236981410 3 11.687718000000004 0 942842 0.2987 0.00043023255813956496
1645236985375 3 11.927663000000003 0 884128 0.27949999999999997 0.00043023255813956496
1645236989649 3 11.661066000000005 0 828263 0.2627 0.00043023255813956496
1645236993451 3 11.827217000000005 0 981175 0.3104 0.00043023255813956496
1645236997563 3 11.560265999999999 0 939007 0.2978 0.00043023255813956496
1645237003358 3 9.724953999999997 0 841370 0.5641 0.00043023255813956496
1645237006624 3 10.459652000000006 0 947658 0.3039 0.00043023255813956496
1645237009386 3 11.69685100000001 0 828958 0.2619 0.00043023255813956496
1645237013626 3 11.527493000000007 0 977791 0.309 0.00043023255813956496
1645237017448 3 11.766458 0 847215 0.2682 0.00043023255813956496
1645237021664 3 11.50658 0 978032 0.3095 0.00043023255813956496
1645237025263 3 11.995764000000008 0 934237 0.2959 0.00043023255813956496
1645237029240 3 11.985557 0 889600 0.2814 0.00043023255813956496
1645237033567 3 11.727199999999996 0 988774 0.3134 0.00043023255813956496
1645237039052 3 10.052760000000006 0 808061 0.5273 0.00043023255813956496
1645237042582 3 10.500734000000008 0 995677 0.32 0.00043023255813956496
1645237045673 3 11.408859000000007 0 924757 0.2926 0.00043023255813956496
1645237049370 3 11.860805 0 808228 0.2552 0.00043023255813956496
1645237053712 3 11.599112000000005 0 1014212 0.3214 0.00043023255813956496
1645237057514 3 11.582405999999992 0 845218 0.26789999999999997 0.00043023255813956496
1645237061592 3 11.575797999999992 0 910767 0.2887 0.00043023255813956496
1645237065602 3 11.56761800000001 0 901777 0.28559999999999997 0.00043023255813956496
1645237069364 3 11.779737000000011 0 967347 0.3049 0.00043023255813956496
1645237073477 3 11.764804999999996 0 935273 0.2962 0.00043023255813956496
1645237079490 3 9.599948000000012 0 916928 0.5846 0.00043023255813956496
1645237082932 3 10.15029899999999 0 940743 0.302 0.00043023255813956496
1645237085846 3 11.236238000000014 0 877888 0.27799999999999997 0.00043023255813956496
1645237089650 3 11.567979000000008 0 839766 0.2661 0.00043023255813956496
1645237093403 3 11.808093000000014 0 976062 0.3089 0.00043023255813956496
1645237097563 3 11.548865000000006 0 958353 0.3036 0.00043023255813956496
1645237101332 3 11.785560000000004 0 836268 0.26480000000000004 0.00043023255813956496
1645237105543 3 11.781672000000015 0 968967 0.30710000000000004 0.00043023255813956496
1645237109331 3 11.965741000000008 0 825839 0.2619 0.00043023255813956496
1645237115668 3 9.419201000000015 0 974212 0.6172 0.00043023255813956496
1645237117495 0 11.68095199999999 0 128759 0.044700000000000004 0.00043023255813956496
1645237121283 0 11.925730000000016 0 199367 0.0666 0.00006976744186043549
1645237125656 0 11.66387499999999 0 220759 0.0736 0.00006976744186043549
1645237129298 0 11.871168000000011 0 149511 0.0506 0.00006976744186043549
1645237133386 0 11.854863999999992 0 118879 0.041999999999999996 0.00006976744186043549
1645237137342 0 11.844097000000005 0 85418 0.0313 0.00006976744186043549
1645237141740 0 11.57629399999999 0 68807 0.025 0.00006976744186043549
1645237145334 0 11.798023999999998 0 132565 0.046200000000000005 0.00006976744186043549
1645237149393 0 11.769810000000007 0 117262 0.0407 0.00006976744186043549
1645237153454 0 11.739970999999997 0 116418 0.040400000000000005 0.00006976744186043549
1645237157371 0 11.728581999999989 0 223024 0.0744 0.00006976744186043549
1645237161202 0 11.970978000000002 0 214538 0.0711 0.00006976744186043549
1645237165472 0 11.71577099999999 0 178191 0.061399999999999996 0.00006976744186043549
1645237169250 0 11.94673800000001 0 161454 0.054700000000000006 0.00006976744186043549
1645237173623 0 11.675715999999994 0 212225 0.0711 0.00006976744186043549
1645237177447 0 11.884276 0 195858 0.0663 0.00006976744186043549
1645237181511 0 11.574463000000009 0 119665 0.0417 0.00006976744186043549
1645237185541 0 11.568446999999992 0 108667 0.0381 0.00006976744186043549
1645237189498 0 11.810607000000005 0 64782 0.024 0.00006976744186043549
1645237193485 0 11.750070999999991 0 87523 0.032 0.00006976744186043549
1645237197163 0 11.951020000000028 0 155607 0.053000000000000005 0.00006976744186043549
1645237201159 0 11.934714999999983 0 100404 0.0351 0.00006976744186043549
1645237205404 0 11.924379999999985 0 183614 0.0621 0.00006976744186043549
1645237209235 0 11.870161999999993 0 197686 0.0679 0.00006976744186043549
1645237213667 0 11.605732999999987 0 217520 0.0728 0.00006976744186043549
1645237217288 0 11.84187700000001 0 132353 0.0446 0.00006976744186043549
1645237221617 0 11.582772999999975 0 199853 0.0671 0.00006976744186043549
1645237225509 0 11.822807000000012 0 225614 0.0753 0.00006976744186043549
1645237229669 0 11.525090999999975 0 150477 0.0521 0.00006976744186043549
1645237233704 0 11.50861100000003 0 117995 0.040799999999999996 0.00006976744186043549
1645237237160 0 11.996192000000008 0 86503 0.0313 0.00006976744186043549
1645237241546 0 11.735499000000004 0 67335 0.0253 0.00006976744186043549
1645237245152 0 11.965588000000025 0 132169 0.0456 0.00006976744186043549
1645237249235 0 11.951161000000013 0 118800 0.0417 0.00006976744186043549
1645237253264 0 11.927017999999975 0 116618 0.040400000000000005 0.00006976744186043549

