1645248473609 1 3.999999 1051 346799 0.0949 -4.5193
1645248474385 0 7.236832 0 213385 0.0588 0.00017441860465117198
1645248474871 0 10.75239 0 141806 0.039 0.00006976744186043549
1645248478274 0 11.55737 0 112578 0.030199999999999998 0.00006976744186043549
1645248482146 0 11.550301 0 80671 0.0274 0.00006976744186043549
1645248485982 0 11.794782999999999 0 68729 0.023899999999999998 0.00006976744186043549
1645248490008 0 11.786539999999999 0 137895 0.043 0.00006976744186043549
1645248493975 0 11.780086999999998 0 114138 0.0369 0.00006976744186043549
1645248497974 0 11.774109000000003 0 126013 0.0396 0.00006976744186043549
1645248502227 0 11.512662000000002 0 217236 0.0654 0.00006976744186043549
1645248505978 0 11.753588 0 219398 0.0653 0.00006976744186043549
1645248510111 0 11.746422000000003 0 177648 0.0536 0.00006976744186043549
1645248513725 0 11.990915000000001 0 166856 0.0511 0.00006976744186043549
1645248517991 0 11.732794000000005 0 223685 0.0666 0.00006976744186043549
1645248521706 0 11.976927000000003 0 206455 0.0618 0.00006976744186043549
1645248525691 0 11.958689 0 121534 0.039 0.00006976744186043549
1645248530129 0 11.697264000000004 0 105092 0.0337 0.00006976744186043549
1645248533962 0 11.687016 0 63086 0.0225 0.00006976744186043549
1645248537846 0 11.932598999999996 0 87739 0.028699999999999996 0.00006976744186043549
1645248541917 0 11.925588000000005 0 152905 0.0466 0.00006976744186043549
1645248545839 0 11.920482000000007 0 100587 0.0324 0.00006976744186043549
1645248549998 0 11.666924000000009 0 186001 0.05600000000000001 0.00006976744186043549
1645248554204 0 11.662906000000007 0 201620 0.0605 0.00006976744186043549
1645248557957 0 11.905124 0 218012 0.0648 0.00006976744186043549
1645248561938 0 11.898314 0 123058 0.0385 0.00006976744186043549
1645248566134 0 11.64089700000001 0 198856 0.0598 0.00006976744186043549
1645248569924 0 11.883341999999999 0 223061 0.06670000000000001 0.00006976744186043549
1645248573963 0 11.878087000000008 0 143385 0.0443 0.00006976744186043549
1645248577927 0 11.867311999999998 0 117021 0.0368 0.00006976744186043549
1645248581807 0 11.861502000000002 0 83595 0.028000000000000004 0.00006976744186043549
1645248586149 0 11.601438000000002 0 68011 0.024 0.00006976744186043549
1645248590164 0 11.598458000000008 0 134264 0.041499999999999995 0.00006976744186043549
1645248594125 0 11.588278000000003 0 113722 0.0363 0.00006976744186043549
1645248598105 0 11.583803000000003 0 122694 0.0386 0.00006976744186043549
1645248601840 0 11.828635999999989 0 215146 0.0638 0.00006976744186043549
1645248606077 0 11.569164 0 213339 0.0639 0.00006976744186043549
1645248610208 0 11.56443200000001 0 176949 0.0534 0.00006976744186043549
1645248614303 0 11.551693 0 158356 0.0491 0.00006976744186043549
1645248618059 0 11.793082999999996 0 219852 0.0658 0.00006976744186043549
1645248622247 0 11.533994000000007 0 196864 0.0591 0.00006976744186043549
1645248626216 0 11.529437999999999 0 116610 0.0373 0.00006976744186043549
1645248630153 0 11.522444000000007 0 107223 0.034499999999999996 0.00006976744186043549
1645248633982 0 11.76571899999999 0 64332 0.0227 0.00006976744186043549
1645248637869 0 11.758381000000014 0 88753 0.029199999999999997 0.00006976744186043549
1645248641937 0 11.75365099999999 0 153489 0.047299999999999995 0.00006976744186043549
1645248646365 0 11.498746000000011 0 101805 0.0327 0.00006976744186043549
1645248650027 0 11.740365999999995 0 186822 0.056799999999999996 0.00006976744186043549
1645248653729 0 11.985051999999996 0 200149 0.0601 0.00006976744186043549
1645248657966 0 11.727104999999995 0 215305 0.0637 0.00006976744186043549
1645248661967 0 11.719512000000009 0 128759 0.0405 0.00006976744186043549
1645248666160 0 11.70977099999999 0 199367 0.0596 0.00006976744186043549
1645248669910 0 11.951785999999998 0 220759 0.0654 0.00006976744186043549
1645248673968 0 11.692379000000017 0 149511 0.046200000000000005 0.00006976744186043549
1645248677942 0 11.68845300000001 0 118879 0.0376 0.00006976744186043549
1645248681821 0 11.932838000000004 0 85418 0.028399999999999998 0.00006976744186043549
1645248686160 0 11.6755 0 68807 0.0236 0.00006976744186043549
1645248690177 0 11.67012299999999 0 132565 0.0418 0.00006976744186043549
1645248694146 0 11.664011000000016 0 117262 0.0374 0.00006976744186043549
1645248698112 0 11.658782000000002 0 116418 0.0371 0.00006976744186043549
1645248701885 0 11.903413999999998 0 223024 0.0666 0.00006976744186043549
1645248706120 0 11.645348000000013 0 214538 0.0637 0.00006976744186043549
1645248709752 0 11.890744000000012 0 178191 0.0538 0.00006976744186043549
1645248713849 0 11.882168000000007 0 161454 0.0493 0.00006976744186043549
1645248718072 0 11.625434000000013 0 212225 0.0629 0.00006976744186043549
1645248721759 0 11.870557999999988 0 195858 0.0588 0.00006976744186043549
1645248726230 0 11.611031999999994 0 119665 0.0377 0.00006976744186043549
1645248730193 0 11.603274999999996 0 108667 0.034699999999999995 0.00006976744186043549
1645248734026 0 11.842397000000005 0 64782 0.022600000000000002 0.00006976744186043549
1645248737916 0 11.834294999999997 0 87523 0.029099999999999997 0.00006976744186043549
1645248742005 0 11.822936000000027 0 155607 0.0482 0.00006976744186043549
1645248745927 0 11.818038000000001 0 100404 0.0324 0.00006976744186043549
1645248750077 0 11.561315999999977 0 183614 0.055600000000000004 0.00006976744186043549
1645248754273 0 11.554863000000012 0 197686 0.0595 0.00006976744186043549
1645248758015 0 11.792456000000016 0 217520 0.0646 0.00006976744186043549
1645248762029 0 11.787819000000013 0 132353 0.0416 0.00006976744186043549
1645248766230 0 11.527190000000019 0 199853 0.0602 0.00006976744186043549
1645248769998 0 11.765121000000022 0 225614 0.0668 0.00006976744186043549
1645248774066 0 11.744129999999984 0 150477 0.0469 0.00006976744186043549
1645248778035 0 11.739531 0 117995 0.0372 0.00006976744186043549
1645248781932 0 11.731110999999999 0 86503 0.0295 0.00006976744186043549
1645248785764 0 11.976069999999993 0 67335 0.0237 0.00006976744186043549
1645248789779 0 11.97052500000001 0 132169 0.0417 0.00006976744186043549
1645248793754 0 11.963422999999977 0 118800 0.0376 0.00006976744186043549
1645248797718 0 11.95080200000001 0 116618 0.036699999999999997 0.00006976744186043549
1645248801985 0 11.691184000000021 0 222296 0.0666 0.00006976744186043549

