1645233644599 1 3.999999 780 346799 0.0678 -3.354
1645233646302 3 6.341571 0 755039 0.1486 0.000174418604651283
1645233648039 3 8.604233 0 835161 0.1639 0.00043023255813956496
1645233649919 3 10.72465 0 908792 0.17809999999999998 0.00043023255813956496
1645233653103 3 11.554381999999999 0 804438 0.1582 0.00043023255813956496
1645233657333 3 11.546202 0 828659 0.1628 0.00043023255813956496
1645233661283 3 11.536537 0 937332 0.1853 0.00043023255813956496
1645233664906 3 11.776385999999999 0 776416 0.1525 0.00043023255813956496
1645233669020 3 11.769794000000001 0 1025687 0.20129999999999998 0.00043023255813956496
1645233673219 3 11.507534000000003 0 815426 0.1601 0.00043023255813956496
1645233677065 3 11.744417000000006 0 884625 0.17370000000000002 0.00043023255813956496
1645233680941 3 11.738011 0 904952 0.1777 0.00043023255813956496
1645233684916 3 11.728231000000001 0 954418 0.1875 0.00043023255813956496
1645233688799 3 11.972617 0 910446 0.1787 0.00043023255813956496
1645233692713 3 11.965127000000003 0 922454 0.18109999999999998 0.00043023255813956496
1645233697172 3 11.699747000000002 0 942842 0.18480000000000002 0.00043023255813956496
1645233701030 3 11.695320000000002 0 884128 0.17370000000000002 0.00043023255813956496
1645233704762 3 11.934779000000006 0 828263 0.1626 0.00043023255813956496
1645233708784 3 11.923878000000002 0 981175 0.1923 0.00043023255813956496
1645233712804 3 11.912475 0 939007 0.184 0.00043023255813956496
1645233717056 3 11.657821999999996 0 841370 0.1654 0.00043023255813956496
1645233721017 3 11.643102999999996 0 947658 0.1862 0.00043023255813956496
1645233724839 3 11.884810000000002 0 828958 0.1627 0.00043023255813956496
1645233728865 3 11.881406999999996 0 977791 0.19219999999999998 0.00043023255813956496
1645233733126 3 11.627178999999998 0 847215 0.1656 0.00043023255813956496
1645233737148 3 11.623069999999998 0 978032 0.1916 0.00043023255813956496
1645233741079 3 11.611851000000001 0 934237 0.18309999999999998 0.00043023255813956496
1645233744925 3 11.857501999999997 0 889600 0.17470000000000002 0.00043023255813956496
1645233748967 3 11.849452999999997 0 988774 0.19419999999999998 0.00043023255813956496
1645233753164 3 11.592376000000002 0 808061 0.1588 0.00043023255813956496
1645233757224 3 11.578652000000005 0 995677 0.195 0.00043023255813956496
1645233761140 3 11.571798000000001 0 924757 0.1816 0.00043023255813956496
1645233764833 3 11.813524999999998 0 808228 0.15860000000000002 0.00043023255813956496
1645233768940 3 11.808625000000006 0 1014212 0.2 0.00043023255813956496
1645233773194 3 11.547366000000011 0 845218 0.1654 0.00043023255813956496
1645233777082 3 11.790985000000006 0 910767 0.1786 0.00043023255813956496
1645233780958 3 11.782859000000002 0 901777 0.177 0.00043023255813956496
1645233784956 3 11.777011000000016 0 967347 0.1897 0.00043023255813956496
1645233788890 3 11.770400999999993 0 935273 0.1839 0.00043023255813956496
1645233793297 3 11.515073000000001 0 916928 0.17980000000000002 0.00043023255813956496
1645233797245 3 11.506862000000012 0 940743 0.1842 0.00043023255813956496
1645233801062 3 11.748242000000005 0 877888 0.1721 0.00043023255813956496
1645233804811 3 11.986747000000008 0 839766 0.1649 0.00043023255813956496
1645233808830 3 11.980463000000015 0 976062 0.192 0.00043023255813956496
1645233812806 3 11.971968000000004 0 958353 0.1878 0.00043023255813956496
1645233817048 3 11.717498000000006 0 836268 0.1643 0.00043023255813956496
1645233821052 3 11.710566999999998 0 968967 0.19039999999999999 0.00043023255813956496
1645233824776 3 11.953179000000006 0 825839 0.162 0.00043023255813956496
1645233828782 3 11.944255999999996 0 974212 0.1899 0.00043023255813956496
1645233833085 3 11.683776999999992 0 867483 0.16999999999999998 0.00043023255813956496
1645233837127 3 11.67921100000001 0 987232 0.1936 0.00043023255813956496
1645233841049 3 11.66615999999999 0 921956 0.181 0.00043023255813956496
1645233844961 3 11.907009000000016 0 913803 0.1805 0.00043023255813956496
1645233848940 3 11.89739800000001 0 958215 0.1878 0.00043023255813956496
1645233853178 3 11.64191199999999 0 832934 0.1637 0.00043023255813956496
1645233857252 3 11.630299000000008 0 1005593 0.1972 0.00043023255813956496
1645233861197 3 11.621815999999995 0 935985 0.18409999999999999 0.00043023255813956496
1645233864879 3 11.86672999999999 0 802415 0.1578 0.00043023255813956496
1645233868947 3 11.86156600000001 0 999009 0.1965 0.00043023255813956496
1645233873263 3 11.597335000000015 0 869418 0.1711 0.00043023255813956496
1645233877129 3 11.584679999999992 0 897686 0.1764 0.00043023255813956496
1645233881112 3 11.574903000000006 0 960141 0.18839999999999998 0.00043023255813956496
1645233885006 3 11.820953000000003 0 914618 0.1793 0.00043023255813956496
1645233888963 3 11.816735999999992 0 949031 0.1861 0.00043023255813956496
1645233892873 3 11.805189000000013 0 919929 0.1807 0.00043023255813956496
1645233897294 3 11.543048999999996 0 930570 0.1822 0.00043023255813956496
1645233901152 3 11.537607999999977 0 894188 0.1752 0.00043023255813956496
1645233904892 3 11.78076500000003 0 835562 0.16419999999999998 0.00043023255813956496
1645233908929 3 11.772782000000007 0 986170 0.1937 0.00043023255813956496
1645233912904 3 11.766147999999987 0 955812 0.1879 0.00043023255813956496
1645233917145 3 11.508649999999989 0 837688 0.1645 0.00043023255813956496
1645233921169 3 11.500197000000014 0 972932 0.192 0.00043023255813956496
1645233924854 3 11.99773700000003 0 807690 0.15860000000000002 0.00043023255813956496
1645233928857 3 11.990679 0 968173 0.1898 0.00043023255813956496
1645233932670 3 11.984794000000022 0 872734 0.1714 0.00043023255813956496
1645233936714 3 11.97619800000001 0 991679 0.1946 0.00043023255813956496
1645233941138 3 11.719222000000002 0 930061 0.1826 0.00043023255813956496
1645233944975 3 11.709046 0 884740 0.1739 0.00043023255813956496
1645233948974 3 11.70350000000002 0 968599 0.1901 0.00043023255813956496
1645233952741 3 11.947259000000031 0 848189 0.1664 0.00043023255813956496
1645233956786 3 11.941236000000004 0 989262 0.1946 0.00043023255813956496
1645233960707 3 11.935541999999998 0 929927 0.1827 0.00043023255813956496
1645233964976 3 11.678507000000025 0 845977 0.1662 0.00043023255813956496
1645233969067 3 11.671031000000028 0 1009703 0.1982 0.00043023255813956496
1645233972879 3 11.910778999999991 0 861836 0.1692 0.00043023255813956496

