1645233701382 1 3.999999 785 346799 0.068 -3.3755
1645233702867 1 6.533014 0 363755 0.0713 0.00017441860465117198
1645233704721 3 8.680973000000002 0 835161 0.1634 0.000174418604651283
1645233706645 3 10.768018000000001 0 908792 0.1782 0.00043023255813956496
1645233709882 3 11.570556 0 804438 0.1578 0.00043023255813956496
1645233713648 3 11.814919999999999 0 828659 0.1628 0.00043023255813956496
1645233717617 3 11.800692999999999 0 937332 0.1852 0.00043023255813956496
1645233721768 3 11.788252999999997 0 776416 0.15209999999999999 0.00043023255813956496
1645233725906 3 11.532642000000003 0 1025687 0.20139999999999997 0.00043023255813956496
1645233729632 3 11.773142000000004 0 815426 0.1601 0.00043023255813956496
1645233734018 3 11.509011000000001 0 884625 0.1743 0.00043023255813956496
1645233737917 3 11.503903000000001 0 904952 0.1778 0.00043023255813956496
1645233741433 3 11.998356000000001 0 954418 0.1877 0.00043023255813956496
1645233745840 3 11.737658000000003 0 910446 0.17809999999999998 0.00043023255813956496
1645233749782 3 11.734951000000002 0 922454 0.1814 0.00043023255813956496
1645233753751 3 11.726504000000006 0 942842 0.1851 0.00043023255813956496
1645233757613 3 11.968312000000005 0 884128 0.1738 0.00043023255813956496
1645233761869 3 11.704759000000003 0 828263 0.1627 0.00043023255813956496
1645233765926 3 11.698999 0 981175 0.1921 0.00043023255813956496
1645233769891 3 11.692386999999997 0 939007 0.1844 0.00043023255813956496
1645233773660 3 11.923536999999996 0 841370 0.16519999999999999 0.00043023255813956496
1645233777637 3 11.916948000000005 0 947658 0.1853 0.00043023255813956496
1645233781884 3 11.660398999999998 0 828958 0.1623 0.00043023255813956496
1645233785917 3 11.652833000000001 0 977791 0.1916 0.00043023255813956496
1645233789727 3 11.891174000000007 0 847215 0.1665 0.00043023255813956496
1645233793763 3 11.885755000000003 0 978032 0.192 0.00043023255813956496
1645233797728 3 11.855485999999999 0 934237 0.1834 0.00043023255813956496
1645233801603 3 11.851466000000002 0 889600 0.1748 0.00043023255813956496
1645233805669 3 11.845593000000008 0 988774 0.1947 0.00043023255813956496
1645233809876 3 11.589250000000007 0 808061 0.159 0.00043023255813956496
1645233813945 3 11.569135000000003 0 995677 0.196 0.00043023255813956496
1645233817876 3 11.55977 0 924757 0.1816 0.00043023255813956496
1645233822093 3 11.552672000000001 0 808228 0.1587 0.00043023255813956496
1645233825706 3 11.773757000000003 0 1014212 0.1991 0.00043023255813956496
1645233829980 3 11.517175000000009 0 845218 0.1659 0.00043023255813956496
1645233833897 3 11.505089999999996 0 910767 0.1789 0.00043023255813956496
1645233837792 3 11.751473000000004 0 901777 0.17709999999999998 0.00043023255813956496
1645233841810 3 11.73858100000001 0 967347 0.1905 0.00043023255813956496
1645233845779 3 11.733936999999997 0 935273 0.184 0.00043023255813956496
1645233849710 3 11.723638999999991 0 916928 0.1805 0.00043023255813956496
1645233853692 3 11.719645000000014 0 940743 0.18480000000000002 0.00043023255813956496
1645233857577 3 11.964438999999999 0 877888 0.173 0.00043023255813956496
1645233861860 3 11.707403 0 839766 0.16519999999999999 0.00043023255813956496
1645233865900 3 11.702179000000001 0 976062 0.1915 0.00043023255813956496
1645233869908 3 11.689006000000006 0 958353 0.18839999999999998 0.00043023255813956496
1645233873667 3 11.927861000000007 0 836268 0.16399999999999998 0.00043023255813956496
1645233877676 3 11.92315099999999 0 968967 0.19 0.00043023255813956496
1645233881913 3 11.666044999999997 0 825839 0.16160000000000002 0.00043023255813956496
1645233885953 3 11.660624000000013 0 974212 0.191 0.00043023255813956496
1645233889992 0 11.579807000000017 0 128759 0.0249 0.00043023255813956496
1645233893995 0 11.571189000000004 0 199367 0.039 0.00006976744186043549
1645233897636 0 11.810805000000016 0 220759 0.0509 0.00006976744186043549
1645233901632 0 11.805352999999997 0 149511 0.0376 0.00006976744186043549
1645233906066 0 11.543396999999999 0 118879 0.0315 0.00006976744186043549
1645233909935 0 11.536481000000009 0 85418 0.0252 0.00006976744186043549
1645233913771 0 11.777373000000011 0 68807 0.0223 0.00006976744186043549
1645233917729 0 11.771630000000016 0 132565 0.034 0.00006976744186043549
1645233921674 0 11.762666999999993 0 117262 0.0323 0.00006976744186043549
1645233926118 0 11.503749 0 116418 0.0309 0.00006976744186043549
1645233929763 0 11.740974999999992 0 223024 0.052500000000000005 0.00006976744186043549
1645233933887 0 11.733439000000004 0 214538 0.0509 0.00006976744186043549
1645233937437 0 11.978028999999992 0 178191 0.0436 0.00006976744186043549
1645233941455 0 11.974283000000014 0 161454 0.0398 0.00006976744186043549
1645233945572 0 11.969344000000007 0 212225 0.0499 0.00006976744186043549
1645233949668 0 11.963353000000012 0 195858 0.046700000000000005 0.00006976744186043549
1645233953603 0 11.950143999999995 0 119665 0.032 0.00006976744186043549
1645233957538 0 11.942592999999988 0 108667 0.029699999999999997 0.00006976744186043549
1645233961864 0 11.678694000000007 0 64782 0.0207 0.00006976744186043549
1645233965740 0 11.667415000000005 0 87523 0.0258 0.00006976744186043549
1645233969767 0 11.658549999999991 0 155607 0.0387 0.00006976744186043549
1645233973669 0 11.901410999999996 0 100404 0.0279 0.00006976744186043549
1645233977731 0 11.894407000000001 0 183614 0.0442 0.00006976744186043549
1645233981833 0 11.639839999999992 0 197686 0.0477 0.00006976744186043549
1645233985965 0 11.632211999999981 0 217520 0.0507 0.00006976744186043549
1645233989925 0 11.627212999999983 0 132353 0.0344 0.00006976744186043549
1645233994027 0 11.619817000000012 0 199853 0.0481 0.00006976744186043549
1645233997676 0 11.847463000000005 0 225614 0.0528 0.00006976744186043549
1645234001679 0 11.841518000000008 0 150477 0.0378 0.00006976744186043549
1645234005605 0 11.828998000000013 0 117995 0.0314 0.00006976744186043549
1645234010068 0 11.569451000000015 0 86503 0.0259 0.00006976744186043549
1645234013942 0 11.509000000000015 0 67335 0.0217 0.00006976744186043549
1645234017907 0 11.499034999999992 0 132169 0.034100000000000005 0.00006976744186043549
1645234021875 0 11.740819999999985 0 118800 0.0317 0.00006976744186043549
1645234025816 0 11.73168099999998 0 116618 0.0315 0.00006976744186043549
1645234029456 0 11.97571499999998 0 222296 0.0521 0.00006976744186043549

