1645250748676 1 3.999999 2139 346799 0.2023 -9.1977
1645250750143 0 6.53282 0 213385 0.1254 0.00017441860465117198
1645250751074 0 9.599523000000001 0 141806 0.08349999999999999 0.00006976744186043549
1645250752818 0 11.887822 0 112578 0.0645 0.00006976744186043549
1645250756916 1 11.875139999999998 0 339137 0.1986 0.000069767441860491
1645250760817 1 11.868153999999999 0 393219 0.23010000000000003 0.00017441860465117198
1645250765299 1 11.60857 0 406206 0.23759999999999998 0.00017441860465117198
1645250769176 1 11.599722999999997 0 303135 0.1772 0.00017441860465117198
1645250773211 1 11.590218000000004 0 414092 0.2431 0.00017441860465117198
1645250777293 1 11.571949000000004 0 337705 0.1974 0.00017441860465117198
1645250781040 1 11.814553000000004 0 366374 0.21459999999999999 0.00017441860465117198
1645250785202 1 11.551942000000004 0 352030 0.20529999999999998 0.00017441860465117198
1645250788991 1 11.791777000000003 0 371605 0.21810000000000002 0.00017441860465117198
1645250793354 1 11.532827000000005 0 385670 0.2262 0.00017441860465117198
1645250797149 1 11.527504 0 374050 0.219 0.00017441860465117198
1645250801398 1 11.516634000000003 0 367058 0.21459999999999999 0.00017441860465117198
1645250805218 1 11.508105 0 377983 0.2217 0.00017441860465117198
1645250808739 1 11.996925000000005 0 326924 0.1916 0.00017441860465117198
1645250813115 1 11.740763000000001 0 388939 0.2279 0.00017441860465117198
1645250817028 1 11.734415999999996 0 392939 0.231 0.00017441860465117198
1645250820763 1 11.975411000000008 0 362131 0.2132 0.00017441860465117198
1645250824724 1 11.961082000000005 0 402712 0.236 0.00017441860465117198
1645250828762 1 11.948302999999996 0 327400 0.1925 0.00017441860465117198
1645250833218 1 11.689278000000002 0 401133 0.2351 0.00017441860465117198
1645250837178 1 11.680715000000006 0 317452 0.1863 0.00017441860465117198
1645250841079 1 11.673366000000001 0 391753 0.2298 0.00017441860465117198
1645250844946 1 11.914097999999996 0 384934 0.2263 0.00017441860465117198
1645250849208 1 11.656475 0 367179 0.2156 0.00017441860465117198
1645250853092 1 11.647795000000002 0 387965 0.2279 0.00017441860465117198
1645250857153 1 11.640146000000001 0 333821 0.196 0.00017441860465117198
1645250861061 1 11.632451000000003 0 394452 0.2303 0.00017441860465117198
1645250865062 1 11.618384000000006 0 409513 0.23969999999999997 0.00017441860465117198
1645250868967 1 11.86005800000001 0 307174 0.18009999999999998 0.00017441860465117198
1645250873040 1 11.850780999999998 0 420407 0.2467 0.00017441860465117198
1645250877138 1 11.590665999999999 0 340231 0.1996 0.00017441860465117198
1645250880945 1 11.831974000000002 0 374730 0.2198 0.00017441860465117198
1645250885110 1 11.575393999999989 0 353022 0.2065 0.00017441860465117198
1645250889022 1 11.816591000000017 0 393253 0.23090000000000002 0.00017441860465117198
1645250893286 1 11.549962999999991 0 368813 0.2163 0.00017441860465117198
1645250897077 1 11.787818000000016 0 372578 0.2189 0.00017441860465117198
1645250901364 1 11.529177000000004 0 374507 0.2189 0.00017441860465117198
1645250905153 1 11.520865000000015 0 372824 0.21810000000000002 0.00017441860465117198
1645250909179 1 11.511899999999997 0 326437 0.1918 0.00017441860465117198
1645250913029 1 11.750508999999994 0 383127 0.22469999999999998 0.00017441860465117198
1645250916976 1 11.741438000000016 0 400632 0.23410000000000003 0.00017441860465117198
1645250921074 1 11.733641000000006 0 342596 0.2002 0.00017441860465117198
1645250925064 1 11.727833000000004 0 407655 0.2384 0.00017441860465117198
1645250929146 1 11.717602999999997 0 337450 0.1978 0.00017441860465117198
1645250933117 1 11.705777000000012 0 404220 0.2367 0.00017441860465117198
1645250937167 1 11.692656 0 331794 0.19519999999999998 0.00017441860465117198
1645250941078 1 11.686151999999993 0 390086 0.2283 0.00017441860465117198
1645250944954 1 11.930386999999996 0 387516 0.22690000000000002 0.00017441860465117198
1645250949209 1 11.67225400000001 0 365827 0.2142 0.00017441860465117198
1645250953117 1 11.666451999999992 0 392579 0.2305 0.00017441860465117198
1645250957191 1 11.66013000000001 0 337939 0.1978 0.00017441860465117198
1645250961191 1 11.650795000000016 0 406896 0.2386 0.00017441860465117198
1645250965072 1 11.643069999999994 0 390582 0.22759999999999997 0.00017441860465117198
1645250969100 1 11.634665000000012 0 328479 0.19219999999999998 0.00017441860465117198
1645250973029 1 11.880409000000014 0 399016 0.2331 0.00017441860465117198
1645250976822 1 11.872968000000014 0 370990 0.2183 0.00017441860465117198
1645250981103 1 11.608080000000001 0 371149 0.21739999999999998 0.00017441860465117198
1645250984886 1 11.84899200000001 0 372261 0.2182 0.00017441860465117198
1645250989302 1 11.595424000000008 0 394237 0.2312 0.00017441860465117198
1645250993058 1 11.838569000000007 0 368311 0.2153 0.00017441860465117198
1645250996888 1 11.832337999999993 0 381418 0.22360000000000002 0.00017441860465117198
1645251001138 1 11.569819999999993 0 368451 0.2153 0.00017441860465117198
1645251004917 1 11.81426399999998 0 371908 0.21789999999999998 0.00017441860465117198
1645251008937 1 11.804079999999999 0 328352 0.1924 0.00017441860465117198
1645251013268 1 11.545514000000026 0 379027 0.2226 0.00017441860465117198
1645251017270 1 11.53574900000001 0 407465 0.23900000000000002 0.00017441860465117198
1645251021323 1 11.530116000000021 0 333046 0.1948 0.00017441860465117198
1645251025382 1 11.519580000000019 0 416856 0.2448 0.00017441860465117198
1645251028942 1 11.764342 0 335171 0.1958 0.00017441860465117198
1645251033401 1 11.504000000000019 0 401613 0.23610000000000003 0.00017441860465117198
1645251036980 1 11.746089999999981 0 337330 0.1972 0.00017441860465117198
1645251040873 1 11.986548000000028 0 391244 0.2298 0.00017441860465117198
1645251044757 1 11.97760599999998 0 387864 0.22799999999999998 0.00017441860465117198
1645251048984 1 11.720231000000013 0 363813 0.213 0.00017441860465117198
1645251052885 1 11.96479800000003 0 391839 0.22970000000000002 0.00017441860465117198
1645251056956 1 11.956373999999983 0 336898 0.1964 0.00017441860465117198
1645251060796 1 11.94991600000003 0 381135 0.22360000000000002 0.00017441860465117198
1645251065163 1 11.68778900000001 0 386654 0.2271 0.00017441860465117198
1645251068803 1 11.930962000000022 0 347396 0.20400000000000001 0.00017441860465117198
1645251073205 1 11.67211900000001 0 392538 0.2304 0.00017441860465117198

