1645237542545 1 3.999999 4161 346799 0.4041 -17.8923
1645237545229 0 5.320171 0 213385 0.2488 0.00017441860465117198
1645237546985 0 7.567902000000001 0 141806 0.16419999999999998 0.00006976744186043549
1645237548404 0 10.147345000000001 0 112578 0.1309 0.00006976744186043549
1645237550936 0 11.635127999999998 0 80671 0.092 0.00006976744186043549
1645237554838 0 11.879739999999998 0 68729 0.07930000000000001 0.00006976744186043549
1645237559042 0 11.624448999999998 0 137895 0.16060000000000002 0.00006976744186043549
1645237562980 0 11.614625999999998 0 114138 0.133 0.00006976744186043549
1645237567071 0 11.608056000000001 0 126013 0.1478 0.00006976744186043549
1645237570720 0 11.849882000000001 0 217236 0.25470000000000004 0.00006976744186043549
1645237574871 0 11.841718 0 219398 0.2546 0.00006976744186043549
1645237579030 0 11.585381000000005 0 177648 0.2051 0.00006976744186043549
1645237583089 0 11.573803000000005 0 166856 0.1956 0.00006976744186043549
1645237586791 0 11.815743000000005 0 223685 0.2602 0.00006976744186043549
1645237590812 0 11.809232999999999 0 206455 0.24 0.00006976744186043549
1645237594845 0 11.800997000000002 0 121534 0.1423 0.00006976744186043549
1645237598667 0 11.996231000000002 0 105092 0.1216 0.00006976744186043549
1645237603018 0 11.783116 0 63086 0.0738 0.00006976744186043549
1645237607141 0 11.512410000000003 0 87739 0.1012 0.00006976744186043549
1645237611010 0 11.754321000000004 0 152905 0.17709999999999998 0.00006976744186043549
1645237614774 0 11.996747999999997 0 100587 0.1162 0.00006976744186043549
1645237619034 0 11.732934999999998 0 186001 0.2157 0.00006976744186043549
1645237622989 0 11.725721000000007 0 201620 0.2347 0.00006976744186043549
1645237626616 0 11.967945 0 218012 0.25270000000000004 0.00006976744186043549
1645237630664 0 11.953603000000001 0 123058 0.1439 0.00006976744186043549
1645237635079 0 11.690976000000006 0 198856 0.2306 0.00006976744186043549
1645237638862 0 11.934956 0 223061 0.2602 0.00006976744186043549
1645237642638 0 11.924745000000001 0 143385 0.1678 0.00006976744186043549
1645237647094 0 11.666986000000009 0 117021 0.1346 0.00006976744186043549
1645237650653 0 11.904204000000007 0 83595 0.0959 0.00006976744186043549
1645237655049 0 11.643166000000008 0 68011 0.07930000000000001 0.00006976744186043549
1645237658694 0 11.881129000000001 0 134264 0.15489999999999998 0.00006976744186043549
1645237663114 0 11.616298999999998 0 113722 0.1308 0.00006976744186043549
1645237667133 0 11.609987000000004 0 122694 0.1419 0.00006976744186043549
1645237670742 0 11.853747999999996 0 215146 0.251 0.00006976744186043549
1645237674840 0 11.846633999999995 0 213339 0.24900000000000003 0.00006976744186043549
1645237679016 0 11.589511000000016 0 176949 0.20670000000000002 0.00006976744186043549
1645237682963 0 11.830927000000003 0 158356 0.1844 0.00006976744186043549
1645237687135 0 11.571849000000014 0 219852 0.25680000000000003 0.00006976744186043549
1645237691028 0 11.560406 0 196864 0.2285 0.00006976744186043549
1645237694998 0 11.554085000000015 0 116610 0.13640000000000002 0.00006976744186043549
1645237698855 0 11.793514000000016 0 107223 0.1252 0.00006976744186043549
1645237703207 0 11.537768999999997 0 64332 0.0745 0.00006976744186043549
1645237706844 0 11.783608000000015 0 88753 0.1032 0.00006976744186043549
1645237711238 0 11.524181999999996 0 153489 0.1786 0.00006976744186043549
1645237715020 0 11.764862999999991 0 101805 0.11810000000000001 0.00006976744186043549
1645237718813 0 11.759207000000004 0 186822 0.2178 0.00006976744186043549
1645237723252 0 11.502680999999995 0 200149 0.2323 0.00006976744186043549
1645237726844 0 11.744733999999994 0 215305 0.24889999999999998 0.00006976744186043549
1645237730965 0 11.73496800000001 0 128759 0.1514 0.00006976744186043549
1645237734875 0 11.728409999999997 0 199367 0.23079999999999998 0.00006976744186043549
1645237739063 0 11.71265600000001 0 220759 0.25830000000000003 0.00006976744186043549
1645237742903 0 11.703485999999998 0 149511 0.17350000000000002 0.00006976744186043549
1645237746893 0 11.698208999999991 0 118879 0.1382 0.00006976744186043549
1645237750991 0 11.691154000000012 0 85418 0.0997 0.00006976744186043549
1645237754888 0 11.685921000000008 0 68807 0.0792 0.00006976744186043549
1645237759037 0 11.670355 0 132565 0.153 0.00006976744186043549
1645237763022 0 11.66196500000001 0 117262 0.1383 0.00006976744186043549
1645237766969 0 11.653752999999995 0 116418 0.1347 0.00006976744186043549
1645237770673 0 11.894591999999989 0 223024 0.26030000000000003 0.00006976744186043549
1645237774793 0 11.885962000000006 0 214538 0.2511 0.00006976744186043549
1645237778983 0 11.627610000000004 0 178191 0.2083 0.00006976744186043549
1645237782969 0 11.619642999999996 0 161454 0.1881 0.00006976744186043549
1645237787030 0 11.610806999999994 0 212225 0.2454 0.00006976744186043549
1645237790901 0 11.853493000000014 0 195858 0.22690000000000002 0.00006976744186043549
1645237794909 0 11.843162000000007 0 119665 0.1402 0.00006976744186043549
1645237798767 0 11.837606999999991 0 108667 0.1251 0.00006976744186043549
1645237803115 0 11.581186000000002 0 64782 0.0739 0.00006976744186043549
1645237806739 0 11.815117999999984 0 87523 0.1006 0.00006976744186043549
1645237811151 0 11.554714999999987 0 155607 0.1809 0.00006976744186043549
1645237814914 0 11.797938999999985 0 100404 0.1163 0.00006976744186043549
1645237819163 0 11.538242000000025 0 183614 0.2144 0.00006976744186043549
1645237823070 0 11.531848000000025 0 197686 0.2306 0.00006976744186043549
1645237827202 0 11.52175699999998 0 217520 0.2528 0.00006976744186043549
1645237830841 0 11.759090000000015 0 132353 0.1532 0.00006976744186043549
1645237835270 0 11.50049899999999 0 199853 0.2324 0.00006976744186043549
1645237838996 0 11.74233700000002 0 225614 0.2621 0.00006976744186043549
1645237842855 0 11.732769000000019 0 150477 0.1752 0.00006976744186043549
1645237846824 0 11.726251999999988 0 117995 0.1365 0.00006976744186043549
1645237850923 0 11.718977999999993 0 86503 0.0993 0.00006976744186043549
1645237854797 0 11.960218999999995 0 67335 0.0774 0.00006976744186043549
1645237858931 0 11.704367999999988 0 132169 0.15309999999999999 0.00006976744186043549
1645237862914 0 11.69727899999998 0 118800 0.1385 0.00006976744186043549
1645237866866 0 11.68862999999999 0 116618 0.1349 0.00006976744186043549

