1645237654565 1 3.999999 4157 346799 0.4037 -17.8751
1645237657806 0 4.7745370000000005 0 213385 0.24910000000000002 0.00017441860465117198
1645237659593 0 6.985323000000001 0 141806 0.1658 0.00006976744186043549
1645237661035 0 9.544556 0 112578 0.1311 0.00006976744186043549
1645237663086 0 11.702622 0 80671 0.0922 0.00006976744186043549
1645237667007 0 11.694137 0 68729 0.07930000000000001 0.00006976744186043549
1645237670731 0 11.938582999999998 0 137895 0.1605 0.00006976744186043549
1645237674721 0 11.931535 0 114138 0.1347 0.00006976744186043549
1645237678799 0 11.919957000000004 0 126013 0.14579999999999999 0.00006976744186043549
1645237682945 0 11.662046000000004 0 217236 0.25270000000000004 0.00006976744186043549
1645237687354 1 11.226655000000001 0 366374 0.4282 0.000069767441860491
1645237691597 1 10.981932 0 352030 0.41150000000000003 0.00017441860465117198
1645237696070 1 10.512114000000004 0 371605 0.4337 0.00017441860465117198
1645237700696 1 9.885911 0 385670 0.45030000000000003 0.00017441860465117198
1645237705180 1 9.399895 0 374050 0.43550000000000005 0.00017441860465117198
1645237709570 1 9.007916999999999 0 367058 0.4263 0.00017441860465117198
1645237710917 0 11.661676 0 105092 0.12190000000000001 0.00017441860465117198
1645237714790 0 11.825008000000004 0 63086 0.0732 0.00006976744186043549
1645237718922 0 11.814940000000007 0 87739 0.10129999999999999 0.00006976744186043549
1645237722808 0 11.803849999999997 0 152905 0.177 0.00006976744186043549
1645237727098 0 11.542034999999998 0 100587 0.11599999999999999 0.00006976744186043549
1645237730870 0 11.782638000000006 0 186001 0.21539999999999998 0.00006976744186043549
1645237734839 0 11.773218999999997 0 201620 0.23420000000000002 0.00006976744186043549
1645237739650 1 10.929240000000007 0 401133 0.46849999999999997 0.000069767441860491
1645237743470 1 11.108900000000006 0 317452 0.371 0.00017441860465117198
1645237748144 1 10.434615000000008 0 391753 0.45570000000000005 0.00017441860465117198
1645237752774 1 9.806863000000007 0 384934 0.4502 0.00017441860465117198
1645237757164 1 9.414974 0 367179 0.42800000000000005 0.00017441860465117198
1645237761799 1 8.779454000000001 0 387965 0.4523 0.00017441860465117198
1645237762882 0 11.696094000000002 0 83595 0.096 0.00017441860465117198
1645237766794 0 11.943673000000004 0 68011 0.0792 0.00006976744186043549
1645237770962 0 11.685607000000005 0 134264 0.155 0.00006976744186043549
1645237774891 0 11.925266000000008 0 113722 0.131 0.00006976744186043549
1645237778930 0 11.651980000000009 0 122694 0.142 0.00006976744186043549
1645237783059 0 11.632647999999989 0 215146 0.251 0.00006976744186043549
1645237787178 0 11.62326999999999 0 213339 0.24910000000000002 0.00006976744186043549
1645237790853 0 11.850263000000012 0 176949 0.2049 0.00006976744186043549
1645237795551 1 11.028467000000006 0 393253 0.4575 0.000069767441860491
1645237799981 1 10.597491999999988 0 368813 0.42969999999999997 0.00017441860465117198
1645237804445 1 10.13483500000001 0 372578 0.4335 0.00017441860465117198
1645237808929 1 9.649513000000013 0 374507 0.43550000000000005 0.00017441860465117198
1645237813414 1 9.165050000000008 0 372824 0.43550000000000005 0.00017441860465117198
1645237814798 0 11.780795000000012 0 64332 0.0757 0.00017441860465117198
1645237818947 0 11.774007000000012 0 88753 0.10329999999999999 0.00006976744186043549
1645237822852 0 11.768294999999995 0 153489 0.1789 0.00006976744186043549
1645237827162 0 11.508759999999995 0 101805 0.11810000000000001 0.00006976744186043549
1645237830949 0 11.748398000000009 0 186822 0.21760000000000002 0.00006976744186043549
1645237834901 0 11.741127000000006 0 200149 0.2327 0.00006976744186043549
1645237839020 0 11.731713000000013 0 215305 0.24900000000000003 0.00006976744186043549
1645237842653 0 11.974900999999988 0 128759 0.1513 0.00006976744186043549
1645237847099 0 11.716703999999993 0 199367 0.2319 0.00006976744186043549
1645237850805 0 11.946162000000015 0 220759 0.25830000000000003 0.00006976744186043549
1645237854685 0 11.939820999999995 0 149511 0.1754 0.00006976744186043549
1645237858692 0 11.933859000000012 0 118879 0.1383 0.00006976744186043549
1645237862815 0 11.921671000000003 0 85418 0.0997 0.00006976744186043549
1645237866746 0 11.913913000000008 0 68807 0.07970000000000001 0.00006976744186043549
1645237870889 0 11.903517999999991 0 132565 0.1528 0.00006976744186043549
1645237874894 0 11.891708999999992 0 117262 0.1365 0.00006976744186043549
1645237878862 0 11.886427999999995 0 116418 0.1346 0.00006976744186043549
1645237883083 0 11.62963099999999 0 223024 0.2602 0.00006976744186043549
1645237886724 0 11.872983000000005 0 214538 0.2508 0.00006976744186043549
1645237890928 0 11.774835999999993 0 178191 0.2084 0.00006976744186043549
1645237894954 0 11.856034999999991 0 161454 0.1879 0.00006976744186043549
1645237899048 0 11.59415100000001 0 212225 0.2473 0.00006976744186043549
1645237902942 0 11.827073000000013 0 195858 0.2271 0.00006976744186043549
1645237906952 0 11.816580000000016 0 119665 0.1384 0.00006976744186043549
1645237910854 0 11.805018000000018 0 108667 0.12450000000000001 0.00006976744186043549
1645237915245 0 11.548378000000014 0 64782 0.0754 0.00006976744186043549
1645237918893 0 11.790137000000016 0 87523 0.10149999999999999 0.00006976744186043549
1645237922834 0 11.781272000000001 0 155607 0.1806 0.00006976744186043549
1645237927164 0 11.52542299999999 0 100404 0.11839999999999999 0.00006976744186043549
1645237930919 0 11.770198999999991 0 183614 0.2121 0.00006976744186043549
1645237935313 0 11.51054499999998 0 197686 0.22879999999999998 0.00006976744186043549
1645237938988 0 11.71498600000001 0 217520 0.253 0.00006976744186043549
1645237942646 0 11.957507000000021 0 132353 0.15309999999999999 0.00006976744186043549
1645237947093 0 11.698208000000022 0 199853 0.2327 0.00006976744186043549
1645237950836 0 11.740542000000005 0 225614 0.26139999999999997 0.00006976744186043549
1645237954725 0 11.930571999999984 0 150477 0.1768 0.00006976744186043549
1645237958717 0 11.924395000000004 0 117995 0.1365 0.00006976744186043549
1645237962835 0 11.917592000000013 0 86503 0.0997 0.00006976744186043549
1645237966727 0 11.907310999999993 0 67335 0.0775 0.00006976744186043549
1645237970903 0 11.895196999999996 0 132169 0.1537 0.00006976744186043549
1645237974918 0 11.882902000000001 0 118800 0.1383 0.00006976744186043549

