1645234769471 1 3.999999 2429 346799 0.22810000000000002 -10.4447
1645234771140 0 6.318916 0 213385 0.13879999999999998 0.00017441860465117198
1645234772172 0 9.287500000000001 0 141806 0.0931 0.00006976744186043549
1645234774009 0 11.505215 0 112578 0.073 0.00006976744186043549
1645234777841 1 11.748729999999998 0 339137 0.22200000000000003 0.000069767441860491
1645234781532 1 11.985741999999998 0 393219 0.2581 0.00017441860465117198
1645234785806 1 11.727941999999999 0 406206 0.26739999999999997 0.00017441860465117198
1645234789902 1 11.720457 0 303135 0.19890000000000002 0.00017441860465117198
1645234793723 1 11.967098000000004 0 414092 0.2717 0.00017441860465117198
1645234797541 1 11.957591000000004 0 337705 0.22200000000000003 0.00017441860465117198
1645234801575 1 11.952135000000006 0 366374 0.24169999999999997 0.00017441860465117198
1645234805998 1 11.695628 0 352030 0.2307 0.00017441860465117198
1645234809535 1 11.940294999999999 0 371605 0.24300000000000002 0.00017441860465117198
1645234813662 1 11.933564000000004 0 385670 0.2529 0.00017441860465117198
1645234817720 1 11.922793000000006 0 374050 0.24580000000000002 0.00017441860465117198
1645234821735 1 11.916665000000002 0 367058 0.24100000000000002 0.00017441860465117198
1645234825822 1 11.657697000000006 0 377983 0.24889999999999998 0.00017441860465117198
1645234829565 1 11.898678000000004 0 326924 0.2141 0.00017441860465117198
1645234833720 1 11.891216 0 388939 0.255 0.00017441860465117198
1645234837901 1 11.635942 0 392939 0.258 0.00017441860465117198
1645234841882 1 11.628602999999998 0 362131 0.23809999999999998 0.00017441860465117198
1645234845634 1 11.873688999999999 0 402712 0.2649 0.00017441860465117198
1645234849903 1 11.619477000000003 0 327400 0.21600000000000003 0.00017441860465117198
1645234853649 1 11.857548000000008 0 401133 0.26389999999999997 0.00017441860465117198
1645234857840 1 11.853548000000004 0 317452 0.2089 0.00017441860465117198
1645234862027 1 11.594108000000006 0 391753 0.2581 0.00017441860465117198
1645234865680 1 11.840513999999999 0 384934 0.25379999999999997 0.00017441860465117198
1645234869697 1 11.836414000000005 0 367179 0.2408 0.00017441860465117198
1645234873863 1 11.824765 0 387965 0.2544 0.00017441860465117198
1645234877652 1 11.813251000000008 0 333821 0.21880000000000002 0.00017441860465117198
1645234881847 1 11.807305 0 394452 0.2591 0.00017441860465117198
1645234886137 1 11.552368000000001 0 409513 0.2691 0.00017441860465117198
1645234889768 1 11.792749999999998 0 307174 0.202 0.00017441860465117198
1645234894147 1 11.536867 0 420407 0.2758 0.00017441860465117198
1645234897996 1 11.52780899999999 0 340231 0.2238 0.00017441860465117198
1645234902053 1 11.524620999999996 0 374730 0.2447 0.00017441860465117198
1645234905979 1 11.520370000000014 0 353022 0.2319 0.00017441860465117198
1645234910165 1 11.510183000000012 0 393253 0.2579 0.00017441860465117198
1645234914186 1 11.506355000000013 0 368813 0.2419 0.00017441860465117198
1645234917744 1 11.746535999999992 0 372578 0.24409999999999998 0.00017441860465117198
1645234921800 1 11.74242000000001 0 374507 0.2459 0.00017441860465117198
1645234925848 1 11.734977000000015 0 372824 0.244 0.00017441860465117198
1645234929603 1 11.978510999999997 0 326437 0.2149 0.00017441860465117198
1645234933723 1 11.973880000000008 0 383127 0.2501 0.00017441860465117198
1645234937959 1 11.709744 0 400632 0.2629 0.00017441860465117198
1645234941814 1 11.703690999999992 0 342596 0.22490000000000002 0.00017441860465117198
1645234945579 1 11.937735000000004 0 407655 0.26680000000000004 0.00017441860465117198
1645234949900 1 11.676592999999997 0 337450 0.2217 0.00017441860465117198
1645234953660 1 11.92310900000001 0 404220 0.2657 0.00017441860465117198
1645234957947 1 11.659312999999997 0 331794 0.21739999999999998 0.00017441860465117198
1645234961602 1 11.901944000000015 0 390086 0.2557 0.00017441860465117198
1645234965746 1 11.892987000000005 0 387516 0.2544 0.00017441860465117198
1645234969745 1 11.887178000000006 0 365827 0.2405 0.00017441860465117198
1645234973926 1 11.627713999999997 0 392579 0.25739999999999996 0.00017441860465117198
1645234977745 1 11.873889999999989 0 337939 0.2222 0.00017441860465117198
1645234982029 1 11.612761000000006 0 406896 0.2682 0.00017441860465117198
1645234985701 1 11.855377000000004 0 390582 0.2569 0.00017441860465117198
1645234989960 1 11.596137999999996 0 328479 0.21600000000000003 0.00017441860465117198
1645234993680 1 11.841872999999993 0 399016 0.2618 0.00017441860465117198
1645234997724 1 11.830501999999996 0 370990 0.24359999999999998 0.00017441860465117198
1645235001766 1 11.827194999999989 0 371149 0.244 0.00017441860465117198
1645235005826 1 11.819986999999998 0 372261 0.2444 0.00017441860465117198
1645235010010 1 11.564102999999989 0 394237 0.259 0.00017441860465117198
1645235014024 1 11.558569000000006 0 368311 0.24089999999999998 0.00017441860465117198
1645235018123 1 11.549471000000011 0 381418 0.24969999999999998 0.00017441860465117198
1645235022141 1 11.54392200000001 0 368451 0.24209999999999998 0.00017441860465117198
1645235025697 1 11.781738000000018 0 371908 0.2447 0.00017441860465117198
1645235029951 1 11.527721999999983 0 328352 0.2149 0.00017441860465117198
1645235034029 1 11.523797000000002 0 379027 0.2479 0.00017441860465117198
1645235037814 1 11.761255000000006 0 407465 0.2672 0.00017441860465117198
1645235042104 1 11.507032999999979 0 333046 0.2189 0.00017441860465117198
1645235045946 1 11.750945000000002 0 416856 0.274 0.00017441860465117198
1645235049740 1 11.746181999999976 0 335171 0.2197 0.00017441860465117198
1645235053481 1 11.982298000000014 0 401613 0.2641 0.00017441860465117198
1645235057810 1 11.722822000000008 0 337330 0.2219 0.00017441860465117198
1645235061987 1 11.716966000000014 0 391244 0.2571 0.00017441860465117198
1645235065643 1 11.962616000000025 0 387864 0.255 0.00017441860465117198
1645235069630 1 11.957677999999987 0 363813 0.2384 0.00017441860465117198
1645235073812 1 11.679977000000008 0 391839 0.2578 0.00017441860465117198
1645235077658 1 11.917966999999976 0 336898 0.22080000000000002 0.00017441860465117198
1645235081778 1 11.91324000000003 0 381135 0.25129999999999997 0.00017441860465117198
1645235085925 1 11.654120999999975 0 386654 0.2541 0.00017441860465117198
1645235089827 1 11.648755999999992 0 347396 0.229 0.00017441860465117198
1645235094027 1 11.641669999999976 0 392538 0.25880000000000003 0.00017441860465117198

