1645250530122 1 3.999999 794 346799 0.0675 -3.4141999999999997
1645250531726 1 6.417163 0 363755 0.0712 0.00017441860465117198
1645250533576 3 8.566575 0 835161 0.1623 0.000174418604651283
1645250535461 3 10.681965000000002 0 908792 0.1768 0.00043023255813956496
1645250538658 3 11.702238 0 804438 0.15660000000000002 0.00043023255813956496
1645250542394 3 11.945970999999998 0 828659 0.161 0.00043023255813956496
1645250546347 3 11.931227 0 937332 0.1836 0.00043023255813956496
1645250550478 3 11.67126 0 776416 0.15109999999999998 0.00043023255813956496
1645250554611 3 11.665597000000002 0 1025687 0.1996 0.00043023255813956496
1645250558315 3 11.906791000000002 0 815426 0.1583 0.00043023255813956496
1645250562665 3 11.649059000000001 0 884625 0.1724 0.00043023255813956496
1645250566569 3 11.640194000000001 0 904952 0.17609999999999998 0.00043023255813956496
1645250570547 3 11.63212 0 954418 0.18560000000000001 0.00043023255813956496
1645250574441 3 11.873577000000004 0 910446 0.1769 0.00043023255813956496
1645250578356 3 11.868369000000001 0 922454 0.1796 0.00043023255813956496
1645250582311 3 11.862502 0 942842 0.1834 0.00043023255813956496
1645250586654 3 11.601793 0 884128 0.1721 0.00043023255813956496
1645250590422 3 11.840193 0 828263 0.1609 0.00043023255813956496
1645250594455 3 11.834731000000005 0 981175 0.19039999999999999 0.00043023255813956496
1645250598414 3 11.824889999999996 0 939007 0.18280000000000002 0.00043023255813956496
1645250602675 3 11.562662000000003 0 841370 0.1635 0.00043023255813956496
1645250606640 3 11.555737000000008 0 947658 0.1842 0.00043023255813956496
1645250610384 3 11.799716000000004 0 828958 0.16060000000000002 0.00043023255813956496
1645250614412 3 11.789236000000002 0 977791 0.1899 0.00043023255813956496
1645250618696 3 11.532556 0 847215 0.1648 0.00043023255813956496
1645250622264 3 11.973752000000005 0 978032 0.1899 0.00043023255813956496
1645250626221 3 11.967307000000005 0 934237 0.1817 0.00043023255813956496
1645250630583 3 11.706371000000004 0 889600 0.1729 0.00043023255813956496
1645250634629 3 11.694933000000006 0 988774 0.19190000000000002 0.00043023255813956496
1645250638321 3 11.936746999999997 0 808061 0.1563 0.00043023255813956496
1645250642386 3 11.928632000000007 0 995677 0.1934 0.00043023255813956496
1645250646302 3 11.923727999999997 0 924757 0.1793 0.00043023255813956496
1645250650492 3 11.806466999999998 0 808228 0.157 0.00043023255813956496
1645250654589 3 11.633120000000005 0 1014212 0.1973 0.00043023255813956496
1645250658351 3 11.878062 0 845218 0.1644 0.00043023255813956496
1645250662756 3 11.621812000000006 0 910767 0.1775 0.00043023255813956496
1645250666637 3 11.61388199999999 0 901777 0.1755 0.00043023255813956496
1645250670637 3 11.606443000000013 0 967347 0.1881 0.00043023255813956496
1645250674572 3 11.598794999999996 0 935273 0.18209999999999998 0.00043023255813956496
1645250678481 3 11.844465000000014 0 916928 0.1783 0.00043023255813956496
1645250682438 3 11.832403999999997 0 940743 0.1826 0.00043023255813956496
1645250686390 3 11.800011000000012 0 877888 0.1709 0.00043023255813956496
1645250690651 3 11.544941999999992 0 839766 0.1638 0.00043023255813956496
1645250694669 3 11.539586000000014 0 976062 0.1889 0.00043023255813956496
1645250698654 3 11.528238000000016 0 958353 0.1862 0.00043023255813956496
1645250702407 3 11.77425199999999 0 836268 0.1623 0.00043023255813956496
1645250706419 3 11.765108999999995 0 968967 0.1889 0.00043023255813956496
1645250710651 3 11.761088999999998 0 825839 0.16060000000000002 0.00043023255813956496
1645250714667 3 11.729276999999996 0 974212 0.1895 0.00043023255813956496
1645250718677 0 11.678804000000014 0 128759 0.0252 0.00043023255813956496
1645250722682 0 11.671707999999995 0 199367 0.0387 0.00006976744186043549
1645250726299 0 11.915610000000015 0 220759 0.0506 0.00006976744186043549
1645250730332 0 11.910863000000006 0 149511 0.0375 0.00006976744186043549
1645250734276 0 11.904604000000006 0 118879 0.0315 0.00006976744186043549
1645250738651 0 11.646034000000014 0 85418 0.025 0.00006976744186043549
1645250742492 0 11.88975099999999 0 68807 0.0217 0.00006976744186043549
1645250746453 0 11.882282000000004 0 132565 0.034 0.00006976744186043549
1645250750399 0 11.871287999999993 0 117262 0.0316 0.00006976744186043549
1645250754339 0 11.863773000000009 0 116418 0.0312 0.00006976744186043549
1645250758500 0 11.855817000000002 0 223024 0.0522 0.00006976744186043549
1645250762627 0 11.594680000000011 0 214538 0.05 0.00006976744186043549
1645250766685 0 11.588859000000014 0 178191 0.043 0.00006976744186043549
1645250770701 0 11.56117900000001 0 161454 0.0398 0.00006976744186043549
1645250774829 0 11.573944000000012 0 212225 0.0498 0.00006976744186043549
1645250778430 0 11.793004999999994 0 195858 0.0468 0.00006976744186043549
1645250782866 0 11.528639999999996 0 119665 0.0322 0.00006976744186043549
1645250786781 0 11.517592999999977 0 108667 0.0298 0.00006976744186043549
1645250790623 0 11.760376000000008 0 64782 0.0211 0.00006976744186043549
1645250794505 0 11.74807199999998 0 87523 0.0256 0.00006976744186043549
1645250798529 0 11.730501000000004 0 155607 0.0397 0.00006976744186043549
1645250802431 0 11.966745000000003 0 100404 0.0283 0.00006976744186043549
1645250806511 0 11.687828000000025 0 183614 0.0443 0.00006976744186043549
1645250810606 0 11.67907200000002 0 197686 0.0465 0.00006976744186043549
1645250814736 0 11.673967000000005 0 217520 0.0509 0.00006976744186043549
1645250818700 0 11.638081 0 132353 0.034300000000000004 0.00006976744186043549
1645250822290 0 11.882146999999975 0 199853 0.0472 0.00006976744186043549
1645250826433 0 11.875384999999994 0 225614 0.0529 0.00006976744186043549
1645250830433 0 11.868302000000028 0 150477 0.0381 0.00006976744186043549
1645250834374 0 11.860612000000003 0 117995 0.0314 0.00006976744186043549
1645250838750 0 11.5976 0 86503 0.0253 0.00006976744186043549
1645250842591 0 11.59026399999999 0 67335 0.0213 0.00006976744186043549
1645250846546 0 11.835346000000015 0 132169 0.034 0.00006976744186043549
1645250850487 0 11.82180900000003 0 118800 0.032 0.00006976744186043549
1645250854437 0 11.81066199999998 0 116618 0.0316 0.00006976744186043549

