1645246608501 1 3.999999 1014 346799 0.0863 -4.3602
1645246610464 1 6.05081 0 363755 0.09140000000000001 0.00017441860465117198
1645246611510 1 9.003994 0 362842 0.0905 0.00017441860465117198
1645246614022 3 10.494614 0 908792 0.227 0.000174418604651283
1645246616713 3 11.894628999999998 0 804438 0.2012 0.00043023255813956496
1645246620900 3 11.636479999999999 0 828659 0.20739999999999997 0.00043023255813956496
1645246624876 3 11.876601999999998 0 937332 0.2343 0.00043023255813956496
1645246628945 3 11.597068999999998 0 776416 0.19419999999999998 0.00043023255813956496
1645246633149 3 11.583307000000001 0 1025687 0.2565 0.00043023255813956496
1645246636817 3 11.824601000000001 0 815426 0.20390000000000003 0.00043023255813956496
1645246641159 3 11.563827000000003 0 884625 0.22139999999999999 0.00043023255813956496
1645246645067 3 11.554413000000004 0 904952 0.22669999999999998 0.00043023255813956496
1645246649090 3 11.549066000000003 0 954418 0.2387 0.00043023255813956496
1645246652983 3 11.546225 0 910446 0.22690000000000002 0.00043023255813956496
1645246656931 3 11.780842 0 922454 0.2307 0.00043023255813956496
1645246660901 3 11.766112 0 942842 0.23610000000000003 0.00043023255813956496
1645246665244 3 11.505402000000004 0 884128 0.2213 0.00043023255813956496
1645246668933 3 11.745257000000002 0 828263 0.2068 0.00043023255813956496
1645246673013 3 11.734217999999998 0 981175 0.24430000000000002 0.00043023255813956496
1645246676991 3 11.704009 0 939007 0.2346 0.00043023255813956496
1645246680731 3 11.948699000000005 0 841370 0.2109 0.00043023255813956496
1645246684720 3 11.936321000000007 0 947658 0.2371 0.00043023255813956496
1645246688930 3 11.675393999999997 0 828958 0.2068 0.00043023255813956496
1645246693008 3 11.666092000000006 0 977791 0.2447 0.00043023255813956496
1645246696758 3 11.909481 0 847215 0.2122 0.00043023255813956496
1645246700825 3 11.901578999999998 0 978032 0.2447 0.00043023255813956496
1645246704787 3 11.895451000000008 0 934237 0.23359999999999997 0.00043023255813956496
1645246708631 3 11.883870000000002 0 889600 0.2223 0.00043023255813956496
1645246712727 3 11.880931000000004 0 988774 0.24780000000000002 0.00043023255813956496
1645246716905 3 11.618042000000003 0 808061 0.2024 0.00043023255813956496
1645246721013 3 11.605638999999996 0 995677 0.2488 0.00043023255813956496
1645246724949 3 11.600250000000003 0 924757 0.23149999999999998 0.00043023255813956496
1645246729109 3 11.524721 0 808228 0.2023 0.00043023255813956496
1645246733145 3 11.550717000000006 0 1014212 0.25339999999999996 0.00043023255813956496
1645246736908 3 11.791229000000016 0 845218 0.21150000000000002 0.00043023255813956496
1645246740819 3 11.784842999999995 0 910767 0.22810000000000002 0.00043023255813956496
1645246745228 3 11.524100000000004 0 901777 0.2253 0.00043023255813956496
1645246748789 3 11.750277000000011 0 967347 0.242 0.00043023255813956496
1645246752756 3 11.993809999999996 0 935273 0.23410000000000003 0.00043023255813956496
1645246756685 3 11.967664000000013 0 916928 0.22959999999999997 0.00043023255813956496
1645246760659 3 11.956615 0 940743 0.2354 0.00043023255813956496
1645246764974 3 11.701461999999992 0 877888 0.21949999999999997 0.00043023255813956496
1645246768704 3 11.939731999999992 0 839766 0.21030000000000001 0.00043023255813956496
1645246772779 3 11.934052000000008 0 976062 0.244 0.00043023255813956496
1645246776805 3 11.926822000000016 0 958353 0.24020000000000002 0.00043023255813956496
1645246781010 3 11.666243000000009 0 836268 0.20870000000000002 0.00043023255813956496
1645246785051 3 11.654567000000014 0 968967 0.2424 0.00043023255813956496
1645246788727 3 11.897728999999998 0 825839 0.20670000000000002 0.00043023255813956496
1645246792780 3 11.889209999999991 0 974212 0.24359999999999998 0.00043023255813956496
1645246796872 0 11.880100999999996 0 128759 0.0319 0.00043023255813956496
1645246800981 0 11.60023000000001 0 199367 0.0493 0.00006976744186043549
1645246805158 0 11.586002000000008 0 220759 0.05550000000000001 0.00006976744186043549
1645246809153 0 11.569967999999989 0 149511 0.0373 0.00006976744186043549
1645246813128 0 11.562016999999997 0 118879 0.0361 0.00006976744186043549
1645246817029 0 11.557905000000005 0 85418 0.027700000000000002 0.00006976744186043549
1645246820882 0 11.80041700000001 0 68807 0.0228 0.00006976744186043549
1645246824887 0 11.791544000000016 0 132565 0.038900000000000004 0.00006976744186043549
1645246828863 0 11.782801000000006 0 117262 0.0354 0.00006976744186043549
1645246832839 0 11.777479 0 116418 0.0353 0.00006976744186043549
1645246837085 0 11.510565000000014 0 223024 0.062 0.00006976744186043549
1645246840797 0 11.756822 0 214538 0.0596 0.00006976744186043549
1645246844938 0 11.749255000000005 0 178191 0.0509 0.00006976744186043549
1645246849023 0 11.739578999999992 0 161454 0.0466 0.00006976744186043549
1645246852740 0 11.952158999999995 0 212225 0.058899999999999994 0.00006976744186043549
1645246856931 0 11.693866000000014 0 195858 0.05500000000000001 0.00006976744186043549
1645246860905 0 11.686066000000011 0 119665 0.0358 0.00006976744186043549
1645246864874 0 11.678994999999986 0 108667 0.033600000000000005 0.00006976744186043549
1645246868719 0 11.92095599999999 0 64782 0.0222 0.00006976744186043549
1645246872612 0 11.910111000000029 0 87523 0.028000000000000004 0.00006976744186043549
1645246876683 0 11.904425000000003 0 155607 0.0446 0.00006976744186043549
1645246881105 0 11.643815000000018 0 100404 0.031 0.00006976744186043549
1645246884737 0 11.888148999999999 0 183614 0.0517 0.00006976744186043549
1645246888914 0 11.63097700000003 0 197686 0.055400000000000005 0.00006976744186043549
1645246892660 0 11.875130000000013 0 217520 0.0613 0.00006976744186043549
1645246896672 0 11.869304 0 132353 0.0391 0.00006976744186043549
1645246900866 0 11.862863000000004 0 199853 0.05639999999999999 0.00006976744186043549
1645246905120 0 11.60570100000001 0 225614 0.0628 0.00006976744186043549
1645246908686 0 11.850121000000001 0 150477 0.0433 0.00006976744186043549
1645246913166 0 11.593529999999987 0 117995 0.035699999999999996 0.00006976744186043549
1645246917085 0 11.549830999999983 0 86503 0.028100000000000003 0.00006976744186043549
1645246920953 0 11.796039000000007 0 67335 0.0223 0.00006976744186043549
1645246924959 0 11.772094999999979 0 132169 0.0387 0.00006976744186043549
1645246928946 0 11.763621999999998 0 118800 0.034699999999999995 0.00006976744186043549
1645246932910 0 11.758642000000009 0 116618 0.0351 0.00006976744186043549

