1645228724195 1 3.999999 1178 346799 0.1055 -5.0653999999999995
1645228726616 1 5.612996 0 363755 0.11080000000000001 0.00017441860465117198
1645228727835 1 8.395212 0 362842 0.11040000000000001 0.00017441860465117198
1645228729130 1 11.099895 0 384791 0.1177 0.00017441860465117198
1645228732791 1 11.524531 0 339137 0.1034 0.00017441860465117198
1645228736606 3 11.769965999999998 0 828659 0.25739999999999996 0.000174418604651283
1645228740578 3 11.762856 0 937332 0.2857 0.00043023255813956496
1645228744581 3 11.754403 0 776416 0.2358 0.00043023255813956496
1645228748343 3 11.987574000000002 0 1025687 0.3127 0.00043023255813956496
1645228752469 3 11.981532000000001 0 815426 0.24860000000000002 0.00043023255813956496
1645228756296 3 11.961431000000005 0 884625 0.2696 0.00043023255813956496
1645228760690 3 11.691690000000001 0 904952 0.2761 0.00043023255813956496
1645228764752 3 11.679243 0 954418 0.2908 0.00043023255813956496
1645228768680 3 11.657826 0 910446 0.27749999999999997 0.00043023255813956496
1645228772697 3 11.647681000000006 0 922454 0.2808 0.00043023255813956496
1645228776697 3 11.638845000000003 0 942842 0.2873 0.00043023255813956496
1645228782795 3 9.441294 0 884128 0.5929 0.00043023255813956496
1645228785630 3 10.599140000000006 0 828263 0.25630000000000003 0.00043023255813956496
1645228788765 3 11.466340000000002 0 981175 0.2988 0.00043023255813956496
1645228792791 3 11.533921000000007 0 939007 0.28559999999999997 0.00043023255813956496
1645228796525 3 11.779337999999996 0 841370 0.2565 0.00043023255813956496
1645228800566 3 11.762872999999999 0 947658 0.2889 0.00043023255813956496
1645228804733 3 11.761753999999996 0 828958 0.25270000000000004 0.00043023255813956496
1645228808487 3 11.997217000000006 0 977791 0.30179999999999996 0.00043023255813956496
1645228812717 3 11.99090600000001 0 847215 0.25739999999999996 0.00043023255813956496
1645228816828 3 11.712731000000005 0 978032 0.2981 0.00043023255813956496
1645228820825 3 11.701822000000007 0 934237 0.2841 0.00043023255813956496
1645228824649 3 11.926332000000002 0 889600 0.27090000000000003 0.00043023255813956496
1645228828794 3 11.90549 0 988774 0.30110000000000003 0.00043023255813956496
1645228832902 3 11.618767000000005 0 808061 0.2465 0.00043023255813956496
1645228837047 3 11.599046000000001 0 995677 0.303 0.00043023255813956496
1645228840977 3 11.591769 0 924757 0.2811 0.00043023255813956496
1645228845059 3 11.580105000000003 0 808228 0.2452 0.00043023255813956496
1645228848777 3 11.814705000000004 0 1014212 0.30870000000000003 0.00043023255813956496
1645228852985 3 11.54534799999999 0 845218 0.25680000000000003 0.00043023255813956496
1645228856893 3 11.784402999999998 0 910767 0.2772 0.00043023255813956496
1645228860776 3 11.775142000000017 0 901777 0.2737 0.00043023255813956496
1645228864837 3 11.765203000000014 0 967347 0.2941 0.00043023255813956496
1645228868814 3 11.752961999999997 0 935273 0.2851 0.00043023255813956496
1645228872766 3 11.741033000000016 0 916928 0.2793 0.00043023255813956496
1645228876742 3 11.97348500000001 0 940743 0.2862 0.00043023255813956496
1645228880536 3 11.948206999999996 0 877888 0.2673 0.00043023255813956496
1645228884713 3 11.934818000000007 0 839766 0.25630000000000003 0.00043023255813956496
1645228888823 3 11.677284000000014 0 976062 0.2972 0.00043023255813956496
1645228892868 3 11.67100400000001 0 958353 0.2923 0.00043023255813956496
1645228897025 3 11.658702000000005 0 836268 0.2546 0.00043023255813956496
1645228901093 3 11.626274999999993 0 968967 0.2953 0.00043023255813956496
1645228904737 3 11.753848000000005 0 825839 0.2512 0.00043023255813956496
1645228908813 3 11.829854000000012 0 974212 0.2968 0.00043023255813956496
1645228912932 0 11.569832999999988 0 128759 0.0386 0.00043023255813956496
1645228917146 0 11.563383000000016 0 199367 0.0601 0.00006976744186043549
1645228920935 0 11.544305000000008 0 220759 0.06720000000000001 0.00006976744186043549
1645228925009 0 11.534818000000001 0 149511 0.0455 0.00006976744186043549
1645228929024 0 11.529631999999992 0 118879 0.0398 0.00006976744186043549
1645228932945 0 11.77210500000001 0 85418 0.030199999999999998 0.00006976744186043549
1645228936820 0 11.733587999999997 0 68807 0.025500000000000002 0.00006976744186043549
1645228940876 0 11.720268000000004 0 132565 0.0443 0.00006976744186043549
1645228944906 0 11.71401499999999 0 117262 0.0398 0.00006976744186043549
1645228948931 0 11.708130000000011 0 116418 0.0396 0.00006976744186043549
1645228952818 0 11.70243099999999 0 223024 0.07239999999999999 0.00006976744186043549
1645228956649 0 11.944446 0 214538 0.0701 0.00006976744186043549
1645228960841 0 11.687481999999989 0 178191 0.0583 0.00006976744186043549
1645228964990 0 11.682898999999992 0 161454 0.053200000000000004 0.00006976744186043549
1645228968802 0 11.677497000000017 0 212225 0.0688 0.00006976744186043549
1645228972556 0 11.918745999999999 0 195858 0.0631 0.00006976744186043549
1645228976571 0 11.912925999999999 0 119665 0.040400000000000005 0.00006976744186043549
1645228981067 0 11.653543000000013 0 108667 0.0374 0.00006976744186043549
1645228984921 0 11.623129000000006 0 64782 0.0228 0.00006976744186043549
1645228988842 0 11.870339000000001 0 87523 0.0309 0.00006976744186043549
1645228992979 0 11.596062000000018 0 155607 0.0511 0.00006976744186043549
1645228996952 0 11.58414700000003 0 100404 0.0351 0.00006976744186043549
1645229000665 0 11.82868000000002 0 183614 0.059899999999999995 0.00006976744186043549
1645229004922 0 11.569672000000025 0 197686 0.06420000000000001 0.00006976744186043549
1645229008754 0 11.815562999999997 0 217520 0.0706 0.00006976744186043549
1645229012807 0 11.809841000000006 0 132353 0.0441 0.00006976744186043549
1645229017074 0 11.553238000000022 0 199853 0.0648 0.00006976744186043549
1645229020917 0 11.795978999999988 0 225614 0.0726 0.00006976744186043549
1645229025041 0 11.492617999999993 0 150477 0.0499 0.00006976744186043549
1645229029056 0 11.506097000000011 0 117995 0.0396 0.00006976744186043549
1645229032972 0 11.502069000000006 0 86503 0.030199999999999998 0.00006976744186043549
1645229036834 0 11.74249100000003 0 67335 0.0242 0.00006976744186043549
1645229040893 0 11.73548599999998 0 132169 0.0443 0.00006976744186043549
1645229044923 0 11.730617999999993 0 118800 0.0402 0.00006976744186043549
1645229048934 0 11.722250000000031 0 116618 0.0398 0.00006976744186043549

