1645241787580 1 3.999999 836 346799 0.0717 -3.5947999999999998
1645241790568 4 5.0206219999999995 0 1312552 0.2771 0.000174418604651283
1645241793602 4 5.992985000000001 0 1383123 0.2922 0.000662790697674609
1645241796781 4 6.8114550000000005 0 1451767 0.3068 0.000662790697674609
1645241799646 4 7.9426549999999985 0 1308083 0.27599999999999997 0.000662790697674609
1645241802491 4 9.096336999999998 0 1299338 0.2745 0.000662790697674609
1645241805683 4 9.919730999999999 0 1453833 0.307 0.000662790697674609
1645241808492 4 11.096304999999997 0 1280990 0.2701 0.000662790697674609
1645241812018 4 11.573724000000002 0 1612910 0.34009999999999996 0.000662790697674609
1645241816186 4 11.521307000000004 0 1213987 0.2565 0.000662790697674609
1645241820205 4 11.510889000000006 0 1380918 0.2915 0.000662790697674609
1645241824125 4 11.501196 0 1334467 0.2817 0.000662790697674609
1645241827810 4 11.961321000000005 0 1463126 0.3085 0.000662790697674609
1645241831919 4 11.734107999999999 0 1421742 0.3005 0.000662790697674609
1645241836059 4 11.730834000000002 0 1436771 0.30310000000000004 0.000662790697674609
1645241839672 4 11.974395000000001 0 1425347 0.30110000000000003 0.000662790697674609
1645241843660 4 11.964246000000003 0 1366001 0.2883 0.000662790697674609
1645241847968 4 11.705773 0 1281785 0.2706 0.000662790697674609
1645241851768 4 11.948060999999996 0 1514044 0.3197 0.000662790697674609
1645241855897 4 11.689673999999997 0 1432783 0.3027 0.000662790697674609
1645241859959 4 11.844356000000005 0 1401397 0.2962 0.000662790697674609
1645241864131 4 11.832076 0 1450362 0.3065 0.000662790697674609
1645241867910 4 11.826018000000005 0 1266375 0.268 0.000662790697674609
1645241872175 4 11.562827999999996 0 1497932 0.31629999999999997 0.000662790697674609
1645241876050 4 11.809042000000005 0 1308773 0.2767 0.000662790697674609
1645241880351 4 11.550345000000007 0 1516715 0.3204 0.000662790697674609
1645241884437 4 11.543160999999998 0 1407805 0.2978 0.000662790697674609
1645241887985 4 11.778053999999997 0 1394624 0.2944 0.000662790697674609
1645241892263 4 11.518624000000003 0 1502056 0.31720000000000004 0.000662790697674609
1645241896057 4 11.765698999999998 0 1276395 0.2698 0.000662790697674609
1645241900282 4 11.506513999999996 0 1480768 0.312 0.000662790697674609
1645241903996 4 11.749184999999997 0 1473992 0.3115 0.000662790697674609
1645241907853 4 11.994489000000002 0 1306146 0.2762 0.000662790697674609
1645241911770 4 11.985608 0 1565699 0.3309 0.000662790697674609
1645241916051 4 11.730277999999998 0 1268922 0.2678 0.000662790697674609
1645241920119 4 11.717416000000014 0 1406335 0.2972 0.000662790697674609
1645241924153 4 11.704082999999997 0 1381377 0.29209999999999997 0.000662790697674609
1645241927880 4 11.945971000000014 0 1475162 0.3115 0.000662790697674609
1645241932007 4 11.933004000000011 0 1430482 0.3027 0.000662790697674609
1645241936154 4 11.677106000000009 0 1439994 0.3041 0.000662790697674609
1645241940227 4 11.664542000000012 0 1405476 0.2962 0.000662790697674609
1645241944249 4 11.652296000000007 0 1382866 0.2912 0.000662790697674609
1645241948103 4 11.643674000000004 0 1303196 0.2747 0.000662790697674609
1645241951979 4 11.883707000000015 0 1538814 0.3254 0.000662790697674609
1645241956088 4 11.877452000000005 0 1423261 0.3007 0.000662790697674609
1645241960114 4 11.861744000000016 0 1377859 0.2914 0.000662790697674609
1645241964178 4 11.597864000000015 0 1396488 0.2948 0.000662790697674609
1645241967951 4 11.837943999999993 0 1265878 0.2678 0.000662790697674609
1645241972170 4 11.581693000000001 0 1474721 0.31120000000000003 0.000662790697674609
1645241976139 4 11.819311999999996 0 1357016 0.28650000000000003 0.000662790697674609
1645241979933 4 11.813502 0 1508969 0.3186 0.000662790697674609
1645241984035 4 11.794466 0 1420161 0.3003 0.000662790697674609
1645241988094 4 11.780360000000002 0 1394798 0.2949 0.000662790697674609
1645241992359 4 11.514395000000007 0 1499654 0.3164 0.000662790697674609
1645241996254 4 11.504172000000011 0 1323592 0.27949999999999997 0.000662790697674609
1645241999982 4 11.982569000000012 0 1477260 0.3122 0.000662790697674609
1645242004204 4 11.737473999999992 0 1474833 0.3115 0.000662790697674609
1645242008049 4 11.73109500000001 0 1299401 0.2745 0.000662790697674609
1645242012018 4 11.719918000000007 0 1595638 0.3365 0.000662790697674609
1645242015832 4 11.961551000000014 0 1282380 0.2712 0.000662790697674609
1645242019897 4 11.95450600000001 0 1402228 0.2958 0.000662790697674609
1645242023970 4 11.943881000000005 0 1404885 0.2972 0.000662790697674609
1645242028137 4 11.688494999999989 0 1453425 0.3069 0.000662790697674609
1645242031807 4 11.933049000000011 0 1453998 0.30710000000000004 0.000662790697674609
1645242035919 4 11.919955000000016 0 1424197 0.301 0.000662790697674609
1645242039998 4 11.904690000000016 0 1409895 0.298 0.000662790697674609
1645242044019 4 11.898739999999975 0 1381516 0.2912 0.000662790697674609
1645242047866 4 11.889991000000009 0 1298461 0.27440000000000003 0.000662790697674609
1645242052210 4 11.629689999999982 0 1530017 0.3231 0.000662790697674609
1645242056349 4 11.613403000000005 0 1437352 0.3039 0.000662790697674609
1645242060291 4 11.603732999999977 0 1344879 0.2839 0.000662790697674609
1645242064045 4 11.838719000000026 0 1490910 0.31520000000000004 0.000662790697674609
1645242068318 4 11.575505000000021 0 1264017 0.2677 0.000662790697674609
1645242072000 4 11.82006899999999 0 1458446 0.3079 0.000662790697674609
1645242075983 4 11.808545999999978 0 1366050 0.2885 0.000662790697674609
1645242080333 4 11.553845000000024 0 1540108 0.32480000000000003 0.000662790697674609
1645242083950 4 11.800630000000012 0 1421303 0.3 0.000662790697674609
1645242088425 4 11.53675400000003 0 1359213 0.2873 0.000662790697674609
1645242092222 4 11.526003000000003 0 1514199 0.3196 0.000662790697674609
1645242096065 4 11.770402999999988 0 1296661 0.2742 0.000662790697674609
1645242100000 4 11.75424300000003 0 1340186 0.2831 0.000662790697674609
1645242104231 4 11.743581000000006 0 1478975 0.3126 0.000662790697674609
1645242108164 4 11.737422999999978 0 1342511 0.2834 0.000662790697674609
1645242111999 4 11.981159999999988 0 1527618 0.3234 0.000662790697674609
1645242115838 4 11.976545999999985 0 1297467 0.2742 0.000662790697674609

