1645237915107 1 3.999999 5783 346799 0.5668 -24.866899999999998
1645237918770 0 4.34441 0 213385 0.34609999999999996 0.00017441860465117198
1645237921196 0 5.917589 0 141806 0.2311 0.00006976744186043549
1645237923140 0 7.977158000000001 0 112578 0.1839 0.00006976744186043549
1645237924544 0 10.568413999999999 0 80671 0.13040000000000002 0.00006976744186043549
1645237927247 0 11.988162999999998 0 68729 0.1092 0.00006976744186043549
1645237931582 0 11.729651999999998 0 137895 0.2237 0.00006976744186043549
1645237935548 0 11.721885 0 114138 0.1863 0.00006976744186043549
1645237939200 0 11.965524000000002 0 126013 0.2049 0.00006976744186043549
1645237943337 0 11.957707000000003 0 217236 0.3536 0.00006976744186043549
1645237947545 0 11.695336000000005 0 219398 0.3594 0.00006976744186043549
1645237951536 0 11.688515000000002 0 177648 0.28759999999999997 0.00006976744186043549
1645237955367 0 11.925551000000006 0 166856 0.27080000000000004 0.00006976744186043549
1645237959134 0 11.980209000000002 0 223685 0.3648 0.00006976744186043549
1645237963596 0 11.661090999999999 0 206455 0.33530000000000004 0.00006976744186043549
1645237967209 0 11.905599000000002 0 121534 0.1996 0.00006976744186043549
1645237971511 0 11.641884000000005 0 105092 0.1704 0.00006976744186043549
1645237975636 0 11.633582000000004 0 63086 0.10089999999999999 0.00006976744186043549
1645237979661 0 11.621677000000005 0 87739 0.1411 0.00006976744186043549
1645237983743 0 11.610855 0 152905 0.2475 0.00006976744186043549
1645237987466 0 11.854785000000007 0 100587 0.1623 0.00006976744186043549
1645237991603 0 11.597443999999996 0 186001 0.3036 0.00006976744186043549
1645237995495 0 11.842574999999997 0 201620 0.32730000000000004 0.00006976744186043549
1645237999154 0 11.960232000000005 0 218012 0.35419999999999996 0.00006976744186043549
1645238003782 0 11.577304999999996 0 123058 0.20249999999999999 0.00006976744186043549
1645238007613 0 11.56624500000001 0 198856 0.3222 0.00006976744186043549
1645238011380 0 11.73495100000001 0 223061 0.3648 0.00006976744186043549
1645238015323 0 11.804687000000001 0 143385 0.2343 0.00006976744186043549
1645238019809 0 11.549813999999998 0 117021 0.1889 0.00006976744186043549
1645238023785 0 11.539746000000008 0 83595 0.1356 0.00006976744186043549
1645238027509 0 11.779618 0 68011 0.1117 0.00006976744186043549
1645238031798 0 11.520030000000006 0 134264 0.2183 0.00006976744186043549
1645238035735 0 11.509051 0 113722 0.1835 0.00006976744186043549
1645238039812 0 11.500062 0 122694 0.1971 0.00006976744186043549
1645238043404 0 11.710341 0 215146 0.3488 0.00006976744186043549
1645238047467 0 11.734687000000008 0 213339 0.346 0.00006976744186043549
1645238051457 0 11.72552300000001 0 176949 0.28759999999999997 0.00006976744186043549
1645238055158 0 11.96577400000001 0 158356 0.2582 0.00006976744186043549
1645238059369 0 11.884231999999997 0 219852 0.3593 0.00006976744186043549
1645238063205 0 11.946608999999995 0 196864 0.3223 0.00006976744186043549
1645238067209 0 11.936125000000004 0 116610 0.1889 0.00006976744186043549
1645238071572 0 11.673720000000003 0 107223 0.1756 0.00006976744186043549
1645238075218 0 11.916354000000013 0 64332 0.10369999999999999 0.00006976744186043549
1645238079265 0 11.908037000000007 0 88753 0.1436 0.00006976744186043549
1645238083377 0 11.896912000000015 0 153489 0.2504 0.00006976744186043549
1645238087625 0 11.636833999999993 0 101805 0.1649 0.00006976744186043549
1645238091296 0 11.881495000000001 0 186822 0.3063 0.00006976744186043549
1645238095655 0 11.619957 0 200149 0.3249 0.00006976744186043549
1645238099289 0 11.825669000000005 0 215305 0.35150000000000003 0.00006976744186043549
1645238103499 0 11.848729999999989 0 128759 0.21030000000000001 0.00006976744186043549
1645238107322 0 11.838842 0 199367 0.3216 0.00006976744186043549
1645238111530 0 11.582036000000016 0 220759 0.35960000000000003 0.00006976744186043549
1645238115566 0 11.573286999999993 0 149511 0.24209999999999998 0.00006976744186043549
1645238119609 0 11.56688299999999 0 118879 0.1944 0.00006976744186043549
1645238123594 0 11.55936299999999 0 85418 0.1383 0.00006976744186043549
1645238127325 0 11.801343000000003 0 68807 0.1117 0.00006976744186043549
1645238131587 0 11.544183000000004 0 132565 0.21509999999999999 0.00006976744186043549
1645238135607 0 11.536114999999995 0 117262 0.1917 0.00006976744186043549
1645238139601 0 11.52639099999999 0 116418 0.1889 0.00006976744186043549
1645238143352 0 11.761209000000008 0 223024 0.3649 0.00006976744186043549
1645238147474 0 11.766706999999997 0 214538 0.3516 0.00006976744186043549
1645238151485 0 11.754387000000008 0 178191 0.29009999999999997 0.00006976744186043549
1645238155215 0 11.999228000000016 0 161454 0.2632 0.00006976744186043549
1645238159266 0 11.992246999999992 0 212225 0.34340000000000004 0.00006976744186043549
1645238163575 0 11.735444999999999 0 195858 0.31930000000000003 0.00006976744186043549
1645238167135 0 11.979924000000011 0 119665 0.1943 0.00006976744186043549
1645238171495 0 11.722231000000022 0 108667 0.1757 0.00006976744186043549
1645238175644 0 11.711423000000025 0 64782 0.10369999999999999 0.00006976744186043549
1645238179167 0 11.956011999999987 0 87523 0.1409 0.00006976744186043549
1645238183297 0 11.950626 0 155607 0.2529 0.00006976744186043549
1645238187525 0 11.692408 0 100404 0.16240000000000002 0.00006976744186043549
1645238191611 0 11.68513200000001 0 183614 0.2981 0.00006976744186043549
1645238195449 0 11.679092000000026 0 197686 0.32189999999999996 0.00006976744186043549
1645238199607 0 11.672402999999974 0 217520 0.35409999999999997 0.00006976744186043549
1645238203375 0 11.910708 0 132353 0.2157 0.00006976744186043549
1645238207219 0 11.901444000000026 0 199853 0.32480000000000003 0.00006976744186043549
1645238211481 0 11.640997000000027 0 225614 0.3649 0.00006976744186043549
1645238215542 0 11.630919000000006 0 150477 0.2451 0.00006976744186043549
1645238219557 0 11.624687999999992 0 117995 0.1917 0.00006976744186043549
1645238223546 0 11.619212000000005 0 86503 0.1382 0.00006976744186043549
1645238227269 0 11.859274000000028 0 67335 0.11120000000000001 0.00006976744186043549
1645238231539 0 11.604510000000005 0 132169 0.2158 0.00006976744186043549
1645238235585 0 11.594982000000016 0 118800 0.1944 0.00006976744186043549

