1645232226802 1 3.999999 1260 346799 0.11359999999999999 -5.418
1645232229506 3 5.314266 0 755039 0.24769999999999998 0.000174418604651283
1645232232355 3 6.471490000000001 0 835161 0.2741 0.00043023255813956496
1645232235439 3 7.380916000000001 0 908792 0.2983 0.00043023255813956496
1645232238183 3 8.641777 0 804438 0.2643 0.00043023255813956496
1645232241010 3 9.809743 0 828659 0.2727 0.00043023255813956496
1645232244219 3 10.607982 0 937332 0.309 0.00043023255813956496
1645232249940 3 8.881055 0 776416 0.5602 0.00043023255813956496
1645232251564 1 11.261769000000001 0 414092 0.13999999999999999 0.00043023255813956496
1645232255373 3 11.623154000000003 0 815426 0.2692 0.000174418604651283
1645232259397 3 11.613217000000006 0 884625 0.29100000000000004 0.00043023255813956496
1645232262976 3 11.852479000000002 0 904952 0.2968 0.00043023255813956496
1645232267231 3 11.822744 0 954418 0.3137 0.00043023255813956496
1645232271333 3 11.545210000000004 0 910446 0.2987 0.00043023255813956496
1645232275479 3 11.505787000000005 0 922454 0.3029 0.00043023255813956496
1645232281689 3 9.131779000000002 0 942842 0.6069 0.00043023255813956496
1645232283222 1 11.597320000000003 0 377983 0.12840000000000001 0.00043023255813956496
1645232287093 3 11.941115000000003 0 828263 0.27240000000000003 0.000174418604651283
1645232290987 3 11.914014000000009 0 981175 0.32320000000000004 0.00043023255813956496
1645232295198 3 11.625506999999999 0 939007 0.3085 0.00043023255813956496
1645232299077 3 11.834321000000003 0 841370 0.2772 0.00043023255813956496
1645232303342 3 11.570901000000006 0 947658 0.3116 0.00043023255813956496
1645232307255 3 11.806718000000004 0 828958 0.2726 0.00043023255813956496
1645232311092 3 11.773263 0 977791 0.3214 0.00043023255813956496
1645232316654 3 10.166331999999997 0 847215 0.5455 0.00043023255813956496
1645232320120 3 10.70214200000001 0 978032 0.3252 0.00043023255813956496
1645232323296 3 11.525725000000008 0 934237 0.3068 0.00043023255813956496
1645232327325 3 11.685904000000008 0 889600 0.2919 0.00043023255813956496
1645232331190 3 11.668649000000002 0 988774 0.3247 0.00043023255813956496
1645232334959 3 11.90137 0 808061 0.26589999999999997 0.00043023255813956496
1645232339339 3 11.61590600000001 0 995677 0.3269 0.00043023255813956496
1645232344934 3 9.890768000000008 0 924757 0.5486 0.00043023255813956496
1645232347817 3 11.003168000000002 0 808228 0.2694 0.00043023255813956496
1645232351269 3 11.552783000000005 0 1014212 0.3338 0.00043023255813956496
1645232355156 3 11.777860000000004 0 845218 0.2772 0.00043023255813956496
1645232359254 3 11.768010000000004 0 910767 0.2988 0.00043023255813956496
1645232363320 3 11.745115999999996 0 901777 0.2959 0.00043023255813956496
1645232367108 3 11.72168099999999 0 967347 0.31789999999999996 0.00043023255813956496
1645232372800 3 10.022887999999995 0 935273 0.557 0.00043023255813956496
1645232376066 3 10.755029000000007 0 916928 0.3059 0.00043023255813956496
1645232379265 3 11.55764400000001 0 940743 0.3095 0.00043023255813956496
1645232383255 3 11.67090300000001 0 877888 0.2884 0.00043023255813956496
1645232387121 3 11.90225799999999 0 839766 0.27480000000000004 0.00043023255813956496
1645232390933 3 11.895161000000002 0 976062 0.32080000000000003 0.00043023255813956496
1645232395187 3 11.876634999999993 0 958353 0.3146 0.00043023255813956496
1645232399042 3 11.86228700000001 0 836268 0.2752 0.00043023255813956496
1645232403333 3 11.589517999999998 0 968967 0.3182 0.00043023255813956496
1645232407141 3 11.83216999999999 0 825839 0.271 0.00043023255813956496
1645232411035 3 11.811534999999992 0 974212 0.329 0.00043023255813956496
1645232415487 3 11.553596999999996 0 867483 0.2853 0.00043023255813956496
1645232418834 3 11.98789099999999 0 987232 0.3234 0.00043023255813956496
1645232423462 3 11.531320999999991 0 921956 0.30310000000000004 0.00043023255813956496
1645232429402 3 9.418712999999997 0 913803 0.5839000000000001 0.00043023255813956496
1645232430962 1 11.85850099999999 0 392579 0.133 0.00043023255813956496
1645232435304 3 11.736945999999989 0 832934 0.2737 0.000174418604651283
1645232439262 3 11.717951 0 1005593 0.3348 0.00043023255813956496
1645232442939 3 11.954661000000016 0 935985 0.3066 0.00043023255813956496
1645232447174 3 11.695351000000016 0 802415 0.2632 0.00043023255813956496
1645232451070 3 11.932995000000005 0 999009 0.3289 0.00043023255813956496
1645232456881 3 9.938515999999993 0 869418 0.5709 0.00043023255813956496
1645232460064 3 10.755516 0 897686 0.2996 0.00043023255813956496
1645232463331 3 11.493854999999996 0 960141 0.3156 0.00043023255813956496
1645232466941 3 11.890512999999999 0 914618 0.3001 0.00043023255813956496
1645232471160 3 11.878177999999991 0 949031 0.31179999999999997 0.00043023255813956496
1645232475278 3 11.622448999999989 0 919929 0.302 0.00043023255813956496
1645232479440 3 11.615046000000007 0 930570 0.30569999999999997 0.00043023255813956496
1645232482969 3 11.858722999999998 0 894188 0.2935 0.00043023255813956496
1645232487320 3 11.60373199999998 0 835562 0.27480000000000004 0.00043023255813956496
1645232491311 3 11.59338600000001 0 986170 0.3392 0.00043023255813956496
1645232495049 3 11.839585 0 955812 0.31379999999999997 0.00043023255813956496
1645232499402 3 11.579476 0 837688 0.2751 0.00043023255813956496
1645232503197 3 11.824562000000014 0 972932 0.3201 0.00043023255813956496
1645232507448 3 11.568331999999998 0 807690 0.2652 0.00043023255813956496
1645232511229 3 11.808301000000029 0 968173 0.31779999999999997 0.00043023255813956496
1645232515194 3 11.802160000000015 0 872734 0.28690000000000004 0.00043023255813956496
1645232519059 3 11.794324000000017 0 991679 0.3262 0.00043023255813956496
1645232523216 3 11.78440599999999 0 930061 0.3053 0.00043023255813956496
1645232527228 3 11.777518999999984 0 884740 0.2912 0.00043023255813956496
1645232531512 3 11.516959999999983 0 968599 0.3182 0.00043023255813956496
1645232535398 3 11.50961000000001 0 848189 0.2785 0.00043023255813956496
1645232539251 3 11.752875000000017 0 989262 0.32530000000000003 0.00043023255813956496
1645232542930 3 11.99198100000001 0 929927 0.30579999999999996 0.00043023255813956496
1645232547331 3 11.737210000000005 0 845977 0.2784 0.00043023255813956496
1645232551250 3 11.723000000000013 0 1009703 0.3317 0.00043023255813956496
1645232555183 3 11.71132399999999 0 861836 0.2832 0.00043023255813956496

