1645232646953 1 3.999999 7113 346799 0.7001999999999999 -30.5859
1645232651488 0 4.3473869999999994 869 213385 0.43 -3.736525581395349
1645232654459 0 5.375285000000001 0 141806 0.28700000000000003 0.00006976744186043549
1645232656818 0 7.017857000000001 0 112578 0.2254 0.00006976744186043549
1645232658524 0 9.310315999999998 0 80671 0.16060000000000002 0.00006976744186043549
1645232659992 0 11.842227 0 68729 0.1361 0.00006976744186043549
1645232664371 0 11.682934 0 137895 0.2771 0.00006976744186043549
1645232668294 0 11.675331999999997 0 114138 0.2324 0.00006976744186043549
1645232671964 0 11.917838000000003 0 126013 0.2561 0.00006976744186043549
1645232676504 0 11.331070000000004 0 217236 0.4412 0.00006976744186043549
1645232681047 0 10.788762000000006 0 219398 0.441 0.00006976744186043549
1645232684734 0 11.101592000000004 0 177648 0.3588 0.00006976744186043549
1645232688220 0 11.616219000000001 0 166856 0.33799999999999997 0.00006976744186043549
1645232692833 0 11.002396000000005 0 223685 0.45099999999999996 0.00006976744186043549
1645232697071 0 10.763702000000002 0 206455 0.41340000000000005 0.00006976744186043549
1645232700164 0 11.793967000000002 0 121534 0.24580000000000002 0.00006976744186043549
1645232704366 0 11.590607000000006 0 105092 0.2082 0.00006976744186043549
1645232708244 0 11.832041000000004 0 63086 0.1261 0.00006976744186043549
1645232712117 0 11.824770000000001 0 87739 0.1775 0.00006976744186043549
1645232716311 0 11.566918000000001 0 152905 0.3075 0.00006976744186043549
1645232720456 0 11.557821000000004 0 100587 0.20139999999999997 0.00006976744186043549
1645232724299 0 11.536327999999997 0 186001 0.37229999999999996 0.00006976744186043549
1645232728467 0 11.367396999999997 0 201620 0.40659999999999996 0.00006976744186043549
1645232732940 0 10.895425000000003 0 218012 0.4373 0.00006976744186043549
1645232736540 0 11.520835000000005 0 123058 0.2494 0.00006976744186043549
1645232740697 0 11.136763000000002 0 198856 0.4032 0.00006976744186043549
1645232745319 0 10.518121000000008 0 223061 0.4511 0.00006976744186043549
1645232748350 0 11.484665000000007 0 143385 0.2903 0.00006976744186043549
1645232752277 0 11.734707 0 117021 0.2325 0.00006976744186043549
1645232756023 0 11.972617 0 83595 0.1641 0.00006976744186043549
1645232760010 0 11.852362999999997 0 68011 0.1365 0.00006976744186043549
1645232764338 0 11.703713000000008 0 134264 0.2699 0.00006976744186043549
1645232768232 0 11.697781000000006 0 113722 0.22890000000000002 0.00006976744186043549
1645232772297 0 11.690889999999996 0 122694 0.24580000000000002 0.00006976744186043549
1645232776744 0 11.09029799999999 0 215146 0.43390000000000006 0.00006976744186043549
1645232781149 0 10.68558200000001 0 213339 0.43 0.00006976744186043549
1645232784810 0 11.027435999999994 0 176949 0.3553 0.00006976744186043549
1645232788087 0 11.747529000000014 0 158356 0.31779999999999997 0.00006976744186043549
1645232792629 0 11.205385000000007 0 219852 0.4441 0.00006976744186043549
1645232796698 0 11.136264000000011 0 196864 0.3963 0.00006976744186043549
1645232800123 0 11.886347 0 116610 0.2324 0.00006976744186043549
1645232804402 0 11.627872999999994 0 107223 0.2153 0.00006976744186043549
1645232808322 0 11.615433999999993 0 64332 0.1299 0.00006976744186043549
1645232812227 0 11.856397000000015 0 88753 0.1777 0.00006976744186043549
1645232816454 0 11.595695000000006 0 153489 0.311 0.00006976744186043549
1645232820103 0 11.839111000000003 0 101805 0.2057 0.00006976744186043549
1645232823960 0 11.87464700000001 0 186822 0.3758 0.00006976744186043549
1645232828094 0 11.740734000000003 0 200149 0.40309999999999996 0.00006976744186043549
1645232832537 0 11.298201000000006 0 215305 0.43390000000000006 0.00006976744186043549
1645232836234 0 11.796002000000016 0 128759 0.2597 0.00006976744186043549
1645232840328 0 11.507983999999993 0 199367 0.3997 0.00006976744186043549
1645232844871 0 10.963538 0 220759 0.4441 0.00006976744186043549
1645232847982 0 11.854225000000014 0 149511 0.3005 0.00006976744186043549
1645232852473 0 11.509557000000001 0 118879 0.2391 0.00006976744186043549
1645232856301 0 11.750137999999993 0 85418 0.1709 0.00006976744186043549
1645232860285 0 11.739626000000015 0 68807 0.1366 0.00006976744186043549
1645232864046 0 11.980086 0 132565 0.2664 0.00006976744186043549
1645232868031 0 11.971617000000009 0 117262 0.2391 0.00006976744186043549
1645232871961 0 11.966133000000013 0 116418 0.2323 0.00006976744186043549
1645232876577 0 11.257204000000002 0 223024 0.4509 0.00006976744186043549
1645232881016 0 10.818764000000016 0 214538 0.4338 0.00006976744186043549
1645232884708 0 11.126586000000003 0 178191 0.3583 0.00006976744186043549
1645232888059 0 11.775459000000012 0 161454 0.32480000000000003 0.00006976744186043549
1645232892430 0 11.40445600000001 0 212225 0.4271 0.00006976744186043549
1645232896495 0 11.339011 0 195858 0.3962 0.00006976744186043549
1645232899989 0 11.91622799999999 0 119665 0.2392 0.00006976744186043549
1645232904270 0 11.659807 0 108667 0.2186 0.00006976744186043549
1645232908189 0 11.652697999999987 0 64782 0.1299 0.00006976744186043549
1645232912027 0 11.893881000000022 0 87523 0.1743 0.00006976744186043549
1645232916292 0 11.640738999999996 0 155607 0.3145 0.00006976744186043549
1645232920437 0 11.630180999999993 0 100404 0.20179999999999998 0.00006976744186043549
1645232924242 0 11.593192999999985 0 183614 0.369 0.00006976744186043549
1645232928307 0 11.528256999999996 0 197686 0.3963 0.00006976744186043549
1645232932786 0 11.051282000000015 0 217520 0.4372 0.00006976744186043549
1645232936049 0 11.853616999999986 0 132353 0.2664 0.00006976744186043549
1645232940193 0 11.641066000000023 0 199853 0.40309999999999996 0.00006976744186043549
1645232944841 0 10.99319700000001 0 225614 0.4542 0.00006976744186043549
1645232947987 0 11.848568999999998 0 150477 0.304 0.00006976744186043549
1645232952479 0 11.558787999999993 0 117995 0.2351 0.00006976744186043549
1645232956308 0 11.553844000000026 0 86503 0.1709 0.00006976744186043549
1645232960294 0 11.550387999999998 0 67335 0.1365 0.00006976744186043549
1645232964092 0 11.792813000000024 0 132169 0.2661 0.00006976744186043549
1645232968111 0 11.785810000000026 0 118800 0.2394 0.00006976744186043549

