1645255203834 1 3.999999 4477 346799 0.43499999999999994 -19.251099999999997
1645255206702 0 5.141738999999999 0 213385 0.265 0.00017441860465117198
1645255208589 0 7.2587340000000005 0 141806 0.1783 0.00006976744186043549
1645255210104 0 9.739744000000002 0 112578 0.1401 0.00006976744186043549
1645255212227 0 11.664598999999999 0 80671 0.0999 0.00006976744186043549
1645255216216 0 11.630235999999998 0 68729 0.0863 0.00006976744186043549
1645255220052 0 11.861183 0 137895 0.1723 0.00006976744186043549
1645255224113 0 11.826518999999998 0 114138 0.14379999999999998 0.00006976744186043549
1645255228315 0 11.543433000000004 0 126013 0.1574 0.00006976744186043549
1645255232147 0 11.782065000000003 0 217236 0.2722 0.00006976744186043549
1645255236526 0 11.517806 0 219398 0.2753 0.00006976744186043549
1645255240351 0 11.510750999999999 0 177648 0.2204 0.00006976744186043549
1645255244065 0 11.995738000000003 0 166856 0.2097 0.00006976744186043549
1645255247965 0 11.974256000000004 0 223685 0.2799 0.00006976744186043549
1645255252144 0 11.711196000000001 0 206455 0.2576 0.00006976744186043549
1645255256275 0 11.694941 0 121534 0.152 0.00006976744186043549
1645255260192 0 11.681170999999999 0 105092 0.1298 0.00006976744186043549
1645255264088 0 11.921044000000002 0 63086 0.0779 0.00006976744186043549
1645255268266 0 11.605503999999996 0 87739 0.1081 0.00006976744186043549
1645255272267 0 11.593666999999996 0 152905 0.19 0.00006976744186043549
1645255276128 0 11.838548000000003 0 100587 0.1256 0.00006976744186043549
1645255280052 0 11.824357000000006 0 186001 0.2326 0.00006976744186043549
1645255284186 0 11.808459999999997 0 201620 0.252 0.00006976744186043549
1645255288527 0 11.546059 0 218012 0.274 0.00006976744186043549
1645255292190 0 11.779167000000001 0 123058 0.154 0.00006976744186043549
1645255296307 0 11.769109999999998 0 198856 0.24969999999999998 0.00006976744186043549
1645255300249 0 11.760075 0 223061 0.2798 0.00006976744186043549
1645255304163 0 11.746481000000003 0 143385 0.1799 0.00006976744186043549
1645255308226 0 11.727902 0 117021 0.14579999999999999 0.00006976744186043549
1645255312366 0 11.719615000000005 0 83595 0.10369999999999999 0.00006976744186043549
1645255316329 0 11.710578999999996 0 68011 0.0861 0.00006976744186043549
1645255320088 0 11.952624999999998 0 134264 0.1658 0.00006976744186043549
1645255324106 0 11.937110000000004 0 113722 0.14150000000000001 0.00006976744186043549
1645255328227 0 11.681065000000004 0 122694 0.15209999999999999 0.00006976744186043549
1645255332030 0 11.927183000000014 0 215146 0.27 0.00006976744186043549
1645255336328 0 11.670139000000006 0 213339 0.26789999999999997 0.00006976744186043549
1645255340145 0 11.911524000000014 0 176949 0.2218 0.00006976744186043549
1645255344229 0 11.653453000000013 0 158356 0.1982 0.00006976744186043549
1645255348087 0 11.896096999999997 0 219852 0.2761 0.00006976744186043549
1645255352143 0 11.886601000000013 0 196864 0.2459 0.00006976744186043549
1645255356187 0 11.878226000000012 0 116610 0.144 0.00006976744186043549
1645255360149 0 11.867959000000013 0 107223 0.136 0.00006976744186043549
1645255364052 0 11.859000000000009 0 64332 0.08 0.00006976744186043549
1645255368266 0 11.599793000000005 0 88753 0.1099 0.00006976744186043549
1645255372287 0 11.587970000000013 0 153489 0.1921 0.00006976744186043549
1645255376144 0 11.830671999999993 0 101805 0.1258 0.00006976744186043549
1645255380085 0 11.822114 0 186822 0.23399999999999999 0.00006976744186043549
1645255384185 0 11.81621899999999 0 200149 0.25 0.00006976744186043549
1645255388486 0 11.552161000000012 0 215305 0.27 0.00006976744186043549
1645255392215 0 11.795898999999991 0 128759 0.16240000000000002 0.00006976744186043549
1645255396325 0 11.541268000000002 0 199367 0.25 0.00006976744186043549
1645255400186 0 11.787450000000007 0 220759 0.2758 0.00006976744186043549
1645255404165 0 11.778588000000013 0 149511 0.1878 0.00006976744186043549
1645255408266 0 11.774698999999998 0 118879 0.1502 0.00006976744186043549
1645255412448 0 11.517908000000006 0 85418 0.1082 0.00006976744186043549
1645255416408 0 11.508846000000005 0 68807 0.0861 0.00006976744186043549
1645255420168 0 11.74606700000001 0 132565 0.1661 0.00006976744186043549
1645255424248 0 11.735586000000012 0 117262 0.1479 0.00006976744186043549
1645255428309 0 11.72802999999999 0 116418 0.1463 0.00006976744186043549
1645255432210 0 11.722591999999992 0 223024 0.27999999999999997 0.00006976744186043549
1645255436023 0 11.963493 0 214538 0.2699 0.00006976744186043549
1645255440367 0 11.706876999999992 0 178191 0.22400000000000003 0.00006976744186043549
1645255443985 0 11.951764999999995 0 161454 0.202 0.00006976744186043549
1645255448244 0 11.689931999999999 0 212225 0.26589999999999997 0.00006976744186043549
1645255452307 0 11.67975899999999 0 195858 0.24620000000000003 0.00006976744186043549
1645255456386 0 11.670406000000014 0 119665 0.1477 0.00006976744186043549
1645255460348 0 11.66319900000002 0 108667 0.1361 0.00006976744186043549
1645255464246 0 11.654552000000024 0 64782 0.08 0.00006976744186043549
1645255467946 0 11.898282999999992 0 87523 0.11000000000000001 0.00006976744186043549
1645255471986 0 11.89033599999999 0 155607 0.19390000000000002 0.00006976744186043549
1645255476345 0 11.634591 0 100404 0.12589999999999998 0.00006976744186043549
1645255480228 0 11.624836000000016 0 183614 0.22799999999999998 0.00006976744186043549
1645255484306 0 11.615260999999975 0 197686 0.248 0.00006976744186043549
1645255488125 0 11.859623 0 217520 0.272 0.00006976744186043549
1645255492372 0 11.602269999999976 0 132353 0.16419999999999998 0.00006976744186043549
1645255496489 0 11.591935999999976 0 199853 0.2522 0.00006976744186043549
1645255500412 0 11.582403999999997 0 225614 0.2821 0.00006976744186043549
1645255504404 0 11.57230199999998 0 150477 0.1899 0.00006976744186043549
1645255508509 0 11.562074999999993 0 117995 0.1482 0.00006976744186043549
1645255512188 0 11.800936999999976 0 86503 0.1056 0.00006976744186043549
1645255516127 0 11.793354000000022 0 67335 0.0841 0.00006976744186043549
1645255520368 0 11.534768999999983 0 132169 0.16399999999999998 0.00006976744186043549
1645255524465 0 11.530537999999979 0 118800 0.1499 0.00006976744186043549
1645255528529 0 11.517217000000016 0 116618 0.14550000000000002 0.00006976744186043549

