1645243624485 1 3.999999 921 346799 0.08159999999999999 -3.9602999999999997
1645243625450 1 7.095565 0 363755 0.0853 0.00017441860465117198
1645243626397 1 10.143522 0 362842 0.0844 0.00017441860465117198
1645243628901 1 11.701517 0 384791 0.08990000000000001 0.00017441860465117198
1645243632987 3 11.695441999999998 0 804438 0.18919999999999998 0.000174418604651283
1645243637068 3 11.691066999999999 0 828659 0.198 0.00043023255813956496
1645243640903 3 11.684272 0 937332 0.22269999999999998 0.00043023255813956496
1645243644831 3 11.913794 0 776416 0.18280000000000002 0.00043023255813956496
1645243648841 3 11.905816000000002 0 1025687 0.2411 0.00043023255813956496
1645243652865 3 11.900614000000001 0 815426 0.19190000000000002 0.00043023255813956496
1645243657046 3 11.63861 0 884625 0.2083 0.00043023255813956496
1645243660770 3 11.885412000000002 0 904952 0.21269999999999997 0.00043023255813956496
1645243665118 3 11.628677000000003 0 954418 0.2246 0.00043023255813956496
1645243668870 3 11.868804000000004 0 910446 0.21389999999999998 0.00043023255813956496
1645243673140 3 11.605682999999999 0 922454 0.217 0.00043023255813956496
1645243676960 3 11.599817999999999 0 942842 0.2219 0.00043023255813956496
1645243681138 3 11.592534 0 884128 0.20779999999999998 0.00043023255813956496
1645243685187 3 11.578520000000005 0 828263 0.1946 0.00043023255813956496
1645243689095 3 11.574775000000002 0 981175 0.2304 0.00043023255813956496
1645243692901 3 11.820908000000003 0 939007 0.2206 0.00043023255813956496
1645243696984 3 11.561824999999999 0 841370 0.19790000000000002 0.00043023255813956496
1645243700816 3 11.807755999999998 0 947658 0.2234 0.00043023255813956496
1645243704864 3 11.797260000000009 0 828958 0.1945 0.00043023255813956496
1645243708761 3 11.794015000000002 0 977791 0.2299 0.00043023255813956496
1645243712851 3 11.781666000000001 0 847215 0.1991 0.00043023255813956496
1645243717248 3 11.526212999999998 0 978032 0.22970000000000002 0.00043023255813956496
1645243721066 3 11.517831999999999 0 934237 0.2198 0.00043023255813956496
1645243725267 3 11.508205000000004 0 889600 0.2092 0.00043023255813956496
1645243729195 3 11.498812999999998 0 988774 0.233 0.00043023255813956496
1645243732699 3 11.994296000000006 0 808061 0.1897 0.00043023255813956496
1645243736641 3 11.989897 0 995677 0.23399999999999999 0.00043023255813956496
1645243740912 3 11.733113000000003 0 924757 0.2173 0.00043023255813956496
1645243744912 3 11.705017999999995 0 808228 0.1898 0.00043023255813956496
1645243748900 3 11.693742 0 1014212 0.2384 0.00043023255813956496
1645243752988 3 11.682245999999992 0 845218 0.1984 0.00043023255813956496
1645243756746 3 11.927514000000002 0 910767 0.2145 0.00043023255813956496
1645243760962 3 11.671817000000004 0 901777 0.2113 0.00043023255813956496
1645243764832 3 11.912249000000003 0 967347 0.2271 0.00043023255813956496
1645243769129 3 11.657614999999993 0 935273 0.22000000000000003 0.00043023255813956496
1645243772881 3 11.893947999999995 0 916928 0.21539999999999998 0.00043023255813956496
1645243776693 3 11.882218999999992 0 940743 0.2213 0.00043023255813956496
1645243780855 3 11.874991999999992 0 877888 0.2063 0.00043023255813956496
1645243784928 3 11.612266000000005 0 839766 0.1975 0.00043023255813956496
1645243788832 3 11.855681000000004 0 976062 0.22970000000000002 0.00043023255813956496
1645243792699 3 11.844143000000003 0 958353 0.22559999999999997 0.00043023255813956496
1645243796764 3 11.837661999999995 0 836268 0.1963 0.00043023255813956496
1645243801148 3 11.578682000000015 0 968967 0.2278 0.00043023255813956496
1645243805193 3 11.572068999999999 0 825839 0.19419999999999998 0.00043023255813956496
1645243809083 3 11.557173000000006 0 974212 0.2286 0.00043023255813956496
1645243813228 3 11.548524000000015 0 867483 0.2042 0.00043023255813956496
1645243817143 3 11.541976000000005 0 987232 0.2318 0.00043023255813956496
1645243820914 3 11.782454000000001 0 921956 0.21669999999999998 0.00043023255813956496
1645243825168 3 11.523386000000016 0 913803 0.2153 0.00043023255813956496
1645243829023 3 11.759617999999989 0 958215 0.2253 0.00043023255813956496
1645243833081 3 11.502397000000002 0 832934 0.1951 0.00043023255813956496
1645243837040 3 11.74692300000001 0 1005593 0.236 0.00043023255813956496
1645243840848 3 11.740746999999999 0 935985 0.21989999999999998 0.00043023255813956496
1645243844842 3 11.73128299999999 0 802415 0.1891 0.00043023255813956496
1645243848805 3 11.97658899999999 0 999009 0.2346 0.00043023255813956496
1645243852943 3 11.716523999999993 0 869418 0.2042 0.00043023255813956496
1645243856654 3 11.963011999999992 0 897686 0.2104 0.00043023255813956496
1645243861014 3 11.705723000000006 0 960141 0.225 0.00043023255813956496
1645243864821 3 11.948309999999992 0 914618 0.21469999999999997 0.00043023255813956496
1645243868652 3 11.94100800000001 0 949031 0.22290000000000001 0.00043023255813956496
1645243872910 3 11.68516600000001 0 919929 0.2162 0.00043023255813956496
1645243876695 3 11.930014 0 930570 0.2183 0.00043023255813956496
1645243880907 3 11.662932000000012 0 894188 0.21000000000000002 0.00043023255813956496
1645243884974 3 11.655515999999977 0 835562 0.1964 0.00043023255813956496
1645243888895 3 11.893317000000025 0 986170 0.23149999999999998 0.00043023255813956496
1645243892748 3 11.883563999999978 0 955812 0.22480000000000003 0.00043023255813956496
1645243896823 3 11.878802000000007 0 837688 0.1961 0.00043023255813956496
1645243900773 3 11.862459000000001 0 972932 0.2271 0.00043023255813956496
1645243904783 3 11.856655999999987 0 807690 0.1901 0.00043023255813956496
1645243909165 3 11.596142999999984 0 968173 0.22749999999999998 0.00043023255813956496
1645243912823 3 11.83841799999999 0 872734 0.20550000000000002 0.00043023255813956496
1645243916756 3 11.834041000000013 0 991679 0.23349999999999999 0.00043023255813956496
1645243921057 3 11.576703000000009 0 930061 0.219 0.00043023255813956496
1645243924743 3 11.817590999999993 0 884740 0.20800000000000002 0.00043023255813956496
1645243929130 3 11.556046999999978 0 968599 0.22799999999999998 0.00043023255813956496
1645243933222 3 11.54511100000002 0 848189 0.1993 0.00043023255813956496
1645243937155 3 11.535809000000029 0 989262 0.2324 0.00043023255813956496
1645243940944 3 11.778591000000006 0 929927 0.2184 0.00043023255813956496
1645243945041 3 11.520092999999974 0 845977 0.1991 0.00043023255813956496
1645243949020 3 11.759008999999992 0 1009703 0.2374 0.00043023255813956496
1645243953150 3 11.503030000000024 0 861836 0.2022 0.00043023255813956496

