1645233638027 1 3.999999 787 346799 0.06810000000000001 -3.3841
1645233638666 0 7.389199 0 213385 0.041999999999999996 0.00017441860465117198
1645233639037 0 11.013671 0 141806 0.0273 0.00006976744186043549
1645233642356 0 11.806662000000001 0 112578 0.022 0.00006976744186043549
1645233646707 0 11.549487 0 80671 0.024399999999999998 0.00006976744186043549
1645233650527 0 11.542599999999998 0 68729 0.0225 0.00006976744186043549
1645233654485 0 11.785228999999998 0 137895 0.0361 0.00006976744186043549
1645233658399 0 11.779512 0 114138 0.0315 0.00006976744186043549
1645233662336 0 11.774910000000002 0 126013 0.0332 0.00006976744186043549
1645233666450 0 11.767209000000001 0 217236 0.0513 0.00006976744186043549
1645233670577 0 11.509810000000002 0 219398 0.0523 0.00006976744186043549
1645233674104 0 11.998949000000003 0 177648 0.0432 0.00006976744186043549
1645233678112 0 11.990215 0 166856 0.0411 0.00006976744186043549
1645233682240 0 11.985622 0 223685 0.0523 0.00006976744186043549
1645233686333 0 11.726424999999999 0 206455 0.0493 0.00006976744186043549
1645233690264 0 11.970076000000006 0 121534 0.033 0.00006976744186043549
1645233694151 0 11.963418000000004 0 105092 0.028399999999999998 0.00006976744186043549
1645233698463 0 11.704847000000001 0 63086 0.0207 0.00006976744186043549
1645233702320 0 11.948249000000004 0 87739 0.0254 0.00006976744186043549
1645233706318 0 11.94202 0 152905 0.0385 0.00006976744186043549
1645233710208 0 11.929761 0 100587 0.028599999999999997 0.00006976744186043549
1645233714256 0 11.909194999999997 0 186001 0.0444 0.00006976744186043549
1645233718336 0 11.900590000000008 0 201620 0.047799999999999995 0.00006976744186043549
1645233722448 0 11.639443 0 218012 0.0512 0.00006976744186043549
1645233726378 0 11.873762999999997 0 123058 0.0329 0.00006976744186043549
1645233730449 0 11.616151000000002 0 198856 0.0477 0.00006976744186043549
1645233734207 0 11.846717999999996 0 223061 0.0522 0.00006976744186043549
1645233738669 0 11.585604000000004 0 143385 0.0366 0.00006976744186043549
1645233742581 0 11.578274000000008 0 117021 0.0311 0.00006976744186043549
1645233746434 0 11.82171600000001 0 83595 0.0252 0.00006976744186043549
1645233750251 0 11.812337999999997 0 68011 0.0219 0.00006976744186043549
1645233754696 0 11.553213 0 134264 0.034999999999999996 0.00006976744186043549
1645233758606 0 11.545984000000004 0 113722 0.0303 0.00006976744186043549
1645233762531 0 11.539332000000002 0 122694 0.0328 0.00006976744186043549
1645233766631 0 11.533028999999999 0 215146 0.0502 0.00006976744186043549
1645233770730 0 11.525844000000006 0 213339 0.0501 0.00006976744186043549
1645233774763 0 11.516740999999996 0 176949 0.0436 0.00006976744186043549
1645233778762 0 11.503732000000014 0 158356 0.0402 0.00006976744186043549
1645233782379 0 11.748602000000005 0 219852 0.0518 0.00006976744186043549
1645233786445 0 11.740287999999993 0 196864 0.047 0.00006976744186043549
1645233790362 0 11.734722000000005 0 116610 0.0318 0.00006976744186043549
1645233794256 0 11.975634000000014 0 107223 0.029599999999999998 0.00006976744186043549
1645233798564 0 11.719833999999992 0 64332 0.0213 0.00006976744186043549
1645233802428 0 11.711290999999989 0 88753 0.0261 0.00006976744186043549
1645233806413 0 11.707142000000005 0 153489 0.0375 0.00006976744186043549
1645233810299 0 11.95106100000001 0 101805 0.028599999999999997 0.00006976744186043549
1645233814348 0 11.942498 0 186822 0.045 0.00006976744186043549
1645233818431 0 11.68667099999999 0 200149 0.0487 0.00006976744186043549
1645233822540 0 11.679861000000017 0 215305 0.0502 0.00006976744186043549
1645233826478 0 11.673507 0 128759 0.034100000000000005 0.00006976744186043549
1645233830553 0 11.661692000000016 0 199367 0.0477 0.00006976744186043549
1645233834167 0 11.90507500000001 0 220759 0.0517 0.00006976744186043549
1645233838643 0 11.649040000000014 0 149511 0.038 0.00006976744186043549
1645233842564 0 11.642481000000004 0 118879 0.0322 0.00006976744186043549
1645233846423 0 11.630624000000012 0 85418 0.0256 0.00006976744186043549
1645233850230 0 11.876247000000006 0 68807 0.0213 0.00006976744186043549
1645233854676 0 11.610488000000004 0 132565 0.0349 0.00006976744186043549
1645233858593 0 11.604554000000007 0 117262 0.0309 0.00006976744186043549
1645233862530 0 11.597015999999996 0 116418 0.0322 0.00006976744186043549
1645233866651 0 11.587927000000008 0 223024 0.052000000000000005 0.00006976744186043549
1645233870258 0 11.824521000000004 0 214538 0.0508 0.00006976744186043549
1645233874297 0 11.816842000000008 0 178191 0.0431 0.00006976744186043549
1645233878293 0 11.81086400000001 0 161454 0.0398 0.00006976744186043549
1645233882394 0 11.805623999999995 0 212225 0.0499 0.00006976744186043549
1645233886462 0 11.80019200000001 0 195858 0.047 0.00006976744186043549
1645233890386 0 11.790413000000001 0 119665 0.032 0.00006976744186043549
1645233894290 0 11.782305000000008 0 108667 0.030199999999999998 0.00006976744186043549
1645233898596 0 11.524681999999984 0 64782 0.0208 0.00006976744186043549
1645233902456 0 11.77089699999999 0 87523 0.0252 0.00006976744186043549
1645233906441 0 11.761738999999977 0 155607 0.0382 0.00006976744186043549
1645233910325 0 11.75657799999999 0 100404 0.028399999999999998 0.00006976744186043549
1645233914373 0 11.74736999999999 0 183614 0.0445 0.00006976744186043549
1645233918449 0 11.739574000000005 0 197686 0.0477 0.00006976744186043549
1645233922560 0 11.72916200000003 0 217520 0.0513 0.00006976744186043549
1645233926502 0 11.71815700000002 0 132353 0.0344 0.00006976744186043549
1645233930573 0 11.710217 0 199853 0.0477 0.00006976744186043549
1645233934197 0 11.953716999999983 0 225614 0.0522 0.00006976744186043549
1645233938174 0 11.945708000000025 0 150477 0.038 0.00006976744186043549
1645233942593 0 11.68912899999998 0 117995 0.0322 0.00006976744186043549
1645233946453 0 11.681103000000007 0 86503 0.0256 0.00006976744186043549
1645233950269 0 11.923870000000022 0 67335 0.0214 0.00006976744186043549
1645233954218 0 11.917908000000011 0 132169 0.0348 0.00006976744186043549
1645233958635 0 11.661245000000008 0 118800 0.0313 0.00006976744186043549
1645233962555 0 11.646033999999986 0 116618 0.0319 0.00006976744186043549
1645233966175 0 11.890799000000015 0 222296 0.052000000000000005 0.00006976744186043549

