1645248480887 1 3.999999 1094 346799 0.09519999999999999 -4.7042
1645248483180 3 5.7211300000000005 0 755039 0.20739999999999997 0.000174418604651283
1645248485572 3 7.327371000000001 0 835161 0.2294 0.00043023255813956496
1645248488177 3 8.724156 0 908792 0.25 0.00043023255813956496
1645248490492 3 10.409847 0 804438 0.22139999999999999 0.00043023255813956496
1645248493376 3 11.580124999999999 0 828659 0.2278 0.00043023255813956496
1645248497554 3 11.575645999999999 0 937332 0.2572 0.00043023255813956496
1645248501287 3 11.816951 0 776416 0.2136 0.00043023255813956496
1645248505206 3 11.804062000000002 0 1025687 0.2818 0.00043023255813956496
1645248509555 3 11.546783000000001 0 815426 0.2245 0.00043023255813956496
1645248513585 3 11.537099000000005 0 884625 0.24300000000000002 0.00043023255813956496
1645248517176 3 11.776927 0 904952 0.24889999999999998 0.00043023255813956496
1645248523092 3 9.806953 0 954418 0.5816 0.00043023255813956496
1645248525844 3 11.055635000000002 0 910446 0.2548 0.00043023255813956496
1645248529474 3 11.498828000000003 0 922454 0.2531 0.00043023255813956496
1645248533190 3 11.741076 0 942842 0.2586 0.00043023255813956496
1645248537224 3 11.730456000000004 0 884128 0.2428 0.00043023255813956496
1645248541105 3 11.972722000000005 0 828263 0.2279 0.00043023255813956496
1645248545401 3 11.706888000000006 0 981175 0.2694 0.00043023255813956496
1645248549081 3 11.948977 0 939007 0.2577 0.00043023255813956496
1645248552995 3 11.945060999999995 0 841370 0.23149999999999998 0.00043023255813956496
1645248557203 3 11.932191000000003 0 947658 0.2602 0.00043023255813956496
1645248561096 3 11.919665000000009 0 828958 0.2279 0.00043023255813956496
1645248565388 3 11.664141999999998 0 977791 0.26880000000000004 0.00043023255813956496
1645248569320 3 11.657942000000006 0 847215 0.233 0.00043023255813956496
1645248573105 3 11.901376999999997 0 978032 0.2686 0.00043023255813956496
1645248577273 3 11.639691999999997 0 934237 0.2569 0.00043023255813956496
1645248581323 3 11.630167999999998 0 889600 0.2444 0.00043023255813956496
1645248585142 3 11.874935000000008 0 988774 0.2717 0.00043023255813956496
1645248589468 3 11.619905000000003 0 808061 0.22210000000000002 0.00043023255813956496
1645248593303 3 11.612890000000007 0 995677 0.2731 0.00043023255813956496
1645248597441 3 11.605309000000005 0 924757 0.25379999999999997 0.00043023255813956496
1645248601259 3 11.848347000000004 0 808228 0.22210000000000002 0.00043023255813956496
1645248605147 3 11.838564000000005 0 1014212 0.2787 0.00043023255813956496
1645248609086 3 11.82985099999999 0 845218 0.23210000000000003 0.00043023255813956496
1645248613238 3 11.82403099999999 0 910767 0.2516 0.00043023255813956496
1645248619207 3 9.692656999999997 0 901777 0.5866 0.00043023255813956496
1645248622107 3 10.792744999999996 0 967347 0.271 0.00043023255813956496
1645248625284 3 11.768484 0 935273 0.2561 0.00043023255813956496
1645248629401 3 11.544596000000013 0 916928 0.25179999999999997 0.00043023255813956496
1645248633582 3 11.536891999999995 0 940743 0.2578 0.00043023255813956496
1645248637589 3 11.531712999999996 0 877888 0.2412 0.00043023255813956496
1645248641499 3 11.52449200000001 0 839766 0.2311 0.00043023255813956496
1645248645286 3 11.76700600000001 0 976062 0.2682 0.00043023255813956496
1645248649519 3 11.502499999999998 0 958353 0.2633 0.00043023255813956496
1645248652915 3 11.995593000000014 0 836268 0.2293 0.00043023255813956496
1645248657181 3 11.734271000000007 0 968967 0.2664 0.00043023255813956496
1645248661051 3 11.976076000000006 0 825839 0.2266 0.00043023255813956496
1645248665328 3 11.715485999999999 0 974212 0.26749999999999996 0.00043023255813956496
1645248669309 3 11.702568000000014 0 867483 0.2383 0.00043023255813956496
1645248673117 3 11.944261000000012 0 987232 0.2713 0.00043023255813956496
1645248677249 3 11.684718000000004 0 921956 0.25339999999999996 0.00043023255813956496
1645248681367 3 11.679147 0 913803 0.2509 0.00043023255813956496
1645248685097 3 11.921019000000001 0 958215 0.26280000000000003 0.00043023255813956496
1645248689488 3 11.65672699999999 0 832934 0.22879999999999998 0.00043023255813956496
1645248693343 3 11.649428 0 1005593 0.2761 0.00043023255813956496
1645248697079 3 11.893454999999989 0 935985 0.26280000000000003 0.00043023255813956496
1645248701385 3 11.633823000000007 0 802415 0.2198 0.00043023255813956496
1645248705233 3 11.874308000000013 0 999009 0.27480000000000004 0.00043023255813956496
1645248709225 3 11.869639000000006 0 869418 0.23889999999999997 0.00043023255813956496
1645248713292 3 11.614677 0 897686 0.24609999999999999 0.00043023255813956496
1645248717531 3 11.605820999999992 0 960141 0.2643 0.00043023255813956496
1645248721141 3 11.849567000000008 0 914618 0.25070000000000003 0.00043023255813956496
1645248725350 3 11.591612999999995 0 949031 0.2611 0.00043023255813956496
1645248729481 3 11.584624999999988 0 919929 0.2512 0.00043023255813956496
1645248733132 3 11.830356999999992 0 930570 0.255 0.00043023255813956496
1645248737199 3 11.818768999999975 0 894188 0.24580000000000002 0.00043023255813956496
1645248741096 3 11.808148000000017 0 835562 0.22949999999999998 0.00043023255813956496
1645248745403 3 11.552104999999983 0 986170 0.2705 0.00043023255813956496
1645248749130 3 11.796670000000006 0 955812 0.2627 0.00043023255813956496
1645248753535 3 11.533545000000004 0 837688 0.2299 0.00043023255813956496
1645248757316 3 11.772940000000006 0 972932 0.2673 0.00043023255813956496
1645248761630 3 11.510723999999982 0 807690 0.22160000000000002 0.00043023255813956496
1645248765400 3 11.498905999999977 0 968173 0.2653 0.00043023255813956496
1645248769402 3 11.740474000000006 0 872734 0.23969999999999997 0.00043023255813956496
1645248773233 3 11.728240000000028 0 991679 0.27280000000000004 0.00043023255813956496
1645248777399 3 11.721697000000006 0 930061 0.2561 0.00043023255813956496
1645248781432 3 11.715809999999976 0 884740 0.2432 0.00043023255813956496
1645248785195 3 11.702893000000017 0 968599 0.2664 0.00043023255813956496
1645248789131 3 11.947794999999985 0 848189 0.2333 0.00043023255813956496
1645248793449 3 11.68574000000001 0 989262 0.27149999999999996 0.00043023255813956496
1645248797111 3 11.925201000000015 0 929927 0.2552 0.00043023255813956496
1645248802796 3 10.103241000000025 0 845977 0.5574 0.00043023255813956496
1645248805827 3 11.071971000000019 0 1009703 0.28250000000000003 0.00043023255813956496
1645248809297 3 11.633178999999984 0 861836 0.2346 0.00043023255813956496

