1645252717445 1 3.979527 2528 346799 0.2383 -10.8704
1645252722843 3 4.487714 1939 755039 0.517 -8.337525581395347
1645252725425 1 5.903301000000001 0 362842 0.2475 0.00043023255813956496
1645252731744 3 4.401587000000001 813 908792 0.6206 -3.4957255813953485
1645252734267 1 5.8750979999999995 0 339137 0.2318 0.00043023255813956496
1645252740047 3 4.443942 347 828659 0.5657 -1.4919255813953487
1645252742952 1 5.531970999999999 0 406206 0.2778 0.00043023255813956496
1645252748384 3 4.271758999999999 169 776416 0.5311 -0.7265255813953486
1645252751419 1 5.236839000000003 0 414092 0.2828 0.00043023255813956496
1645252757105 3 4.428847000000005 879 815426 0.5573 -3.7795255813953483
1645252759713 1 5.820061000000003 0 366374 0.2494 0.00043023255813956496
1645252766010 3 4.288975000000001 763 904952 0.6184999999999999 -3.2807255813953486
1645252768752 1 5.544782000000005 0 371605 0.2526 0.00043023255813956496
1645252775077 3 4.276567 1056 910446 0.6208 -4.540625581395348
1645252777737 1 5.615577999999999 0 374050 0.2548 0.00043023255813956496
1645252784294 3 4.315595999999999 1253 942842 0.6437 -5.3877255813953475
1645252787083 1 5.525399 0 377983 0.2578 0.00043023255813956496
1645252792869 3 4.290943999999996 551 828263 0.5668 -2.3691255813953482
1645252795646 1 5.510024000000001 0 388939 0.2663 0.00043023255813956496
1645252802168 3 4.325433000000004 1339 939007 0.6401 -5.757525581395349
1645252804842 1 5.652132000000009 0 362131 0.2465 0.00043023255813956496
1645252811426 3 4.390045000000001 1324 947658 0.6469 -5.693025581395348
1645252813766 1 6.052431999999996 0 327400 0.2222 0.00043023255813956496
1645252820567 3 4.444041999999996 1183 977791 0.6675 -5.086725581395349
1645252822946 1 6.053378000000009 0 317452 0.2162 0.00043023255813956496
1645252829742 3 4.356912000000008 1100 978032 0.6676 -4.72982558139535
1645252832492 1 5.607894000000002 0 384934 0.2621 0.00043023255813956496
1645252838680 3 4.436616000000001 1015 889600 0.608 -4.364325581395349
1645252841545 1 5.570773000000003 0 387965 0.265 0.00043023255813956496
1645252847198 3 4.432038000000006 513 808061 0.5524 -2.205725581395349
1645252850009 1 5.621857000000006 0 394452 0.2692 0.00043023255813956496
1645252856431 3 4.432215999999997 1231 924757 0.6303 -5.2931255813953495
1645252858739 1 6.124688000000006 0 307174 0.2092 0.00043023255813956496
1645252865775 3 4.391607999999991 1305 1014212 0.6926 -5.611325581395349
1645252868211 1 5.953246000000007 0 340231 0.23210000000000003 0.00043023255813956496
1645252874555 3 4.423690999999991 814 910767 0.622 -3.5000255813953487
1645252877174 1 5.801828 0 353022 0.2414 0.00043023255813956496
1645252883894 3 4.46861899999999 1384 967347 0.6605000000000001 -5.951025581395349
1645252886526 1 5.834840000000014 0 368813 0.2508 0.00043023255813956496
1645252892900 3 4.3350440000000106 874 916928 0.626 -3.7580255813953487
1645252895657 1 5.582937000000015 0 374507 0.2545 0.00043023255813956496
1645252901759 3 4.433578000000011 959 877888 0.5989 -4.123525581395349
1645252904099 1 6.092333999999994 0 326437 0.2217 0.00043023255813956496
1645252910905 3 4.373784000000001 1079 976062 0.6678 -4.639525581395349
1645252913845 1 5.425711000000007 0 400632 0.27280000000000004 0.00043023255813956496
1645252919673 3 4.429629000000006 828 836268 0.5707 -3.5602255813953483
1645252922564 1 5.535597999999993 0 407655 0.27690000000000003 0.00043023255813956496
1645252928325 3 4.485965999999991 712 825839 0.5635 -3.0614255813953486
1645252931295 1 5.515761999999995 0 404220 0.2752 0.00043023255813956496
1645252937342 3 4.432085999999998 961 867483 0.5926 -4.132125581395348
1645252940113 1 5.657340000000005 0 390086 0.26480000000000004 0.00043023255813956496
1645252946511 3 4.373760000000004 1115 921956 0.6293 -4.7943255813953485
1645252949204 1 5.680643000000003 0 365827 0.2484 0.00043023255813956496
1645252955850 3 4.459623999999991 1426 958215 0.653 -6.131625581395349
1645252958260 1 6.0489239999999995 0 337939 0.22970000000000002 0.00043023255813956496
1645252965245 3 4.362829000000005 1296 1005593 0.6874 -5.572625581395348
1645252968109 1 5.496151999999995 0 390582 0.2652 0.00043023255813956496
1645252973711 3 4.390470999999991 491 802415 0.5490999999999999 -2.1111255813953482
1645252976545 1 5.551563000000016 0 399016 0.2713 0.00043023255813956496
1645252982607 3 4.363413000000008 875 869418 0.5949 -3.762325581395349
1645252985358 1 5.616472000000016 0 371149 0.254 0.00043023255813956496
1645252992033 3 4.47439700000001 1536 960141 0.6561 -6.604625581395348
1645252994830 1 5.676420000000007 0 394237 0.2682 0.00043023255813956496
1645253001423 3 4.489518000000004 1407 949031 0.6477999999999999 -6.049925581395348
1645253004228 1 5.6829600000000084 0 381418 0.2596 0.00043023255813956496
1645253010701 3 4.378790999999978 1170 930570 0.6365000000000001 -5.030825581395348
1645253013351 1 5.727982999999995 0 371908 0.25379999999999997 0.00043023255813956496
1645253019182 3 4.27284800000001 373 835562 0.571 -1.6037255813953486
1645253021970 1 5.47941000000003 0 379027 0.2576 0.00043023255813956496
1645253028625 3 4.380281000000025 1552 955812 0.653 -6.673425581395348
1645253031009 1 5.992463999999984 0 333046 0.22669999999999998 0.00043023255813956496
1645253037771 3 4.408182000000011 1178 972932 0.6656 -5.065225581395348
1645253040259 1 5.9212909999999965 0 335171 0.22810000000000002 0.00043023255813956496

