1645254499307 1 3.999999 992 346799 0.0884 -4.265599999999999
1645254502898 4 4.481745 48 1312552 0.3375 -0.20622558139534863
1645254506554 4 4.824572000000001 0 1383123 0.3548 0.000662790697674609
1645254510394 4 4.990588000000001 0 1451767 0.3728 0.000662790697674609
1645254513852 4 5.525393999999999 0 1308083 0.33599999999999997 0.000662790697674609
1645254517308 4 6.078412 0 1299338 0.3337 0.000662790697674609
1645254521165 4 6.213052999999999 0 1453833 0.37360000000000004 0.000662790697674609
1645254524582 4 6.8095490000000005 0 1280990 0.3292 0.000662790697674609
1645254528833 4 6.545084000000003 0 1612910 0.4149 0.000662790697674609
1645254532058 4 7.319662000000001 0 1213987 0.3122 0.000662790697674609
1645254535708 4 7.6728570000000005 0 1380918 0.35459999999999997 0.000662790697674609
1645254539235 4 8.142881000000003 0 1334467 0.3419 0.000662790697674609
1645254543100 4 8.279351000000005 0 1463126 0.37629999999999997 0.000662790697674609
1645254546867 4 8.512187000000004 0 1421742 0.3659 0.000662790697674609
1645254550664 4 8.713986000000006 0 1436771 0.3693 0.000662790697674609
1645254554428 4 8.950300000000006 0 1425347 0.36560000000000004 0.000662790697674609
1645254558055 4 9.323578000000005 0 1366001 0.3497 0.000662790697674609
1645254561446 4 9.932070000000003 0 1281785 0.3291 0.000662790697674609
1645254565447 4 9.930814999999996 0 1514044 0.38849999999999996 0.000662790697674609
1645254569247 4 10.143219000000002 0 1432783 0.3678 0.000662790697674609
1645254572965 4 10.418163000000007 0 1401397 0.3605 0.000662790697674609
1645254576804 4 10.576205999999999 0 1450362 0.3731 0.000662790697674609
1645254580162 4 11.218463 0 1266375 0.32530000000000003 0.000662790697674609
1645254584111 4 11.267182000000005 0 1497932 0.3849 0.000662790697674609
1645254587593 4 11.789408000000009 0 1308773 0.3364 0.000662790697674609
1645254591587 4 11.790970999999999 0 1516715 0.3893 0.000662790697674609
1645254595813 4 11.732853000000006 0 1407805 0.3623 0.000662790697674609
1645254599502 4 11.878099000000006 0 1394624 0.3585 0.000662790697674609
1645254603475 4 11.904472999999996 0 1502056 0.3867 0.000662790697674609
1645254607851 4 11.732865000000004 0 1276395 0.3276 0.000662790697674609
1645254611781 4 11.599607000000006 0 1480768 0.38170000000000004 0.000662790697674609
1645254615694 4 11.694478000000004 0 1473992 0.3795 0.000662790697674609
1645254619653 4 11.88251600000001 0 1306146 0.33540000000000003 0.000662790697674609
1645254623793 4 11.591673999999998 0 1565699 0.4027 0.000662790697674609
1645254627663 4 11.935597999999999 0 1268922 0.3256 0.000662790697674609
1645254631388 4 11.998376000000007 0 1406335 0.359 0.000662790697674609
1645254635546 4 11.915561999999994 0 1381377 0.355 0.000662790697674609
1645254639431 4 11.946033999999997 0 1475162 0.37879999999999997 0.000662790697674609
1645254643715 4 11.898168999999996 0 1430482 0.3673 0.000662790697674609
1645254647537 4 11.844819999999999 0 1439994 0.3701 0.000662790697674609
1645254651753 4 11.635919000000001 0 1405476 0.3612 0.000662790697674609
1645254655412 4 11.966586000000007 0 1382866 0.35619999999999996 0.000662790697674609
1645254659877 4 11.617286000000007 0 1303196 0.33540000000000003 0.000662790697674609
1645254663935 4 11.449137000000007 0 1538814 0.3951 0.000662790697674609
1645254667696 4 11.682936000000012 0 1423261 0.3657 0.000662790697674609
1645254671845 4 11.59601699999999 0 1377859 0.3545 0.000662790697674609
1645254675557 4 11.822677999999996 0 1396488 0.3598 0.000662790697674609
1645254679914 4 11.566712999999993 0 1265878 0.3261 0.000662790697674609
1645254683812 4 11.567836999999997 0 1474721 0.3794 0.000662790697674609
1645254687401 4 11.979232999999994 0 1357016 0.3489 0.000662790697674609
1645254691386 4 11.991866000000016 0 1508969 0.3879 0.000662790697674609
1645254695636 4 11.781803999999994 0 1420161 0.36469999999999997 0.000662790697674609
1645254699828 4 11.769857000000002 0 1394798 0.3586 0.000662790697674609
1645254703789 4 11.589327999999995 0 1499654 0.3852 0.000662790697674609
1645254707791 4 11.750238999999993 0 1323592 0.3402 0.000662790697674609
1645254711687 4 11.690784000000008 0 1477260 0.3794 0.000662790697674609
1645254715588 4 11.792681000000016 0 1474833 0.3792 0.000662790697674609
1645254719524 4 11.972174999999993 0 1299401 0.3332 0.000662790697674609
1645254723726 4 11.654032999999998 0 1595638 0.4104 0.000662790697674609
1645254727632 4 11.953666999999996 0 1282380 0.3295 0.000662790697674609
1645254731834 4 11.691294 0 1402228 0.3603 0.000662790697674609
1645254735542 4 11.835817999999989 0 1404885 0.3612 0.000662790697674609
1645254739876 4 11.672199000000006 0 1453425 0.37320000000000003 0.000662790697674609
1645254743723 4 11.655253000000016 0 1453998 0.3741 0.000662790697674609
1645254747485 4 11.893651000000006 0 1424197 0.3659 0.000662790697674609
1645254751710 4 11.892781000000014 0 1409895 0.36269999999999997 0.000662790697674609
1645254755865 4 11.630417000000023 0 1381516 0.3553 0.000662790697674609
1645254759843 4 11.621090999999979 0 1298461 0.33599999999999997 0.000662790697674609
1645254763886 4 11.49930599999999 0 1530017 0.3932 0.000662790697674609
1645254767679 4 11.69804099999999 0 1437352 0.3689 0.000662790697674609
1645254771740 4 11.846971999999994 0 1344879 0.3456 0.000662790697674609
1645254775672 4 11.707332000000008 0 1490910 0.3827 0.000662790697674609
1645254780025 4 11.576513999999975 0 1264017 0.3254 0.000662790697674609
1645254783875 4 11.502584000000013 0 1458446 0.3747 0.000662790697674609
1645254787497 4 11.880844000000025 0 1366050 0.3514 0.000662790697674609
1645254791567 4 11.817975999999987 0 1540108 0.3962 0.000662790697674609
1645254795822 4 11.802426000000025 0 1421303 0.365 0.000662790697674609
1645254799417 4 11.969691000000012 0 1359213 0.3489 0.000662790697674609
1645254803420 4 11.958389000000011 0 1514199 0.389 0.000662790697674609
1645254807855 4 11.772923999999989 0 1296661 0.3324 0.000662790697674609
1645254811404 4 11.973861999999997 0 1340186 0.3429 0.000662790697674609
1645254815801 4 11.753047999999978 0 1478975 0.3791 0.000662790697674609
1645254819859 4 11.672473000000025 0 1342511 0.3456 0.000662790697674609
1645254823888 4 11.490175000000022 0 1527618 0.3926 0.000662790697674609
1645254827826 4 11.724975000000029 0 1297467 0.3338 0.000662790697674609

