1645231170324 1 3.999999 3669 346799 0.3551 -15.776699999999998
1645231172701 0 5.628881 0 213385 0.21760000000000002 0.00017441860465117198
1645231174266 0 8.062361000000001 0 141806 0.14550000000000002 0.00006976744186043549
1645231175499 0 10.829416000000002 0 112578 0.1137 0.00006976744186043549
1645231178916 0 11.651482999999999 0 80671 0.08159999999999999 0.00006976744186043549
1645231182735 0 11.636868999999999 0 68729 0.0708 0.00006976744186043549
1645231186761 0 11.632714 0 137895 0.1406 0.00006976744186043549
1645231190564 0 11.872021999999998 0 114138 0.1182 0.00006976744186043549
1645231194474 0 11.863663000000003 0 126013 0.12940000000000002 0.00006976744186043549
1645231198814 0 11.604339000000003 0 217236 0.22400000000000003 0.00006976744186043549
1645231202648 0 11.847987000000003 0 219398 0.22360000000000002 0.00006976744186043549
1645231206561 0 11.839262000000005 0 177648 0.18109999999999998 0.00006976744186043549
1645231210880 0 11.558501 0 166856 0.1711 0.00006976744186043549
1645231214762 0 11.804059000000002 0 223685 0.2287 0.00006976744186043549
1645231218972 0 11.543533000000004 0 206455 0.2111 0.00006976744186043549
1645231222833 0 11.530685000000005 0 121534 0.12450000000000001 0.00006976744186043549
1645231227017 0 11.516503 0 105092 0.10740000000000001 0.00006976744186043549
1645231230760 0 11.762811 0 63086 0.064 0.00006976744186043549
1645231234765 0 11.756126000000009 0 87739 0.0896 0.00006976744186043549
1645231238418 0 11.998525 0 152905 0.1551 0.00006976744186043549
1645231242559 0 11.98840700000001 0 100587 0.1021 0.00006976744186043549
1645231246575 0 11.981943000000001 0 186001 0.1905 0.00006976744186043549
1645231250733 0 11.722335999999999 0 201620 0.2063 0.00006976744186043549
1645231254559 0 11.967950000000002 0 218012 0.2223 0.00006976744186043549
1645231258432 0 11.961911999999998 0 123058 0.1263 0.00006976744186043549
1645231262575 0 11.950780000000009 0 198856 0.20329999999999998 0.00006976744186043549
1645231266550 0 11.943820000000002 0 223061 0.2287 0.00006976744186043549
1645231270629 0 11.936698000000007 0 143385 0.1471 0.00006976744186043549
1645231274425 0 11.929935999999998 0 117021 0.1187 0.00006976744186043549
1645231278880 0 11.672801000000007 0 83595 0.0851 0.00006976744186043549
1645231282677 0 11.664389 0 68011 0.0685 0.00006976744186043549
1645231286658 0 11.762079 0 134264 0.1375 0.00006976744186043549
1645231290437 0 11.898610000000005 0 113722 0.1169 0.00006976744186043549
1645231294795 0 11.642239000000004 0 122694 0.125 0.00006976744186043549
1645231298600 0 11.884825000000006 0 215146 0.219 0.00006976744186043549
1645231302878 0 11.625598999999994 0 213339 0.21749999999999997 0.00006976744186043549
1645231306784 0 11.619087000000007 0 176949 0.181 0.00006976744186043549
1645231310526 0 11.864682000000016 0 158356 0.16319999999999998 0.00006976744186043549
1645231314895 0 11.60500300000001 0 219852 0.227 0.00006976744186043549
1645231318523 0 11.849887999999993 0 196864 0.20299999999999999 0.00006976744186043549
1645231322807 0 11.595072000000016 0 116610 0.1183 0.00006976744186043549
1645231326515 0 11.840183999999994 0 107223 0.1106 0.00006976744186043549
1645231330766 0 11.581751999999994 0 64332 0.0637 0.00006976744186043549
1645231334776 0 11.574422999999996 0 88753 0.09140000000000001 0.00006976744186043549
1645231338946 0 11.564645000000013 0 153489 0.1567 0.00006976744186043549
1645231342596 0 11.808424000000002 0 101805 0.1036 0.00006976744186043549
1645231346621 0 11.764073999999994 0 186822 0.19190000000000002 0.00006976744186043549
1645231350764 0 11.79317900000001 0 200149 0.2048 0.00006976744186043549
1645231354556 0 11.788995 0 215305 0.21939999999999998 0.00006976744186043549
1645231358970 0 11.530197000000015 0 128759 0.1312 0.00006976744186043549
1645231362600 0 11.77429699999999 0 199367 0.2029 0.00006976744186043549
1645231366957 0 11.52025900000001 0 220759 0.2257 0.00006976744186043549
1645231370591 0 11.765086999999994 0 149511 0.1534 0.00006976744186043549
1645231374902 0 11.505842000000001 0 118879 0.1212 0.00006976744186043549
1645231378885 0 11.50108800000001 0 85418 0.0878 0.00006976744186043549
1645231382681 0 11.743454000000014 0 68807 0.06899999999999999 0.00006976744186043549
1645231386630 0 11.738445000000013 0 132565 0.1343 0.00006976744186043549
1645231390435 0 11.982718000000006 0 117262 0.1197 0.00006976744186043549
1645231394730 0 11.71902399999999 0 116418 0.1182 0.00006976744186043549
1645231398635 0 11.71256600000001 0 223024 0.2287 0.00006976744186043549
1645231402424 0 11.955877000000015 0 214538 0.21880000000000002 0.00006976744186043549
1645231406849 0 11.695524000000006 0 178191 0.1823 0.00006976744186043549
1645231410605 0 11.934803000000016 0 161454 0.1646 0.00006976744186043549
1645231414878 0 11.675455999999997 0 212225 0.21749999999999997 0.00006976744186043549
1645231418488 0 11.920613000000003 0 195858 0.19990000000000002 0.00006976744186043549
1645231422805 0 11.661789999999996 0 119665 0.1214 0.00006976744186043549
1645231426517 0 11.905956000000003 0 108667 0.11040000000000001 0.00006976744186043549
1645231430782 0 11.644836999999995 0 64782 0.0655 0.00006976744186043549
1645231434784 0 11.638190000000009 0 87523 0.0896 0.00006976744186043549
1645231438478 0 11.878282000000013 0 155607 0.1584 0.00006976744186043549
1645231442601 0 11.864223999999979 0 100404 0.10229999999999999 0.00006976744186043549
1645231446575 0 11.857819000000006 0 183614 0.1872 0.00006976744186043549
1645231450721 0 11.854302000000018 0 197686 0.20329999999999998 0.00006976744186043549
1645231454569 0 11.847717999999986 0 217520 0.22410000000000002 0.00006976744186043549
1645231458517 0 11.843591000000004 0 132353 0.1343 0.00006976744186043549
1645231462669 0 11.83480400000002 0 199853 0.2048 0.00006976744186043549
1645231466566 0 11.764254999999991 0 225614 0.2304 0.00006976744186043549
1645231470724 0 11.81387699999999 0 150477 0.1551 0.00006976744186043549
1645231474531 0 11.805909999999983 0 117995 0.1199 0.00006976744186043549
1645231479023 0 11.545980999999983 0 86503 0.088 0.00006976744186043549
1645231482808 0 11.541145000000029 0 67335 0.06860000000000001 0.00006976744186043549
1645231486773 0 11.782665000000009 0 132169 0.136 0.00006976744186043549
1645231490595 0 11.775977000000012 0 118800 0.1213 0.00006976744186043549
1645231494886 0 11.520382999999981 0 116618 0.11839999999999999 0.00006976744186043549

