1645236185985 1 3.999999 1955 346799 0.18409999999999999 -8.4065
1645236188046 1 5.939379 0 363755 0.1937 0.00017441860465117198
1645236190084 1 7.9112420000000006 0 362842 0.19219999999999998 0.00017441860465117198
1645236192226 1 9.759994 0 384791 0.2041 0.00017441860465117198
1645236194127 1 11.856993999999998 0 339137 0.17980000000000002 0.00017441860465117198
1645236198308 1 11.914463999999999 0 393219 0.20790000000000003 0.00017441860465117198
1645236202570 1 11.63956 0 406206 0.2141 0.00017441860465117198
1645236206286 1 11.865019999999998 0 303135 0.1609 0.00017441860465117198
1645236210599 1 11.603511000000001 0 414092 0.221 0.00017441860465117198
1645236214505 1 11.595788000000002 0 337705 0.17909999999999998 0.00017441860465117198
1645236218563 1 11.584682 0 366374 0.1941 0.00017441860465117198
1645236222540 1 11.574505000000002 0 352030 0.1872 0.00017441860465117198
1645236226622 1 11.553821 0 371605 0.1967 0.00017441860465117198
1645236230272 1 11.787933000000002 0 385670 0.205 0.00017441860465117198
1645236234370 1 11.778373000000002 0 374050 0.1984 0.00017441860465117198
1645236238420 1 11.759027000000003 0 367058 0.1953 0.00017441860465117198
1645236242035 1 11.993651 0 377983 0.2003 0.00017441860465117198
1645236246365 1 11.731677000000005 0 326924 0.17270000000000002 0.00017441860465117198
1645236250033 1 11.966955999999996 0 388939 0.2061 0.00017441860465117198
1645236254224 1 11.953005000000005 0 392939 0.2088 0.00017441860465117198
1645236258249 1 11.936081000000001 0 362131 0.1928 0.00017441860465117198
1645236262492 1 11.672714 0 402712 0.21339999999999998 0.00017441860465117198
1645236266339 1 11.666206000000003 0 327400 0.1736 0.00017441860465117198
1645236270566 1 11.653973000000008 0 401133 0.2129 0.00017441860465117198
1645236274358 1 11.644130000000004 0 317452 0.1688 0.00017441860465117198
1645236278541 1 11.640366999999998 0 391753 0.2077 0.00017441860465117198
1645236282183 1 11.857725000000002 0 384934 0.20379999999999998 0.00017441860465117198
1645236286235 1 11.852975 0 367179 0.1954 0.00017441860465117198
1645236290411 1 11.582143000000002 0 387965 0.2061 0.00017441860465117198
1645236294281 1 11.822939000000005 0 333821 0.1764 0.00017441860465117198
1645236298465 1 11.560963000000001 0 394452 0.20870000000000002 0.00017441860465117198
1645236302230 1 11.806211000000005 0 409513 0.21669999999999998 0.00017441860465117198
1645236306461 1 11.547607999999997 0 307174 0.1631 0.00017441860465117198
1645236310296 1 11.782494999999997 0 420407 0.2232 0.00017441860465117198
1645236314710 1 11.51154600000001 0 340231 0.1806 0.00017441860465117198
1645236318299 1 11.74287000000001 0 374730 0.1985 0.00017441860465117198
1645236322263 1 11.736040000000003 0 353022 0.1865 0.00017441860465117198
1645236326456 1 11.72735800000001 0 393253 0.2089 0.00017441860465117198
1645236330506 1 11.723360000000014 0 368813 0.1948 0.00017441860465117198
1645236334088 1 11.96276499999999 0 372578 0.1975 0.00017441860465117198
1645236338172 1 11.953769999999992 0 374507 0.1983 0.00017441860465117198
1645236342253 1 11.943162999999998 0 372824 0.19770000000000001 0.00017441860465117198
1645236346075 1 11.940324000000004 0 326437 0.1729 0.00017441860465117198
1645236350202 1 11.934946999999994 0 383127 0.20299999999999999 0.00017441860465117198
1645236354425 1 11.676649999999995 0 400632 0.2129 0.00017441860465117198
1645236358345 1 11.672716000000008 0 342596 0.1816 0.00017441860465117198
1645236362103 1 11.910388000000012 0 407655 0.21600000000000003 0.00017441860465117198
1645236366497 1 11.652222999999992 0 337450 0.1795 0.00017441860465117198
1645236370239 1 11.894931000000014 0 404220 0.2144 0.00017441860465117198
1645236374102 1 11.889208999999994 0 331794 0.176 0.00017441860465117198
1645236378264 1 11.881653 0 390086 0.2061 0.00017441860465117198
1645236382419 1 11.622757000000007 0 387516 0.2056 0.00017441860465117198
1645236386457 1 11.612926000000016 0 365827 0.1936 0.00017441860465117198
1645236390141 1 11.858767 0 392579 0.2085 0.00017441860465117198
1645236394538 1 11.602104999999995 0 337939 0.179 0.00017441860465117198
1645236398296 1 11.844829000000004 0 406896 0.2156 0.00017441860465117198
1645236402457 1 11.584796000000011 0 390582 0.2065 0.00017441860465117198
1645236406303 1 11.830396000000007 0 328479 0.1736 0.00017441860465117198
1645236410514 1 11.575668000000007 0 399016 0.2111 0.00017441860465117198
1645236414586 1 11.57165599999999 0 370990 0.1965 0.00017441860465117198
1645236418659 1 11.562184000000002 0 371149 0.197 0.00017441860465117198
1645236422238 1 11.806839999999994 0 372261 0.1976 0.00017441860465117198
1645236426437 1 11.54781299999999 0 394237 0.2098 0.00017441860465117198
1645236430489 1 11.53973400000001 0 368311 0.1951 0.00017441860465117198
1645236434609 1 11.529651000000001 0 381418 0.202 0.00017441860465117198
1645236438669 1 11.524419999999992 0 368451 0.195 0.00017441860465117198
1645236442249 1 11.762567999999987 0 371908 0.1976 0.00017441860465117198
1645236446591 1 11.505397000000016 0 328352 0.1734 0.00017441860465117198
1645236450697 1 11.500197000000014 0 379027 0.2008 0.00017441860465117198
1645236454463 1 11.734123000000011 0 407465 0.2158 0.00017441860465117198
1645236458329 1 11.727933000000007 0 333046 0.1768 0.00017441860465117198
1645236462141 1 11.97342500000002 0 416856 0.22069999999999998 0.00017441860465117198
1645236466020 1 11.967644000000007 0 335171 0.1777 0.00017441860465117198
1645236470252 1 11.96275300000002 0 401613 0.21259999999999998 0.00017441860465117198
1645236474154 1 11.954548999999986 0 337330 0.17909999999999998 0.00017441860465117198
1645236478320 1 11.699180000000013 0 391244 0.2071 0.00017441860465117198
1645236482475 1 11.694276000000002 0 387864 0.2057 0.00017441860465117198
1645236486506 1 11.687000000000012 0 363813 0.19290000000000002 0.00017441860465117198
1645236490183 1 11.929885000000013 0 391839 0.20729999999999998 0.00017441860465117198
1645236494068 1 11.922442999999987 0 336898 0.178 0.00017441860465117198
1645236498203 1 11.915376999999978 0 381135 0.20270000000000002 0.00017441860465117198
1645236502369 1 11.658209 0 386654 0.20600000000000002 0.00017441860465117198
1645236506319 1 11.90037799999999 0 347396 0.1847 0.00017441860465117198
1645236510500 1 11.643056000000001 0 392538 0.2082 0.00017441860465117198

