1645229425194 1 3.999999 4837 346799 0.4728 -20.7991
1645229428345 0 4.880978 0 213385 0.292 0.00017441860465117198
1645229430395 0 6.832720000000001 0 141806 0.1938 0.00006976744186043549
1645229432030 0 9.194856000000001 0 112578 0.1528 0.00006976744186043549
1645229433229 0 11.994855 0 80671 0.1093 0.00006976744186043549
1645229437753 0 11.592808999999999 0 68729 0.09140000000000001 0.00006976744186043549
1645229441724 0 11.587191999999998 0 137895 0.1874 0.00006976744186043549
1645229445887 0 11.578782999999998 0 114138 0.1548 0.00006976744186043549
1645229449726 0 11.566790000000001 0 126013 0.172 0.00006976744186043549
1645229453804 0 11.562020000000004 0 217236 0.29660000000000003 0.00006976744186043549
1645229457907 0 11.553784 0 219398 0.2987 0.00006976744186043549
1645229461437 0 11.797508 0 177648 0.242 0.00006976744186043549
1645229465836 0 11.543026000000005 0 166856 0.22890000000000002 0.00006976744186043549
1645229469503 0 11.787354 0 223685 0.3053 0.00006976744186043549
1645229473928 0 11.528780000000005 0 206455 0.2808 0.00006976744186043549
1645229477698 0 11.768757 0 121534 0.16570000000000001 0.00006976744186043549
1645229481729 0 11.511903000000004 0 105092 0.14179999999999998 0.00006976744186043549
1645229485696 0 11.755188000000004 0 63086 0.0848 0.00006976744186043549
1645229489491 0 11.743828000000008 0 87739 0.1177 0.00006976744186043549
1645229493674 0 11.729140999999998 0 152905 0.207 0.00006976744186043549
1645229497663 0 11.719333000000006 0 100587 0.1373 0.00006976744186043549
1645229501315 0 11.960895000000008 0 186001 0.253 0.00006976744186043549
1645229505692 0 11.699808000000004 0 201620 0.2766 0.00006976744186043549
1645229509790 0 11.433824000000001 0 218012 0.2988 0.00006976744186043549
1645229513601 0 11.678309999999996 0 123058 0.1702 0.00006976744186043549
1645229517418 0 11.917445 0 198856 0.2699 0.00006976744186043549
1645229521592 0 11.657958000000008 0 223061 0.30510000000000004 0.00006976744186043549
1645229525656 0 11.648204000000007 0 143385 0.1963 0.00006976744186043549
1645229529339 0 11.891348000000008 0 117021 0.1568 0.00006976744186043549
1645229533592 0 11.880488999999997 0 83595 0.11339999999999999 0.00006976744186043549
1645229537641 0 11.619974999999997 0 68011 0.0936 0.00006976744186043549
1645229541547 0 11.858668000000009 0 134264 0.18080000000000002 0.00006976744186043549
1645229545712 0 11.601611000000005 0 113722 0.1545 0.00006976744186043549
1645229549485 0 11.845731 0 122694 0.1653 0.00006976744186043549
1645229553547 0 11.839158999999995 0 215146 0.2943 0.00006976744186043549
1645229557551 0 11.829838999999993 0 213339 0.29 0.00006976744186043549
1645229561587 0 11.823369000000014 0 176949 0.242 0.00006976744186043549
1645229565856 0 11.56564800000001 0 158356 0.21600000000000003 0.00006976744186043549
1645229569478 0 11.806118999999995 0 219852 0.3008 0.00006976744186043549
1645229573769 0 11.544004000000001 0 196864 0.268 0.00006976744186043549
1645229577476 0 11.788540000000012 0 116610 0.1592 0.00006976744186043549
1645229581550 0 11.783794 0 107223 0.146 0.00006976744186043549
1645229585541 0 11.774438000000004 0 64332 0.0873 0.00006976744186043549
1645229589853 0 11.511962000000011 0 88753 0.1199 0.00006976744186043549
1645229593566 0 11.756114999999994 0 153489 0.2091 0.00006976744186043549
1645229597571 0 11.748626999999999 0 101805 0.1394 0.00006976744186043549
1645229601241 0 11.990842000000015 0 186822 0.2552 0.00006976744186043549
1645229605578 0 11.733979000000005 0 200149 0.2726 0.00006976744186043549
1645229609632 0 11.724655000000013 0 215305 0.2941 0.00006976744186043549
1645229613510 0 11.715389000000016 0 128759 0.1766 0.00006976744186043549
1645229617327 0 11.958469000000008 0 199367 0.2702 0.00006976744186043549
1645229621452 0 11.949658 0 220759 0.3007 0.00006976744186043549
1645229625612 0 11.690079999999995 0 149511 0.2049 0.00006976744186043549
1645229629356 0 11.931543000000005 0 118879 0.1634 0.00006976744186043549
1645229633653 0 11.670420000000007 0 85418 0.11750000000000001 0.00006976744186043549
1645229637706 0 11.665278999999998 0 68807 0.09340000000000001 0.00006976744186043549
1645229641611 0 11.657164999999992 0 132565 0.1786 0.00006976744186043549
1645229645821 0 11.649417999999997 0 117262 0.1592 0.00006976744186043549
1645229649523 0 11.88536400000001 0 116418 0.1592 0.00006976744186043549
1645229653691 0 11.629874999999998 0 223024 0.3054 0.00006976744186043549
1645229657746 0 11.619389000000012 0 214538 0.2942 0.00006976744186043549
1645229661798 0 11.607751000000007 0 178191 0.24409999999999998 0.00006976744186043549
1645229665616 0 11.851909000000006 0 161454 0.2204 0.00006976744186043549
1645229669609 0 11.840562000000006 0 212225 0.2878 0.00006976744186043549
1645229673397 0 11.834758999999991 0 195858 0.2682 0.00006976744186043549
1645229677624 0 11.828845999999999 0 119665 0.1615 0.00006976744186043549
1645229681718 0 11.568408999999974 0 108667 0.1481 0.00006976744186043549
1645229685708 0 11.560959000000025 0 64782 0.0867 0.00006976744186043549
1645229689526 0 11.803744999999992 0 87523 0.11979999999999999 0.00006976744186043549
1645229693758 0 11.541735000000017 0 155607 0.2116 0.00006976744186043549
1645229697727 0 11.531477999999993 0 100404 0.135 0.00006976744186043549
1645229701846 0 11.525222999999983 0 183614 0.2505 0.00006976744186043549
1645229705660 0 11.771387000000004 0 197686 0.27040000000000003 0.00006976744186043549
1645229709739 0 11.508692999999994 0 217520 0.2963 0.00006976744186043549
1645229713657 0 11.750967000000003 0 132353 0.1807 0.00006976744186043549
1645229717525 0 11.741441000000009 0 199853 0.2746 0.00006976744186043549
1645229721686 0 11.733377000000019 0 225614 0.3055 0.00006976744186043549
1645229725363 0 11.97578500000003 0 150477 0.2069 0.00006976744186043549
1645229729547 0 11.721103000000028 0 117995 0.159 0.00006976744186043549
1645229733320 0 11.964861999999982 0 86503 0.11779999999999999 0.00006976744186043549
1645229737350 0 11.959189999999978 0 67335 0.0913 0.00006976744186043549
1645229741739 0 11.702263000000016 0 132169 0.1789 0.00006976744186043549
1645229745486 0 11.94145100000003 0 118800 0.1633 0.00006976744186043549
1645229749690 0 11.68641500000001 0 116618 0.1588 0.00006976744186043549

