1645236481402 1 3.999999 1012 346799 0.0905 -4.3515999999999995
1645236482156 0 7.248955 0 213385 0.05600000000000001 0.00017441860465117198
1645236482625 0 10.781565 0 141806 0.0372 0.00006976744186043549
1645236486016 0 11.500778 0 112578 0.0294 0.00006976744186043549
1645236489884 0 11.744584999999999 0 80671 0.0273 0.00006976744186043549
1645236493727 0 11.735793999999999 0 68729 0.0247 0.00006976744186043549
1645236497748 0 11.730097 0 137895 0.0424 0.00006976744186043549
1645236501719 0 11.722649999999998 0 114138 0.0372 0.00006976744186043549
1645236505707 0 11.716198000000002 0 126013 0.0391 0.00006976744186043549
1645236509939 0 11.705592000000003 0 217236 0.0635 0.00006976744186043549
1645236513673 0 11.951892 0 219398 0.0634 0.00006976744186043549
1645236517795 0 11.683583000000006 0 177648 0.0523 0.00006976744186043549
1645236521885 0 11.679001 0 166856 0.0494 0.00006976744186043549
1645236525617 0 11.918966000000005 0 223685 0.0635 0.00006976744186043549
1645236529818 0 11.659585 0 206455 0.0598 0.00006976744186043549
1645236533789 0 11.655765000000002 0 121534 0.0375 0.00006976744186043549
1645236537725 0 11.902011000000002 0 105092 0.0333 0.00006976744186043549
1645236541550 0 11.871186999999999 0 63086 0.0219 0.00006976744186043549
1645236545944 0 11.615076000000002 0 87739 0.029199999999999997 0.00006976744186043549
1645236550001 0 11.602837000000008 0 152905 0.0456 0.00006976744186043549
1645236553920 0 11.59611600000001 0 100587 0.0322 0.00006976744186043549
1645236558063 0 11.588755000000006 0 186001 0.054400000000000004 0.00006976744186043549
1645236561749 0 11.831283999999997 0 201620 0.0583 0.00006976744186043549
1645236565975 0 11.575224000000006 0 218012 0.0627 0.00006976744186043549
1645236569958 0 11.556585999999996 0 123058 0.0378 0.00006976744186043549
1645236573703 0 11.800322000000008 0 198856 0.0602 0.00006976744186043549
1645236577651 0 11.766531 0 223061 0.06420000000000001 0.00006976744186043549
1645236581686 0 11.760907000000003 0 143385 0.0435 0.00006976744186043549
1645236586147 0 11.500064000000009 0 117021 0.0361 0.00006976744186043549
1645236589520 0 11.989945000000006 0 83595 0.027100000000000003 0.00006976744186043549
1645236593856 0 11.735901999999996 0 68011 0.0237 0.00006976744186043549
1645236597868 0 11.732481000000007 0 134264 0.0402 0.00006976744186043549
1645236601827 0 11.720233000000007 0 113722 0.035699999999999996 0.00006976744186043549
1645236605801 0 11.711596 0 122694 0.038 0.00006976744186043549
1645236609534 0 11.952283999999992 0 215146 0.0634 0.00006976744186043549
1645236613750 0 11.692323000000016 0 213339 0.0615 0.00006976744186043549
1645236617873 0 11.675287999999995 0 176949 0.0522 0.00006976744186043549
1645236621948 0 11.668004999999994 0 158356 0.0474 0.00006976744186043549
1645236625694 0 11.906241999999992 0 219852 0.0634 0.00006976744186043549
1645236629865 0 11.64779200000001 0 196864 0.05739999999999999 0.00006976744186043549
1645236633835 0 11.639748999999995 0 116610 0.036199999999999996 0.00006976744186043549
1645236637778 0 11.630811999999992 0 107223 0.0332 0.00006976744186043549
1645236641606 0 11.874960000000016 0 64332 0.0221 0.00006976744186043549
1645236646007 0 11.619931000000008 0 88753 0.028499999999999998 0.00006976744186043549
1645236649573 0 11.858710000000002 0 153489 0.046200000000000005 0.00006976744186043549
1645236654009 0 11.604583999999988 0 101805 0.033100000000000004 0.00006976744186043549
1645236657661 0 11.847512999999992 0 186822 0.054200000000000005 0.00006976744186043549
1645236661838 0 11.588358999999997 0 200149 0.056999999999999995 0.00006976744186043549
1645236666052 0 11.584259000000003 0 215305 0.0616 0.00006976744186043549
1645236670066 0 11.573087000000015 0 128759 0.039400000000000004 0.00006976744186043549
1645236673760 0 11.816845 0 199367 0.057999999999999996 0.00006976744186043549
1645236678027 0 11.560043000000007 0 220759 0.0638 0.00006976744186043549
1645236682075 0 11.55382800000001 0 149511 0.0444 0.00006976744186043549
1645236686049 0 11.543821000000008 0 118879 0.0373 0.00006976744186043549
1645236689931 0 11.538325000000015 0 85418 0.028100000000000003 0.00006976744186043549
1645236693762 0 11.78178299999999 0 68807 0.0234 0.00006976744186043549
1645236697765 0 11.771746000000007 0 132565 0.040600000000000004 0.00006976744186043549
1645236701729 0 11.763511999999992 0 117262 0.0366 0.00006976744186043549
1645236705695 0 11.751927999999992 0 116418 0.0359 0.00006976744186043549
1645236709442 0 11.989129999999989 0 223024 0.0641 0.00006976744186043549
1645236713683 0 11.732254000000012 0 214538 0.0626 0.00006976744186043549
1645236717824 0 11.722959000000003 0 178191 0.0533 0.00006976744186043549
1645236721900 0 11.708820000000003 0 161454 0.0475 0.00006976744186043549
1645236725611 0 11.954752000000013 0 212225 0.0607 0.00006976744186043549
1645236729792 0 11.698473000000007 0 195858 0.056499999999999995 0.00006976744186043549
1645236733773 0 11.691485999999998 0 119665 0.0373 0.00006976744186043549
1645236737725 0 11.683022999999991 0 108667 0.034100000000000005 0.00006976744186043549
1645236741558 0 11.926579000000004 0 64782 0.0227 0.00006976744186043549
1645236745946 0 11.667890999999997 0 87523 0.0283 0.00006976744186043549
1645236749519 0 11.909402 0 155607 0.047 0.00006976744186043549
1645236753932 0 11.639177000000018 0 100404 0.0316 0.00006976744186043549
1645236757569 0 11.876364000000024 0 183614 0.053500000000000006 0.00006976744186043549
1645236761740 0 11.865472000000011 0 197686 0.057199999999999994 0.00006976744186043549
1645236765961 0 11.608067000000005 0 217520 0.0626 0.00006976744186043549
1645236769963 0 11.595503000000008 0 132353 0.040100000000000004 0.00006976744186043549
1645236773656 0 11.841251999999997 0 199853 0.0586 0.00006976744186043549
1645236777902 0 11.582047999999986 0 225614 0.06470000000000001 0.00006976744186043549
1645236781956 0 11.575044999999989 0 150477 0.0455 0.00006976744186043549
1645236785914 0 11.568178999999986 0 117995 0.036 0.00006976744186043549
1645236789795 0 11.811392000000012 0 86503 0.028199999999999996 0.00006976744186043549
1645236793623 0 11.804363000000023 0 67335 0.0225 0.00006976744186043549
1645236797626 0 11.796207999999979 0 132169 0.0407 0.00006976744186043549
1645236802096 0 11.535162000000014 0 118800 0.0368 0.00006976744186043549
1645236806054 0 11.529838999999981 0 116618 0.036199999999999996 0.00006976744186043549
1645236809792 0 11.774268000000006 0 222296 0.064 0.00006976744186043549

