1645242835413 1 3.999999 8086 346799 0.796 -34.7698
1645242840641 0 4.293286999999999 1522 213385 0.484 -6.544425581395348
1645242844041 0 4.890843000000001 0 141806 0.3241 0.00006976744186043549
1645242846713 0 6.2155390000000015 0 112578 0.2508 0.00006976744186043549
1645242848635 0 8.294478999999999 0 80671 0.18 0.00006976744186043549
1645242850315 0 10.614220999999999 0 68729 0.1561 0.00006976744186043549
1645242853609 0 11.330755999999997 0 137895 0.316 0.00006976744186043549
1645242857358 0 11.756861999999998 0 114138 0.264 0.00006976744186043549
1645242861398 0 11.749303000000001 0 126013 0.292 0.00006976744186043549
1645242866518 0 10.410957000000003 0 217236 0.5 0.00006976744186043549
1645242871795 0 9.133696 0 219398 0.5 0.00006976744186043549
1645242875995 0 8.933477000000003 0 177648 0.4032 0.00006976744186043549
1645242879958 0 8.971839000000003 0 166856 0.3801 0.00006976744186043549
1645242885240 0 7.690232000000002 0 223685 0.5121 0.00006976744186043549
1645242890239 0 6.6935649999999995 0 206455 0.472 0.00006976744186043549
1645242893162 0 7.767644000000004 0 121534 0.2761 0.00006976744186043549
1645242895674 0 9.254419000000006 0 105092 0.2359 0.00006976744186043549
1645242897235 0 11.693359000000001 0 63086 0.13999999999999999 0.00006976744186043549
1645242901359 0 11.634106000000003 0 87739 0.19990000000000002 0.00006976744186043549
1645242904995 0 11.933722000000003 0 152905 0.352 0.00006976744186043549
1645242909443 0 11.615766000000008 0 100587 0.23199999999999998 0.00006976744186043549
1645242913839 0 11.090299000000002 0 186001 0.4277 0.00006976744186043549
1645242918595 0 10.333742999999998 0 201620 0.4638 0.00006976744186043549
1645242923719 0 9.212657000000007 0 218012 0.5 0.00006976744186043549
1645242926794 0 10.134673000000006 0 123058 0.2798 0.00006976744186043549
1645242931477 0 9.45164100000001 0 198856 0.4519 0.00006976744186043549
1645242936717 0 8.212727999999998 0 223061 0.5078 0.00006976744186043549
1645242940237 0 8.691247000000004 0 143385 0.3236 0.00006976744186043549
1645242943037 0 9.89259700000001 0 117021 0.264 0.00006976744186043549
1645242945037 0 11.892307000000002 0 83595 0.18409999999999999 0.00006976744186043549
1645242949218 0 11.753889000000001 0 68011 0.1518 0.00006976744186043549
1645242953397 0 11.740193000000005 0 134264 0.308 0.00006976744186043549
1645242957115 0 11.981653000000009 0 113722 0.2598 0.00006976744186043549
1645242961038 0 11.969808999999998 0 122694 0.2798 0.00006976744186043549
1645242966075 0 10.853257000000013 0 215146 0.49189999999999995 0.00006976744186043549
1645242971276 0 9.65196499999999 0 213339 0.4838 0.00006976744186043549
1645242975439 0 9.491377 0 176949 0.39980000000000004 0.00006976744186043549
1645242979194 0 9.734320999999994 0 158356 0.3599 0.00006976744186043549
1645242984402 0 8.526668 0 219852 0.5043 0.00006976744186043549
1645242989159 0 7.771927000000005 0 196864 0.4521 0.00006976744186043549
1645242991953 0 8.974872000000005 0 116610 0.26389999999999997 0.00006976744186043549
1645242994558 0 10.372012000000012 0 107223 0.24409999999999998 0.00006976744186043549
1645242997155 0 11.893496999999996 0 64332 0.14379999999999998 0.00006976744186043549
1645243001320 0 11.632994999999994 0 88753 0.20400000000000001 0.00006976744186043549
1645243004958 0 11.97186099999999 0 153489 0.352 0.00006976744186043549
1645243009436 0 11.613492000000008 0 101805 0.236 0.00006976744186043549
1645243013841 0 11.090282000000002 0 186822 0.4281 0.00006976744186043549
1645243018556 0 10.37308999999999 0 200149 0.45990000000000003 0.00006976744186043549
1645243023638 0 9.291987000000006 0 215305 0.496 0.00006976744186043549
1645243026875 0 10.054176000000012 0 128759 0.2919 0.00006976744186043549
1645243031560 0 9.368116000000015 0 199367 0.4524 0.00006976744186043549
1645243036755 0 8.173469000000011 0 220759 0.5039 0.00006976744186043549
1645243040445 0 8.484921000000014 0 149511 0.3403 0.00006976744186043549
1645243043279 0 9.650515000000013 0 118879 0.2681 0.00006976744186043549
1645243045354 0 11.575222999999994 0 85418 0.192 0.00006976744186043549
1645243049541 0 11.521310999999997 0 68807 0.1518 0.00006976744186043549
1645243053218 0 11.761119000000008 0 132565 0.3041 0.00006976744186043549
1645243057534 0 11.503420000000006 0 117262 0.272 0.00006976744186043549
1645243061278 0 11.73992100000001 0 116418 0.2641 0.00006976744186043549
1645243066522 0 10.407776000000013 0 223024 0.5119 0.00006976744186043549
1645243071680 0 9.249110000000002 0 214538 0.48810000000000003 0.00006976744186043549
1645243075877 0 9.052996000000007 0 178191 0.4039 0.00006976744186043549
1645243079681 0 9.247416000000015 0 161454 0.3641 0.00006976744186043549
1645243084637 0 8.29145600000001 0 212225 0.4801 0.00006976744186043549
1645243089236 0 7.693343999999996 0 195858 0.4479 0.00006976744186043549
1645243092081 0 8.84917200000001 0 119665 0.27240000000000003 0.00006976744186043549
1645243094676 0 10.253968999999984 0 108667 0.248 0.00006976744186043549
1645243097235 0 11.703895999999986 0 64782 0.1439 0.00006976744186043549
1645243101358 0 11.644604000000015 0 87523 0.2 0.00006976744186043549
1645243105036 0 11.893586000000028 0 155607 0.3558 0.00006976744186043549
1645243109445 0 11.627730999999983 0 100404 0.22799999999999998 0.00006976744186043549
1645243113755 0 11.17330400000003 0 183614 0.4197 0.00006976744186043549
1645243118438 0 10.491389000000026 0 197686 0.45599999999999996 0.00006976744186043549
1645243123556 0 9.373106000000007 0 217520 0.5 0.00006976744186043549
1645243126835 0 10.09342300000003 0 132353 0.3 0.00006976744186043549
1645243131557 0 9.370904999999993 0 199853 0.4559 0.00006976744186043549
1645243136877 0 8.052098 0 225614 0.5161 0.00006976744186043549
1645243140601 0 8.328105999999991 0 150477 0.344 0.00006976744186043549
1645243143445 0 9.489423999999985 0 117995 0.2681 0.00006976744186043549
1645243145514 0 11.414982000000009 0 86503 0.1918 0.00006976744186043549
1645243149161 0 11.77697999999998 0 67335 0.15209999999999999 0.00006976744186043549
1645243153316 0 11.770061999999996 0 132169 0.30379999999999996 0.00006976744186043549

