1645238958706 1 3.999999 3089 346799 0.2987 -13.282699999999998
1645238961954 1 4.756911 0 363755 0.3148 0.00017441860465117198
1645238965182 1 5.530244000000001 0 362842 0.3119 0.00017441860465117198
1645238968599 1 6.118868000000001 0 384791 0.3306 0.00017441860465117198
1645238971622 1 7.091358999999999 0 339137 0.29169999999999996 0.00017441860465117198
1645238975118 1 7.593933 0 393219 0.3387 0.00017441860465117198
1645238978730 1 7.984458 0 406206 0.3505 0.00017441860465117198
1645238981447 1 9.26492 0 303135 0.2611 0.00017441860465117198
1645238985127 1 9.587249000000003 0 414092 0.3573 0.00017441860465117198
1645238988153 1 10.559630000000002 0 337705 0.2918 0.00017441860465117198
1645238991421 1 11.291598 0 366374 0.31589999999999996 0.00017441860465117198
1645238995068 1 11.761269000000006 0 352030 0.3039 0.00017441860465117198
1645238999369 1 11.505329000000003 0 371605 0.31989999999999996 0.00017441860465117198
1645239002793 1 11.918510000000005 0 385670 0.33199999999999996 0.00017441860465117198
1645239007134 1 11.735009000000005 0 374050 0.3227 0.00017441860465117198
1645239010894 1 11.971834000000001 0 367058 0.3161 0.00017441860465117198
1645239014761 1 11.964020000000005 0 377983 0.32639999999999997 0.00017441860465117198
1645239019174 1 11.705650000000006 0 326924 0.2813 0.00017441860465117198
1645239023120 1 11.699255000000008 0 388939 0.3346 0.00017441860465117198
1645239027107 1 11.692177999999998 0 392939 0.33849999999999997 0.00017441860465117198
1645239030846 1 11.931436000000005 0 362131 0.3134 0.00017441860465117198
1645239034921 1 11.919042000000005 0 402712 0.3467 0.00017441860465117198
1645239038870 1 11.912312999999997 0 327400 0.2827 0.00017441860465117198
1645239042921 1 11.905754000000002 0 401133 0.3453 0.00017441860465117198
1645239047270 1 11.651054000000002 0 317452 0.2747 0.00017441860465117198
1645239050756 1 11.957357000000002 0 391753 0.33730000000000004 0.00017441860465117198
1645239055180 1 11.634639000000007 0 384934 0.3318 0.00017441860465117198
1645239058950 1 11.877706000000003 0 367179 0.3161 0.00017441860465117198
1645239062896 1 11.872274000000004 0 387965 0.3347 0.00017441860465117198
1645239066883 1 11.86222500000001 0 333821 0.2882 0.00017441860465117198
1645239070881 1 11.856839000000008 0 394452 0.3398 0.00017441860465117198
1645239075002 1 11.844019000000003 0 409513 0.35219999999999996 0.00017441860465117198
1645239079253 1 11.581964 0 307174 0.26539999999999997 0.00017441860465117198
1645239082979 1 11.732640000000004 0 420407 0.3626 0.00017441860465117198
1645239087028 1 11.81466499999999 0 340231 0.294 0.00017441860465117198
1645239091353 1 11.557085999999998 0 374730 0.3225 0.00017441860465117198
1645239094990 1 11.797921000000002 0 353022 0.3039 0.00017441860465117198
1645239098980 1 11.79244700000001 0 393253 0.3387 0.00017441860465117198
1645239103250 1 11.533479 0 368813 0.3176 0.00017441860465117198
1645239107065 1 11.777251000000007 0 372578 0.32130000000000003 0.00017441860465117198
1645239111382 1 11.513307999999995 0 374507 0.3214 0.00017441860465117198
1645239115199 1 11.75009 0 372824 0.3214 0.00017441860465117198
1645239119115 1 11.742109 0 326437 0.2814 0.00017441860465117198
1645239123031 1 11.733811000000003 0 383127 0.3306 0.00017441860465117198
1645239127081 1 11.727960999999993 0 400632 0.3439 0.00017441860465117198
1645239131129 1 11.717142999999993 0 342596 0.2949 0.00017441860465117198
1645239134760 1 11.958133000000004 0 407655 0.3519 0.00017441860465117198
1645239138779 1 11.953651000000008 0 337450 0.2918 0.00017441860465117198
1645239142882 1 11.948616000000015 0 404220 0.34940000000000004 0.00017441860465117198
1645239146835 1 11.943759 0 331794 0.2853 0.00017441860465117198
1645239150800 1 11.93498600000001 0 390086 0.3359 0.00017441860465117198
1645239155233 1 11.67703499999999 0 387516 0.3332 0.00017441860465117198
1645239158991 1 11.917256000000009 0 365827 0.3144 0.00017441860465117198
1645239162977 1 11.910269 0 392579 0.3389 0.00017441860465117198
1645239166981 1 11.899540000000002 0 337939 0.2906 0.00017441860465117198
1645239171094 1 11.644778000000002 0 406896 0.3503 0.00017441860465117198
1645239175069 1 11.81419600000001 0 390582 0.33740000000000003 0.00017441860465117198
1645239178995 1 11.871891000000005 0 328479 0.28290000000000004 0.00017441860465117198
1645239183044 1 11.864233000000013 0 399016 0.344 0.00017441860465117198
1645239186859 1 11.858610999999996 0 370990 0.31989999999999996 0.00017441860465117198
1645239191155 1 11.595137999999992 0 371149 0.3198 0.00017441860465117198
1645239194975 1 11.83553599999999 0 372261 0.3214 0.00017441860465117198
1645239198973 1 11.825919999999996 0 394237 0.33999999999999997 0.00017441860465117198
1645239203245 1 11.56828200000001 0 368311 0.31720000000000004 0.00017441860465117198
1645239207124 1 11.810490000000016 0 381418 0.3278 0.00017441860465117198
1645239211397 1 11.554078000000004 0 368451 0.3173 0.00017441860465117198
1645239215212 1 11.54683399999999 0 371908 0.32120000000000004 0.00017441860465117198
1645239219143 1 11.787897999999984 0 328352 0.2828 0.00017441860465117198
1645239223016 1 11.781570999999985 0 379027 0.3269 0.00017441860465117198
1645239227137 1 11.772130000000004 0 407465 0.3508 0.00017441860465117198
1645239231119 1 11.752763000000016 0 333046 0.288 0.00017441860465117198
1645239234823 1 11.89020099999999 0 416856 0.3601 0.00017441860465117198
1645239238807 1 11.987158000000022 0 335171 0.2878 0.00017441860465117198
1645239242869 1 11.976012000000026 0 401613 0.3467 0.00017441860465117198
1645239246874 1 11.969336999999996 0 337330 0.2905 0.00017441860465117198
1645239250856 1 11.962491999999997 0 391244 0.3372 0.00017441860465117198
1645239254804 1 11.952660999999978 0 387864 0.3345 0.00017441860465117198
1645239259037 1 11.696127999999987 0 363813 0.3134 0.00017441860465117198
1645239263013 1 11.93898999999999 0 391839 0.337 0.00017441860465117198
1645239267010 1 11.925153000000023 0 336898 0.2891 0.00017441860465117198
1645239270896 1 11.918549999999982 0 381135 0.32789999999999997 0.00017441860465117198
1645239274840 1 11.910029000000009 0 386654 0.3345 0.00017441860465117198
1645239278968 1 11.899092999999993 0 347396 0.3 0.00017441860465117198
1645239282960 1 11.891683 0 392538 0.3387 0.00017441860465117198

