1645248837491 1 3.999999 3905 346799 0.3775 -16.7915
1645248840015 0 5.473179999999999 0 213385 0.23199999999999998 0.00017441860465117198
1645248841671 0 7.817059 0 141806 0.15560000000000002 0.00006976744186043549
1645248842986 0 10.50198 0 112578 0.1214 0.00006976744186043549
1645248845945 0 11.634476999999999 0 80671 0.0853 0.00006976744186043549
1645248849799 0 11.880724999999998 0 68729 0.0752 0.00006976744186043549
1645248853909 0 11.623079 0 137895 0.1503 0.00006976744186043549
1645248857752 0 11.866610999999999 0 114138 0.1244 0.00006976744186043549
1645248861718 0 11.860644000000004 0 126013 0.1365 0.00006976744186043549
1645248865689 0 11.847201000000002 0 217236 0.23759999999999998 0.00006976744186043549
1645248869667 0 11.839683 0 219398 0.2373 0.00006976744186043549
1645248873706 0 11.830083000000002 0 177648 0.193 0.00006976744186043549
1645248878115 0 11.575608000000003 0 166856 0.18080000000000002 0.00006976744186043549
1645248882137 0 11.566968000000003 0 223685 0.2425 0.00006976744186043549
1645248885989 0 11.560594000000002 0 206455 0.2245 0.00006976744186043549
1645248889905 0 11.803257000000002 0 121534 0.13140000000000002 0.00006976744186043549
1645248894131 0 11.546041000000002 0 105092 0.1125 0.00006976744186043549
1645248897922 0 11.790980000000005 0 63086 0.06820000000000001 0.00006976744186043549
1645248901955 0 11.781076999999996 0 87739 0.0938 0.00006976744186043549
1645248905719 0 11.768371000000002 0 152905 0.1658 0.00006976744186043549
1645248909899 0 11.763723999999996 0 100587 0.1076 0.00006976744186043549
1645248914022 0 11.505916 0 186001 0.2017 0.00006976744186043549
1645248917810 0 11.747932000000006 0 201620 0.21869999999999998 0.00006976744186043549
1645248921775 0 11.739775000000009 0 218012 0.23559999999999998 0.00006976744186043549
1645248925731 0 11.982482000000005 0 123058 0.135 0.00006976744186043549
1645248929981 0 11.721007 0 198856 0.2153 0.00006976744186043549
1645248934014 0 11.716233000000003 0 223061 0.2428 0.00006976744186043549
1645248937665 0 11.957763999999997 0 143385 0.1554 0.00006976744186043549
1645248942033 0 11.696934999999996 0 117021 0.1263 0.00006976744186043549
1645248946046 0 11.692666000000003 0 83595 0.0905 0.00006976744186043549
1645248949891 0 11.671721000000005 0 68011 0.07339999999999999 0.00006976744186043549
1645248953954 0 11.666883999999996 0 134264 0.1453 0.00006976744186043549
1645248957796 0 11.907234000000003 0 113722 0.1227 0.00006976744186043549
1645248961706 0 11.901074000000008 0 122694 0.1313 0.00006976744186043549
1645248965667 0 11.895522 0 215146 0.23420000000000002 0.00006976744186043549
1645248969605 0 11.886918000000009 0 213339 0.23220000000000002 0.00006976744186043549
1645248973643 0 11.880232000000007 0 176949 0.19290000000000002 0.00006976744186043549
1645248977969 0 11.624400000000009 0 158356 0.1724 0.00006976744186043549
1645248981958 0 11.617129000000006 0 219852 0.2392 0.00006976744186043549
1645248985699 0 11.86243300000001 0 196864 0.2129 0.00006976744186043549
1645248990072 0 11.607137999999992 0 116610 0.1263 0.00006976744186043549
1645248993842 0 11.845135999999997 0 107223 0.1162 0.00006976744186043549
1645248998126 0 11.58826400000001 0 64332 0.0683 0.00006976744186043549
1645249001687 0 11.832457000000005 0 88753 0.0958 0.00006976744186043549
1645249005974 0 11.571573999999998 0 153489 0.1674 0.00006976744186043549
1645249009679 0 11.816239999999993 0 101805 0.1093 0.00006976744186043549
1645249013824 0 11.808237999999989 0 186822 0.2029 0.00006976744186043549
1645249018111 0 11.549823000000004 0 200149 0.2186 0.00006976744186043549
1645249022051 0 11.536575999999997 0 215305 0.2339 0.00006976744186043549
1645249026058 0 11.526534999999996 0 128759 0.1401 0.00006976744186043549
1645249029806 0 11.76878400000001 0 199367 0.2152 0.00006976744186043549
1645249033822 0 11.763767999999999 0 220759 0.2408 0.00006976744186043549
1645249038052 0 11.502766000000008 0 149511 0.1621 0.00006976744186043549
1645249041951 0 11.74488500000001 0 118879 0.1299 0.00006976744186043549
1645249045984 0 11.737871000000013 0 85418 0.09419999999999999 0.00006976744186043549
1645249049846 0 11.72881799999999 0 68807 0.0749 0.00006976744186043549
1645249053890 0 11.721137999999996 0 132565 0.1433 0.00006976744186043549
1645249057771 0 11.961037000000005 0 117262 0.128 0.00006976744186043549
1645249061645 0 11.953069 0 116418 0.1262 0.00006976744186043549
1645249065667 0 11.933727000000005 0 223024 0.2426 0.00006976744186043549
1645249069612 0 11.92146600000001 0 214538 0.23399999999999999 0.00006976744186043549
1645249073670 0 11.914195000000007 0 178191 0.1948 0.00006976744186043549
1645249078031 0 11.65586300000001 0 161454 0.1759 0.00006976744186043549
1645249081947 0 11.647355000000005 0 212225 0.2307 0.00006976744186043549
1645249085689 0 11.887753000000004 0 195858 0.2138 0.00006976744186043549
1645249090081 0 11.627459000000016 0 119665 0.1283 0.00006976744186043549
1645249093862 0 11.865876000000014 0 108667 0.1179 0.00006976744186043549
1645249097648 0 11.858096999999987 0 64782 0.06810000000000001 0.00006976744186043549
1645249101712 0 11.851782000000014 0 87523 0.09559999999999999 0.00006976744186043549
1645249105996 0 11.589792999999986 0 155607 0.1675 0.00006976744186043549
1645249109668 0 11.830587999999977 0 100404 0.1075 0.00006976744186043549
1645249113762 0 11.823419999999999 0 183614 0.19790000000000002 0.00006976744186043549
1645249117997 0 11.564416999999992 0 197686 0.21339999999999998 0.00006976744186043549
1645249121973 0 11.548959000000025 0 217520 0.23769999999999997 0.00006976744186043549
1645249126016 0 11.53913399999999 0 132353 0.1434 0.00006976744186043549
1645249129795 0 11.774474999999995 0 199853 0.21680000000000002 0.00006976744186043549
1645249133843 0 11.76832300000001 0 225614 0.24420000000000003 0.00006976744186043549
1645249138095 0 11.505953999999974 0 150477 0.1641 0.00006976744186043549
1645249141987 0 11.743964000000005 0 117995 0.128 0.00006976744186043549
1645249145526 0 11.979618000000016 0 86503 0.0938 0.00006976744186043549
1645249149838 0 11.718052 0 67335 0.0717 0.00006976744186043549
1645249153883 0 11.708549000000005 0 132169 0.14350000000000002 0.00006976744186043549
1645249157790 0 11.69779699999998 0 118800 0.1299 0.00006976744186043549
1645249161653 0 11.944232999999997 0 116618 0.1265 0.00006976744186043549

