1645230126595 1 3.999999 3451 346799 0.3344 -14.8393
1645230134111 3 4.439483 3948 755039 0.7289 -16.976225581395347
1645230142283 3 4.3737770000000005 4108 835161 0.8054 -17.66396976744186
1645230151271 3 4.467771000000001 5083 908792 0.8772 -21.856469767441858
1645230159143 3 4.279413999999999 3682 804438 0.7755 -15.83216976744186
1645230167350 3 4.4380489999999995 4366 828659 0.7992 -18.773369767441856
1645230176518 3 4.294069999999998 5019 937332 0.9045 -21.58126976744186
1645230184209 3 4.290951999999997 3693 776416 0.7485999999999999 -15.87946976744186
1645230194251 3 4.462320000000002 6206 1025687 0.9914999999999999 -26.68536976744186
1645230202348 3 4.3994789999999995 4037 815426 0.7875 -17.35866976744186
1645230211014 3 4.420625000000001 4689 884625 0.8549 -20.16226976744186
1645230219983 3 4.340563000000003 4888 904952 0.8747 -21.017969767441855
1645230229315 3 4.461205 5457 954418 0.9211 -23.46466976744186
1645230238313 3 4.392058000000006 4932 910446 0.8789999999999999 -21.207169767441858
1645230247332 3 4.304167 4930 922454 0.8892 -21.19856976744186
1645230256647 3 4.443197000000005 5454 942842 0.9103999999999999 -23.45176976744186
1645230265304 3 4.376689000000006 4589 884128 0.8535 -19.73226976744186
1645230273503 3 4.447704000000002 4273 828263 0.7995 -18.373469767441858
1645230283085 3 4.451749000000007 5591 981175 0.9464 -24.04086976744186
1645230292354 3 4.266117000000008 5084 939007 0.9056 -21.86076976744186
1645230300613 3 4.321858000000006 4309 841370 0.8129 -18.52826976744186
1645230309951 3 4.361007000000001 5383 947658 0.9136 -23.146469767441857
1645230318051 3 4.476270999999997 4214 828958 0.798 -18.11976976744186
1645230327714 3 4.422042000000005 5610 977791 0.9449 -24.12256976744186
1645230336005 3 4.257514999999998 4127 847215 0.8173 -17.74566976744186
1645230345650 3 4.364006000000003 5753 978032 0.9435 -24.737469767441855
1645230354791 3 4.336765 5114 934237 0.9015000000000001 -21.98976976744186
1645230363578 3 4.429319000000007 4881 889600 0.858 -20.987869767441858
1645230373253 3 4.291945999999996 5538 988774 0.9554 -23.812969767441857
1645230381265 3 4.304029 4026 808061 0.7798 -17.31136976744186
1645230390981 3 4.308430000000001 5720 995677 0.9599 -24.59556976744186
1645230400116 3 4.248207000000008 5076 924757 0.8924 -21.826369767441857
1645230408038 3 4.302041000000003 3973 808228 0.7798 -17.08346976744186
1645230418029 3 4.498210999999998 6188 1014212 0.9778 -26.607969767441855
1645230426307 3 4.4159620000000075 4196 845218 0.8160000000000001 -18.04236976744186
1645230435309 3 4.348709000000014 4935 910767 0.8789999999999999 -21.22006976744186
1645230444111 3 4.262349 4716 901777 0.8680999999999999 -20.27836976744186

