1645235132577 1 3.999999 1348 346799 0.12390000000000001 -5.796399999999999
1645235134817 1 5.793509 0 363755 0.1295 0.00017441860465117198
1645235136236 1 8.378852 0 362842 0.129 0.00017441860465117198
1645235137725 1 10.885642 0 384791 0.137 0.00017441860465117198
1645235141079 1 11.657193999999999 0 339137 0.12110000000000001 0.00017441860465117198
1645235145106 1 11.648781999999999 0 393219 0.1404 0.00017441860465117198
1645235149194 1 11.640789999999999 0 406206 0.1449 0.00017441860465117198
1645235152919 1 11.857862999999998 0 303135 0.1083 0.00017441860465117198
1645235157049 1 11.596925000000002 0 414092 0.14750000000000002 0.00017441860465117198
1645235160908 1 11.834581000000004 0 337705 0.1206 0.00017441860465117198
1645235164854 1 11.826134000000003 0 366374 0.1308 0.00017441860465117198
1645235169254 1 11.560769 0 352030 0.1264 0.00017441860465117198
1645235173226 1 11.545389 0 371605 0.1325 0.00017441860465117198
1645235177262 1 11.537751 0 385670 0.1377 0.00017441860465117198
1645235181241 1 11.532459000000003 0 374050 0.1332 0.00017441860465117198
1645235185202 1 11.515175 0 367058 0.1299 0.00017441860465117198
1645235189190 1 11.506992000000004 0 377983 0.13520000000000001 0.00017441860465117198
1645235193057 1 11.747496000000005 0 326924 0.11610000000000001 0.00017441860465117198
1645235197099 1 11.726355999999996 0 388939 0.13879999999999998 0.00017441860465117198
1645235201127 1 11.717230999999998 0 392939 0.1402 0.00017441860465117198
1645235205059 1 11.680909999999997 0 362131 0.1298 0.00017441860465117198
1645235209180 1 11.660314 0 402712 0.1433 0.00017441860465117198
1645235213032 1 11.577534 0 327400 0.11699999999999999 0.00017441860465117198
1645235217109 1 11.572564999999997 0 401133 0.1436 0.00017441860465117198
1645235220914 1 11.814729999999997 0 317452 0.1132 0.00017441860465117198
1645235224975 1 11.798026000000007 0 391753 0.1397 0.00017441860465117198
1645235229045 1 11.781811000000005 0 384934 0.1377 0.00017441860465117198
1645235232995 1 11.772102000000004 0 367179 0.1315 0.00017441860465117198
1645235237064 1 11.762444000000002 0 387965 0.1386 0.00017441860465117198
1645235240886 1 11.746164000000007 0 333821 0.119 0.00017441860465117198
1645235244945 1 11.739220000000003 0 394452 0.1407 0.00017441860465117198
1645235249054 1 11.728043 0 409513 0.14650000000000002 0.00017441860465117198
1645235252783 1 11.969927999999996 0 307174 0.1095 0.00017441860465117198
1645235256908 1 11.706564999999998 0 420407 0.15 0.00017441860465117198
1645235260754 1 11.943344999999994 0 340231 0.1214 0.00017441860465117198
1645235264720 1 11.937996999999996 0 374730 0.1335 0.00017441860465117198
1645235269109 1 11.67970600000001 0 353022 0.12669999999999998 0.00017441860465117198
1645235273134 1 11.671943999999996 0 393253 0.1401 0.00017441860465117198
1645235277073 1 11.658049000000005 0 368813 0.1312 0.00017441860465117198
1645235281052 1 11.651658999999995 0 372578 0.13340000000000002 0.00017441860465117198
1645235285014 1 11.639770999999996 0 374507 0.1331 0.00017441860465117198
1645235288994 1 11.634535 0 372824 0.1326 0.00017441860465117198
1645235292793 1 11.870996999999988 0 326437 0.1156 0.00017441860465117198
1645235296781 1 11.860342000000003 0 383127 0.1366 0.00017441860465117198
1645235300886 1 11.852913999999998 0 400632 0.143 0.00017441860465117198
1645235305247 1 11.587154999999996 0 342596 0.12190000000000001 0.00017441860465117198
1645235308838 1 11.821142000000009 0 407655 0.1457 0.00017441860465117198
1645235313172 1 11.562362000000007 0 337450 0.1203 0.00017441860465117198
1645235317255 1 11.551638999999994 0 404220 0.14379999999999998 0.00017441860465117198
1645235320952 0 11.793717000000015 0 128759 0.0463 0.00017441860465117198
1645235325280 0 11.539905000000005 0 199367 0.0711 0.00006976744186043549
1645235329258 0 11.499313 0 220759 0.08159999999999999 0.00006976744186043549
1645235333004 0 11.738414000000006 0 149511 0.056799999999999996 0.00006976744186043549
1645235337084 0 11.726101999999997 0 118879 0.0459 0.00006976744186043549
1645235341054 0 11.721282000000002 0 85418 0.0332 0.00006976744186043549
1645235344995 0 11.707854999999995 0 68807 0.0273 0.00006976744186043549
1645235349125 0 11.699207000000001 0 132565 0.0505 0.00006976744186043549
1645235352736 0 11.910824999999988 0 117262 0.044700000000000004 0.00006976744186043549
1645235356834 0 11.907572000000016 0 116418 0.0446 0.00006976744186043549
1645235360816 0 11.90179599999999 0 223024 0.08349999999999999 0.00006976744186043549
1645235364748 0 11.896191000000016 0 214538 0.08 0.00006976744186043549
1645235369067 0 11.641588000000013 0 178191 0.0674 0.00006976744186043549
1645235372809 0 11.887203999999997 0 161454 0.061 0.00006976744186043549
1645235376739 0 11.874728000000005 0 212225 0.0794 0.00006976744186043549
1645235381074 0 11.610152 0 195858 0.0728 0.00006976744186043549
1645235385168 0 11.60539700000001 0 119665 0.0458 0.00006976744186043549
1645235388905 0 11.948457000000019 0 108667 0.041999999999999996 0.00006976744186043549
1645235392847 0 11.899397000000022 0 64782 0.027100000000000003 0.00006976744186043549
1645235396827 0 11.890554000000009 0 87523 0.034 0.00006976744186043549
1645235401026 0 11.632338000000004 0 155607 0.058899999999999994 0.00006976744186043549
1645235405047 0 11.625358000000006 0 100404 0.0392 0.00006976744186043549
1645235408870 0 11.850032999999996 0 183614 0.06860000000000001 0.00006976744186043549
1645235413266 0 11.592768999999976 0 197686 0.0744 0.00006976744186043549
1645235417209 0 11.538895000000025 0 217520 0.08070000000000001 0.00006976744186043549
1645235420863 0 11.780565000000024 0 132353 0.0505 0.00006976744186043549
1645235425229 0 11.523343000000011 0 199853 0.075 0.00006976744186043549
1645235429196 0 11.516718000000026 0 225614 0.08349999999999999 0.00006976744186043549
1645235432899 0 11.749349999999993 0 150477 0.056799999999999996 0.00006976744186043549
1645235437012 0 11.74430799999999 0 117995 0.046 0.00006976744186043549
1645235440979 0 11.73542500000002 0 86503 0.034 0.00006976744186043549
1645235444898 0 11.728032999999982 0 67335 0.027000000000000003 0.00006976744186043549
1645235448641 0 11.969216000000017 0 132169 0.0499 0.00006976744186043549
1645235452822 0 11.95115199999998 0 118800 0.0456 0.00006976744186043549
1645235456965 0 11.681742999999983 0 116618 0.045200000000000004 0.00006976744186043549

