1645247415169 1 3.999999 1772 346799 0.1666 -7.619599999999999
1645247419048 3 4.273815 140 755039 0.3648 -0.6018255813953486
1645247423181 3 4.402387000000001 262 835161 0.403 -1.1261697674418603
1645247427675 3 4.4030200000000015 495 908792 0.4396 -2.1280697674418603
1645247431665 3 4.411353999999999 0 804438 0.38839999999999997 0.00043023255813956496
1645247435802 3 4.377269999999999 99 828659 0.4002 -0.4252697674418604
1645247440442 3 4.466341999999997 730 937332 0.453 -3.1385697674418602
1645247444299 3 4.604209999999998 0 776416 0.3754 0.00043023255813956496
1645247449362 3 4.426978000000002 885 1025687 0.4958 -3.8050697674418603
1645247453557 3 4.302864 65 815426 0.39540000000000003 -0.2790697674418605
1645247457931 3 4.358751000000005 436 884625 0.4269 -1.8743697674418605
1645247462414 3 4.288940000000004 412 904952 0.4372 -1.7711697674418603
1645247467133 3 4.4405690000000035 871 954418 0.4603 -3.7448697674418603
1645247471636 3 4.288988000000003 353 910446 0.4394 -1.5174697674418602
1645247476209 3 4.382135000000005 661 922454 0.44560000000000005 -2.8418697674418603
1645247482073 3 4.287101 1770 942842 0.5756 -7.610569767441859
1645247486559 3 4.29054 497 884128 0.42910000000000004 -2.13666976744186
1645247490662 3 4.274769000000006 88 828263 0.3992 -0.3779697674418605
1645247495503 3 4.3503490000000085 916 981175 0.4734 -3.93836976744186
1645247500159 3 4.256286000000003 558 939007 0.454 -2.3989697674418604
1645247504328 3 4.299109000000001 215 841370 0.4069 -0.9240697674418604
1645247509008 3 4.498734999999996 882 947658 0.4575 -3.79216976744186
1645247513112 3 4.394390000000001 0 828958 0.4001 0.00043023255813956496
1645247517942 3 4.364169000000004 799 977791 0.4727 -3.43526976744186
1645247522134 3 4.402822999999998 227 847215 0.4088 -0.9756697674418603
1645247526969 3 4.371991000000008 804 978032 0.4728 -3.4567697674418603
1645247531590 3 4.417015000000006 666 934237 0.45149999999999996 -2.8633697674418603
1645247536025 3 4.3265949999999975 339 889600 0.42969999999999997 -1.4572697674418604
1645247540909 3 4.412444000000008 976 988774 0.47539999999999993 -4.196369767441861
1645247544925 3 4.396566000000007 0 808061 0.3908 0.00043023255813956496
1645247549837 3 4.362698000000009 874 995677 0.48040000000000005 -3.7577697674418604
1645247554417 3 4.4780740000000065 694 924757 0.4468 -2.9837697674418604
1645247558430 3 4.4566269999999975 0 808228 0.3908 0.00043023255813956496
1645247563436 3 4.404436000000004 951 1014212 0.48979999999999996 -4.08886976744186
1645247567609 3 4.345350999999994 118 845218 0.4074 -0.5069697674418605
1645247572109 3 4.456986000000001 613 910767 0.44000000000000006 -2.6354697674418603
1645247576572 3 4.3096299999999985 308 901777 0.4349 -1.3239697674418602
1645247581348 3 4.35696200000001 830 967347 0.46740000000000004 -3.5685697674418604
1645247585982 3 4.427285000000012 703 935273 0.4523 -3.0224697674418604
1645247590525 3 4.37175400000001 487 916928 0.4439 -2.0936697674418605
1645247596519 3 4.352597000000003 1974 940743 0.5883 -8.48776976744186
1645247598521 1 6.347791000000001 0 372824 0.18109999999999998 0.00043023255813956496
1645247602692 3 6.179054000000008 0 839766 0.40519999999999995 0.000174418604651283
1645247607528 3 5.341327000000007 0 976062 0.47240000000000004 0.00043023255813956496
1645247612273 3 4.596347000000009 0 958353 0.4626 0.00043023255813956496
1645247616411 3 4.458731 0 836268 0.4037 0.00043023255813956496
1645247621190 3 4.2727059999999994 592 968967 0.46769999999999995 -2.5451697674418603
1645247625284 3 4.353922000000011 174 825839 0.3987 -0.7477697674418604
1645247631493 3 4.272196000000008 2122 974212 0.6092 -9.124169767441861
1645247633319 1 6.440144000000004 0 331794 0.16240000000000002 0.00043023255813956496
1645247638205 3 5.552638999999999 0 987232 0.47729999999999995 0.000174418604651283
1645247642757 3 5.000647000000015 0 921956 0.4443 0.00043023255813956496
1645247647281 3 4.478149000000002 0 913803 0.4415 0.00043023255813956496
1645247652019 3 4.35193000000001 611 958215 0.4633 -2.62686976744186
1645247656146 3 4.450127000000009 225 832934 0.4023 -0.9670697674418605
1645247661106 3 4.409199000000001 920 1005593 0.48579999999999995 -3.9555697674418604
1645247665733 3 4.323090000000008 543 935985 0.4518 -2.3344697674418606
1645247669709 3 4.355065999999994 7 802415 0.3875 -0.02966976744186045
1645247676128 3 4.354490999999996 2420 999009 0.6311 -10.405569767441861
1645247678141 1 6.339922000000001 0 370990 0.1814 0.00043023255813956496
1645247682598 3 5.88274100000001 0 897686 0.4335 0.000174418604651283
1645247687365 3 5.120643000000001 0 960141 0.4647 0.00043023255813956496
1645247691892 3 4.5935440000000085 0 914618 0.4408 0.00043023255813956496
1645247696580 3 4.457863000000003 557 949031 0.458 -2.39466976744186
1645247701134 3 4.4977599999999995 587 919929 0.4443 -2.5236697674418602
1645247705746 3 4.324946000000011 445 930570 0.44939999999999997 -1.9130697674418604
1645247710171 3 4.258241999999996 359 894188 0.4321 -1.5432697674418605
1645247714318 3 4.359686000000011 249 835562 0.4037 -1.0702697674418604
1645247719192 3 4.351428999999996 866 986170 0.47709999999999997 -3.72336976744186
1645247723919 3 4.451391000000001 829 955812 0.46210000000000007 -3.56426976744186
1645247728071 3 4.300798999999984 0 837688 0.40469999999999995 0.00043023255813956496
1645247732883 3 4.261507999999992 772 972932 0.4706 -3.3191697674418603
1645247736884 3 4.269825000000026 11 807690 0.3901 -0.04686976744186033
1645247741665 3 4.274608000000001 781 968173 0.4671 -3.3578697674418603

