1645240702046 1 3.999999 879 346799 0.0761 -3.7796999999999996
1645240702702 0 7.349617 0 213385 0.047 0.00017441860465117198
1645240703111 0 10.941685000000001 0 141806 0.0313 0.00006976744186043549
1645240706457 0 11.621456000000002 0 112578 0.0248 0.00006976744186043549
1645240710311 0 11.868377999999998 0 80671 0.0252 0.00006976744186043549
1645240714633 0 11.614870999999999 0 68729 0.0227 0.00006976744186043549
1645240718617 0 11.611562 0 137895 0.038400000000000004 0.00006976744186043549
1645240722551 0 11.600852 0 114138 0.0333 0.00006976744186043549
1645240726514 0 11.591127000000004 0 126013 0.036 0.00006976744186043549
1645240730677 0 11.585145000000004 0 217236 0.05600000000000001 0.00006976744186043549
1645240734337 0 11.821638 0 219398 0.05550000000000001 0.00006976744186043549
1645240738407 0 11.815336000000002 0 177648 0.0465 0.00006976744186043549
1645240742447 0 11.806291000000002 0 166856 0.0438 0.00006976744186043549
1645240746619 0 11.545618000000005 0 223685 0.0571 0.00006976744186043549
1645240750744 0 11.536677000000005 0 206455 0.052500000000000005 0.00006976744186043549
1645240754687 0 11.529676000000002 0 121534 0.0346 0.00006976744186043549
1645240758589 0 11.522618000000001 0 105092 0.0306 0.00006976744186043549
1645240762406 0 11.767719 0 63086 0.0219 0.00006976744186043549
1645240766774 0 11.508719 0 87739 0.026500000000000003 0.00006976744186043549
1645240770792 0 11.499544999999998 0 152905 0.0411 0.00006976744186043549
1645240774186 0 11.994089000000002 0 100587 0.029199999999999997 0.00006976744186043549
1645240778268 0 11.987778000000006 0 186001 0.0477 0.00006976744186043549
1645240782388 0 11.710189999999997 0 201620 0.0518 0.00006976744186043549
1645240786553 0 11.69997500000001 0 218012 0.0548 0.00006976744186043549
1645240790496 0 11.690280000000001 0 123058 0.0344 0.00006976744186043549
1645240794606 0 11.685724000000008 0 198856 0.051000000000000004 0.00006976744186043549
1645240798348 0 11.925177000000005 0 223061 0.056299999999999996 0.00006976744186043549
1645240802338 0 11.918644 0 143385 0.0387 0.00006976744186043549
1645240806263 0 11.914331000000004 0 117021 0.032600000000000004 0.00006976744186043549
1645240810615 0 11.654970000000006 0 83595 0.0256 0.00006976744186043549
1645240814434 0 11.650101000000006 0 68011 0.0219 0.00006976744186043549
1645240818402 0 11.892475000000005 0 134264 0.0368 0.00006976744186043549
1645240822318 0 11.888216999999997 0 113722 0.032100000000000004 0.00006976744186043549
1645240826266 0 11.878579000000002 0 122694 0.034499999999999996 0.00006976744186043549
1645240830416 0 11.874832999999995 0 215146 0.0546 0.00006976744186043549
1645240834560 0 11.610917 0 213339 0.0543 0.00006976744186043549
1645240838629 0 11.603978000000012 0 176949 0.0463 0.00006976744186043549
1645240842661 0 11.590372000000002 0 158356 0.0427 0.00006976744186043549
1645240846316 0 11.833487999999988 0 219852 0.054700000000000006 0.00006976744186043549
1645240850434 0 11.825119999999998 0 196864 0.0511 0.00006976744186043549
1645240854380 0 11.818619000000012 0 116610 0.0339 0.00006976744186043549
1645240858301 0 11.794135000000011 0 107223 0.0308 0.00006976744186043549
1645240862615 0 11.538872999999995 0 64332 0.0216 0.00006976744186043549
1645240866495 0 11.78371899999999 0 88753 0.027000000000000003 0.00006976744186043549
1645240870512 0 11.775825999999995 0 153489 0.041299999999999996 0.00006976744186043549
1645240874413 0 11.770126000000005 0 101805 0.030199999999999998 0.00006976744186043549
1645240878498 0 11.759564000000012 0 186822 0.049 0.00006976744186043549
1645240882611 0 11.504138000000012 0 200149 0.0516 0.00006976744186043549
1645240886257 0 11.995001000000002 0 215305 0.054900000000000004 0.00006976744186043549
1645240890212 0 11.991507000000013 0 128759 0.0358 0.00006976744186043549
1645240894324 0 11.735484000000014 0 199367 0.0507 0.00006976744186043549
1645240898491 0 11.725764999999996 0 220759 0.0573 0.00006976744186043549
1645240902497 0 11.713736000000011 0 149511 0.039900000000000005 0.00006976744186043549
1645240906441 0 11.710496000000006 0 118879 0.034100000000000005 0.00006976744186043549
1645240910302 0 11.95709500000001 0 85418 0.0261 0.00006976744186043549
1645240914120 0 11.948091000000005 0 68807 0.0224 0.00006976744186043549
1645240918593 0 11.689191999999991 0 132565 0.0371 0.00006976744186043549
1645240922527 0 11.679205999999994 0 117262 0.033800000000000004 0.00006976744186043549
1645240926455 0 11.672856999999993 0 116418 0.0333 0.00006976744186043549
1645240930624 0 11.662903999999997 0 223024 0.0566 0.00006976744186043549
1645240934275 0 11.901308999999998 0 214538 0.055400000000000005 0.00006976744186043549
1645240938355 0 11.893888000000004 0 178191 0.0477 0.00006976744186043549
1645240942383 0 11.887803999999988 0 161454 0.0432 0.00006976744186043549
1645240946514 0 11.626641000000006 0 212225 0.0538 0.00006976744186043549
1645240950622 0 11.622841999999991 0 195858 0.0512 0.00006976744186043549
1645240954558 0 11.613943000000006 0 119665 0.0334 0.00006976744186043549
1645240958475 0 11.609414000000015 0 108667 0.0322 0.00006976744186043549
1645240962294 0 11.857070000000022 0 64782 0.022 0.00006976744186043549
1645240966662 0 11.596623000000022 0 87523 0.0263 0.00006976744186043549
1645240970674 0 11.59077400000001 0 155607 0.0416 0.00006976744186043549
1645240974575 0 11.580907000000025 0 100404 0.0299 0.00006976744186043549
1645240978653 0 11.576380000000029 0 183614 0.047599999999999996 0.00006976744186043549
1645240982262 0 11.81902500000001 0 197686 0.0511 0.00006976744186043549
1645240986409 0 11.80653000000001 0 217520 0.055400000000000005 0.00006976744186043549
1645240990375 0 11.796170000000018 0 132353 0.0361 0.00006976744186043549
1645240994496 0 11.790888999999993 0 199853 0.0517 0.00006976744186043549
1645240998661 0 11.530132999999978 0 225614 0.0571 0.00006976744186043549
1645241002661 0 11.525740999999982 0 150477 0.0405 0.00006976744186043549
1645241006593 0 11.504159000000016 0 117995 0.033 0.00006976744186043549
1645241010451 0 11.745341999999994 0 86503 0.0261 0.00006976744186043549
1645241014277 0 11.991960000000006 0 67335 0.0225 0.00006976744186043549
1645241018243 0 11.980182000000013 0 132169 0.036699999999999997 0.00006976744186043549
1645241022181 0 11.974784 0 118800 0.033800000000000004 0.00006976744186043549
1645241026112 0 11.966809000000012 0 116618 0.0329 0.00006976744186043549
1645241030274 0 11.961643999999978 0 222296 0.056100000000000004 0.00006976744186043549

