1645231549104 1 3.999999 1552 346799 0.1427 -6.6735999999999995
1645231552421 3 4.727332 0 755039 0.306 0.000174418604651283
1645231555968 3 5.181303000000001 0 835161 0.34409999999999996 0.00043023255813956496
1645231559810 3 5.338017000000001 0 908792 0.3741 0.00043023255813956496
1645231563239 3 5.9121749999999995 0 804438 0.3318 0.00043023255813956496
1645231566763 3 6.387435 0 828659 0.3412 0.00043023255813956496
1645231570898 3 6.262307999999997 0 937332 0.40049999999999997 0.00043023255813956496
1645231574207 3 6.942861000000001 0 776416 0.3203 0.00043023255813956496
1645231578557 3 6.594085000000003 0 1025687 0.4227 0.00043023255813956496
1645231582034 3 7.1186190000000025 0 815426 0.3361 0.00043023255813956496
1645231585797 3 7.646941000000005 0 884625 0.3644 0.00043023255813956496
1645231589638 3 7.803819000000004 0 904952 0.37320000000000003 0.00043023255813956496
1645231593678 3 7.764482000000001 0 954418 0.3936 0.00043023255813956496
1645231597547 3 7.896281999999999 0 910446 0.3751 0.00043023255813956496
1645231601454 3 7.988531999999999 0 922454 0.3798 0.00043023255813956496
1645231605449 3 7.991804999999999 0 942842 0.3891 0.00043023255813956496
1645231609202 3 8.243418000000005 0 884128 0.3635 0.00043023255813956496
1645231612725 3 8.71667 0 828263 0.341 0.00043023255813956496
1645231616866 3 8.575266999999997 0 981175 0.40359999999999996 0.00043023255813956496
1645231620849 3 8.593353000000008 0 939007 0.3868 0.00043023255813956496
1645231624431 3 9.010629000000009 0 841370 0.34750000000000003 0.00043023255813956496
1645231628438 3 9.008096000000009 0 947658 0.3901 0.00043023255813956496
1645231631946 3 9.495126999999997 0 828958 0.3411 0.00043023255813956496
1645231636091 3 9.361514999999997 0 977791 0.4034 0.00043023255813956496
1645231639678 3 9.764761000000007 0 847215 0.348 0.00043023255813956496
1645231643811 3 9.630009999999999 0 978032 0.4029 0.00043023255813956496
1645231647774 3 9.675903000000005 0 934237 0.3848 0.00043023255813956496
1645231651555 3 9.894182 0 889600 0.3673 0.00043023255813956496
1645231655735 3 9.709441999999996 0 988774 0.4077 0.00043023255813956496
1645231659198 3 10.243719999999996 0 808061 0.3335 0.00043023255813956496
1645231663406 3 10.035679000000002 0 995677 0.4103 0.00043023255813956496
1645231667342 3 10.099129000000005 0 924757 0.38029999999999997 0.00043023255813956496
1645231670789 3 10.651921999999999 0 808228 0.3331 0.00043023255813956496
1645231675071 3 10.370952000000003 0 1014212 0.4181 0.00043023255813956496
1645231678656 3 10.790254000000004 0 845218 0.348 0.00043023255813956496
1645231682512 3 10.929124999999999 0 910767 0.3751 0.00043023255813956496
1645231686325 3 11.117221 0 901777 0.3706 0.00043023255813956496
1645231690411 3 11.030322000000012 0 967347 0.3984 0.00043023255813956496
1645231694365 3 11.076307000000014 0 935273 0.3854 0.00043023255813956496
1645231698246 3 11.195436999999998 0 916928 0.3781 0.00043023255813956496
1645231702229 3 11.213528999999994 0 940743 0.38780000000000003 0.00043023255813956496
1645231705955 3 11.492668000000009 0 877888 0.3621 0.00043023255813956496
1645231709520 3 11.921851000000004 0 839766 0.34540000000000004 0.00043023255813956496
1645231713656 3 11.793226000000004 0 976062 0.4023 0.00043023255813956496
1645231717721 3 11.722054000000014 0 958353 0.396 0.00043023255813956496
1645231721763 3 11.862975000000006 0 836268 0.3447 0.00043023255813956496
1645231725863 3 11.578923000000003 0 968967 0.39990000000000003 0.00043023255813956496
1645231729872 3 11.594825000000014 0 825839 0.3402 0.00043023255813956496
1645231733986 3 11.458911999999998 0 974212 0.40170000000000006 0.00043023255813956496
1645231737657 3 11.783946000000014 0 867483 0.3572 0.00043023255813956496
1645231741834 3 11.612266000000005 0 987232 0.40679999999999994 0.00043023255813956496
1645231745739 3 11.70213799999999 0 921956 0.38029999999999997 0.00043023255813956496
1645231749609 3 11.833612000000016 0 913803 0.3765 0.00043023255813956496
1645231753661 3 11.780664999999999 0 958215 0.3947 0.00043023255813956496
1645231757693 3 11.774276000000015 0 832934 0.3433 0.00043023255813956496
1645231761945 3 11.49865299999999 0 1005593 0.41459999999999997 0.00043023255813956496
1645231765908 3 11.534120999999999 0 935985 0.386 0.00043023255813956496
1645231769810 3 11.745811000000003 0 802415 0.3307 0.00043023255813956496
1645231774023 3 11.418284 0 999009 0.4117 0.00043023255813956496
1645231777704 3 11.737335000000002 0 869418 0.35760000000000003 0.00043023255813956496
1645231781500 3 11.944175000000001 0 897686 0.36970000000000003 0.00043023255813956496
1645231785553 3 11.888396999999998 0 960141 0.3955 0.00043023255813956496
1645231789921 3 11.699000000000012 0 914618 0.3765 0.00043023255813956496
1645231793934 3 11.512381000000005 0 949031 0.3912 0.00043023255813956496
1645231797818 3 11.622743000000014 0 919929 0.3787 0.00043023255813956496
1645231801750 3 11.692149999999998 0 930570 0.3834 0.00043023255813956496
1645231805542 3 11.900472999999977 0 894188 0.3684 0.00043023255813956496
1645231809581 3 11.909964000000002 0 835562 0.3444 0.00043023255813956496
1645231813747 3 11.695339999999987 0 986170 0.40679999999999994 0.00043023255813956496
1645231817788 3 11.653771000000006 0 955812 0.3947 0.00043023255813956496
1645231821837 3 11.635073999999975 0 837688 0.3452 0.00043023255813956496
1645231825949 3 11.499235999999996 0 972932 0.40090000000000003 0.00043023255813956496
1645231829882 3 11.619816000000014 0 807690 0.3326 0.00043023255813956496
1645231833963 3 11.48003 0 968173 0.3986 0.00043023255813956496
1645231837654 3 11.787838000000022 0 872734 0.359 0.00043023255813956496
1645231841846 3 11.595559999999978 0 991679 0.40919999999999995 0.00043023255813956496
1645231845776 3 11.666993999999988 0 930061 0.3832 0.00043023255813956496
1645231849524 3 11.917648999999983 0 884740 0.3648 0.00043023255813956496
1645231853637 3 11.816733999999997 0 968599 0.39990000000000003 0.00043023255813956496
1645231857731 3 11.814684 0 848189 0.3488 0.00043023255813956496
1645231861907 3 11.534448999999995 0 989262 0.4077 0.00043023255813956496
1645231865840 3 11.601252999999986 0 929927 0.38330000000000003 0.00043023255813956496
1645231869937 3 11.543191999999976 0 845977 0.3487 0.00043023255813956496
1645231874208 3 11.236908000000028 0 1009703 0.4163 0.00043023255813956496

