1645246023170 1 3.999999 1380 346799 0.1265 -5.934
1645246026129 3 5.055318 0 755039 0.2754 0.000174418604651283
1645246029280 3 5.9081090000000005 0 835161 0.3048 0.00043023255813956496
1645246032704 3 6.481656000000001 0 908792 0.33130000000000004 0.00043023255813956496
1645246035736 3 7.449076 0 804438 0.2931 0.00043023255813956496
1645246038863 3 8.324241999999998 0 828659 0.3023 0.00043023255813956496
1645246042383 3 8.803450999999999 0 937332 0.34209999999999996 0.00043023255813956496
1645246045309 3 9.876925 0 776416 0.28300000000000003 0.00043023255813956496
1645246049156 3 10.028966000000004 0 1025687 0.3748 0.00043023255813956496
1645246052233 3 10.954326000000002 0 815426 0.29769999999999996 0.00043023255813956496
1645246058238 3 8.946777000000004 0 884625 0.5901 0.00043023255813956496
1645246060653 2 10.531192000000004 0 575427 0.21339999999999998 0.00043023255813956496
1645246063871 2 11.531760000000006 0 582800 0.2118 0.00027906976744174194
1645246067719 2 11.523904000000002 0 619183 0.22490000000000002 0.00027906976744174194
1645246071481 2 11.764436000000003 0 592095 0.21600000000000003 0.00027906976744174194
1645246075729 2 11.507668000000002 0 588643 0.2141 0.00027906976744174194
1645246079555 3 11.750957 0 884128 0.3226 0.000279069767441964
1645246083672 3 11.746165000000005 0 828263 0.3025 0.00043023255813956496
1645246087351 3 11.834662000000009 0 981175 0.358 0.00043023255813956496
1645246091383 3 11.977967000000007 0 939007 0.3424 0.00043023255813956496
1645246095551 3 11.716870999999998 0 841370 0.30710000000000004 0.00043023255813956496
1645246099647 3 11.705753999999999 0 947658 0.3498 0.00043023255813956496
1645246105553 3 9.632129000000006 0 828958 0.5809 0.00043023255813956496
1645246108191 2 10.995863999999997 0 656205 0.2434 0.00043023255813956496
1645246111674 2 11.684010999999998 0 516287 0.188 0.00027906976744174194
1645246115606 2 11.676478000000003 0 627180 0.22759999999999997 0.00027906976744174194
1645246119406 2 11.916706000000005 0 603841 0.21989999999999998 0.00027906976744174194
1645246123667 2 11.659014999999997 0 582703 0.2124 0.00027906976744174194
1645246127383 3 11.800896000000009 0 988774 0.3612 0.000279069767441964
1645246131433 3 11.893276999999998 0 808061 0.2944 0.00043023255813956496
1645246135662 3 11.636009000000001 0 995677 0.3625 0.00043023255813956496
1645246141816 3 9.36868100000001 0 924757 0.6057 0.00043023255813956496
1645246143998 2 11.186861000000007 0 533736 0.1982 0.00043023255813956496
1645246147506 2 11.865788000000009 0 661250 0.2407 0.00027906976744174194
1645246151603 2 11.60421500000001 0 547682 0.1996 0.00027906976744174194
1645246155386 2 11.844999999999999 0 594286 0.2183 0.00027906976744174194
1645246159682 2 11.588198000000006 0 599508 0.219 0.00027906976744174194
1645246163315 3 11.869569000000013 0 967347 0.353 0.000279069767441964
1645246167836 3 11.566721999999999 0 935273 0.3417 0.00043023255813956496
1645246171289 3 11.896992000000012 0 916928 0.33540000000000003 0.00043023255813956496
1645246175816 3 11.548321000000016 0 940743 0.3433 0.00043023255813956496
1645246179616 3 11.787047000000001 0 877888 0.3203 0.00043023255813956496
1645246183786 3 11.529381 0 839766 0.3069 0.00043023255813956496
1645246187449 3 11.73603399999999 0 976062 0.3564 0.00043023255813956496
1645246191609 3 11.766553000000016 0 958353 0.3556 0.00043023255813956496
1645246195762 3 11.504831999999993 0 836268 0.3049 0.00043023255813956496
1645246199397 3 11.786901999999998 0 968967 0.35419999999999996 0.00043023255813956496
1645246203517 3 11.737968999999993 0 825839 0.30169999999999997 0.00043023255813956496
1645246207668 3 11.72820999999999 0 974212 0.3552 0.00043023255813956496
1645246211431 3 11.972599000000002 0 867483 0.3167 0.00043023255813956496
1645246215630 3 11.711045000000013 0 987232 0.36019999999999996 0.00043023255813956496
1645246219586 3 11.697021000000007 0 921956 0.3362 0.00043023255813956496
1645246223514 3 11.687727999999993 0 913803 0.3332 0.00043023255813956496
1645246227611 3 11.679119000000014 0 958215 0.3498 0.00043023255813956496
1645246231749 3 11.446533000000017 0 832934 0.3041 0.00043023255813956496
1645246235519 3 11.665415999999993 0 1005593 0.367 0.00043023255813956496
1645246239532 3 11.655344000000014 0 935985 0.34140000000000004 0.00043023255813956496
1645246243558 3 11.648247999999995 0 802415 0.2925 0.00043023255813956496
1645246247311 3 11.873221000000001 0 999009 0.3651 0.00043023255813956496
1645246251582 3 11.624743999999993 0 869418 0.317 0.00043023255813956496
1645246255466 3 11.871039999999994 0 897686 0.32799999999999996 0.00043023255813956496
1645246259583 3 11.610173000000003 0 960141 0.3513 0.00043023255813956496
1645246263524 3 11.84990400000001 0 914618 0.3337 0.00043023255813956496
1645246267592 3 11.815795000000008 0 949031 0.3465 0.00043023255813956496
1645246271548 3 11.823159000000004 0 919929 0.3357 0.00043023255813956496
1645246275546 3 11.814138000000014 0 930570 0.3402 0.00043023255813956496
1645246279407 3 11.800918000000024 0 894188 0.3257 0.00043023255813956496
1645246283561 3 11.791886999999974 0 835562 0.3053 0.00043023255813956496
1645246287259 3 11.924718999999982 0 986170 0.35960000000000003 0.00043023255813956496
1645246291853 3 11.393667999999991 0 955812 0.3492 0.00043023255813956496
1645246295508 3 11.77231999999998 0 837688 0.3056 0.00043023255813956496
1645246299661 3 11.758872999999994 0 972932 0.356 0.00043023255813956496
1645246303705 3 11.504028000000005 0 807690 0.2942 0.00043023255813956496
1645246307345 3 11.839750999999978 0 968173 0.3533 0.00043023255813956496
1645246311639 3 11.737572 0 872734 0.318 0.00043023255813956496
1645246315362 3 11.822699 0 991679 0.36219999999999997 0.00043023255813956496
1645246319363 3 11.972752000000014 0 930061 0.3404 0.00043023255813956496
1645246323691 3 11.714103000000023 0 884740 0.3227 0.00043023255813956496
1645246327324 3 11.861128000000008 0 968599 0.3534 0.00043023255813956496
1645246331522 3 11.696505000000002 0 848189 0.3095 0.00043023255813956496
1645246335238 3 11.948795000000018 0 989262 0.36110000000000003 0.00043023255813956496
1645246339279 3 11.919373000000007 0 929927 0.3398 0.00043023255813956496
1645246343474 3 11.908626000000027 0 845977 0.30910000000000004 0.00043023255813956496
1645246347256 3 11.928219000000013 0 1009703 0.368 0.00043023255813956496
1645246351508 3 11.877280999999982 0 861836 0.3129 0.00043023255813956496

