1645241429522 1 3.999999 1398 346799 0.1293 -6.0114
1645241432534 3 4.996204 0 755039 0.2815 0.000174418604651283
1645241435746 3 5.781581000000001 0 835161 0.311 0.00043023255813956496
1645241439238 3 6.291422000000001 0 908792 0.3388 0.00043023255813956496
1645241442339 3 7.189473 0 804438 0.3 0.00043023255813956496
1645241445540 3 7.9900839999999995 0 828659 0.3093 0.00043023255813956496
1645241449141 3 8.387819999999998 0 937332 0.3499 0.00043023255813956496
1645241452137 3 9.392765999999998 0 776416 0.28969999999999996 0.00043023255813956496
1645241456069 3 9.459627000000001 0 1025687 0.3825 0.00043023255813956496
1645241459208 3 10.322133000000001 0 815426 0.3045 0.00043023255813956496
1645241462606 3 10.921936000000002 0 884625 0.3298 0.00043023255813956496
1645241466085 3 11.443727000000003 0 904952 0.3377 0.00043023255813956496
1645241469741 3 11.789459 0 954418 0.35609999999999997 0.00043023255813956496
1645241473737 3 11.808186 0 910446 0.3397 0.00043023255813956496
1645241477786 3 11.800779000000006 0 922454 0.3444 0.00043023255813956496
1645241481910 3 11.789648 0 942842 0.35150000000000003 0.00043023255813956496
1645241485813 3 11.783781000000005 0 884128 0.3302 0.00043023255813956496
1645241490000 3 11.773674 0 828263 0.3094 0.00043023255813956496
1645241493750 3 11.778683999999998 0 981175 0.3655 0.00043023255813956496
1645241497849 3 11.759540999999999 0 939007 0.3497 0.00043023255813956496
1645241502105 3 11.502905999999996 0 841370 0.3145 0.00043023255813956496
1645241505745 3 11.787222999999997 0 947658 0.3533 0.00043023255813956496
1645241509944 3 11.732953000000009 0 828958 0.309 0.00043023255813956496
1645241513692 3 11.839049000000003 0 977791 0.365 0.00043023255813956496
1645241517952 3 11.718772999999999 0 847215 0.3161 0.00043023255813956496
1645241521698 3 11.831164999999999 0 978032 0.3649 0.00043023255813956496
1645241525788 3 11.950423 0 934237 0.3488 0.00043023255813956496
1645241529708 3 11.937758000000002 0 889600 0.3316 0.00043023255813956496
1645241534010 3 11.632728 0 988774 0.36960000000000004 0.00043023255813956496
1645241538124 3 11.625914000000009 0 808061 0.3016 0.00043023255813956496
1645241541934 3 11.592595000000003 0 995677 0.37170000000000003 0.00043023255813956496
1645241545981 3 11.608839000000003 0 924757 0.34500000000000003 0.00043023255813956496
1645241550097 3 11.600322000000006 0 808228 0.3015 0.00043023255813956496
1645241553982 3 11.546755000000005 0 1014212 0.37839999999999996 0.00043023255813956496
1645241557729 3 11.83270300000001 0 845218 0.3148 0.00043023255813956496
1645241561751 3 11.826460999999995 0 910767 0.34009999999999996 0.00043023255813956496
1645241565716 3 11.816209000000015 0 901777 0.3359 0.00043023255813956496
1645241569928 3 11.807902000000013 0 967347 0.361 0.00043023255813956496
1645241574022 3 11.533934000000016 0 935273 0.3491 0.00043023255813956496
1645241577541 3 11.987034999999992 0 916928 0.34209999999999996 0.00043023255813956496
1645241582147 3 11.520748999999995 0 940743 0.3507 0.00043023255813956496
1645241585529 3 11.998622000000012 0 877888 0.32789999999999997 0.00043023255813956496
1645241589767 3 11.997916000000004 0 839766 0.3135 0.00043023255813956496
1645241594011 3 11.704880000000003 0 976062 0.3638 0.00043023255813956496
1645241597687 3 11.842558999999994 0 958353 0.3579 0.00043023255813956496
1645241603614 3 9.915561999999994 0 836268 0.5822 0.00043023255813956496
1645241606340 2 11.189364000000012 0 640678 0.2426 0.00043023255813956496
1645241609933 2 11.701538999999997 0 535087 0.1988 0.00027906976744174194
1645241613934 2 11.692372000000006 0 645101 0.2398 0.00027906976744174194
1645241618065 2 11.683357999999998 0 542740 0.20259999999999997 0.00027906976744174194
1645241622049 2 11.672619999999995 0 635250 0.2374 0.00027906976744174194
1645241625615 3 11.912769999999995 0 921956 0.34500000000000003 0.000279069767441964
1645241629629 3 11.901190000000014 0 913803 0.3412 0.00043023255813956496
1645241633798 3 11.892441999999988 0 958215 0.35710000000000003 0.00043023255813956496
1645241639689 3 9.840649000000013 0 832934 0.5791999999999999 0.00043023255813956496
1645241642350 2 11.178413000000006 0 652691 0.2465 0.00043023255813956496
1645241645729 2 11.871888000000013 0 609815 0.2278 0.00027906976744174194
1645241649858 2 11.865196999999995 0 544612 0.20270000000000002 0.00027906976744174194
1645241653832 2 11.85829799999999 0 632508 0.2367 0.00027906976744174194
1645241658108 2 11.597668999999996 0 583029 0.2171 0.00027906976744174194
1645241661559 3 11.971261999999996 0 897686 0.335 0.000279069767441964
1645241665733 3 11.82847799999999 0 960141 0.3581 0.00043023255813956496
1645241669751 3 11.819525999999996 0 914618 0.3416 0.00043023255813956496
1645241673900 3 11.79389599999999 0 949031 0.3538 0.00043023255813956496
1645241680131 3 9.398975000000007 0 919929 0.6128 0.00043023255813956496
1645241682577 2 10.955382000000014 0 593343 0.2245 0.00043023255813956496
1645241685871 2 11.786335000000008 0 587405 0.219 0.00027906976744174194
1645241689877 2 11.781055999999978 0 509910 0.19019999999999998 0.00027906976744174194
1645241693832 2 11.764535000000024 0 624112 0.23359999999999997 0.00027906976744174194
1645241697790 2 11.75682999999998 0 631553 0.23559999999999998 0.00027906976744174194
1645241702010 3 11.750220000000013 0 837688 0.31179999999999997 0.000279069767441964
1645241705746 3 11.78385800000001 0 972932 0.363 0.00043023255813956496
1645241709863 3 11.730491000000029 0 807690 0.3013 0.00043023255813956496
1645241715327 3 10.201688999999988 0 968173 0.5362 0.00043023255813956496
1645241718812 3 10.717429999999979 0 872734 0.3292 0.00043023255813956496
1645241722616 3 10.913695000000018 0 991679 0.37 0.00043023255813956496
1645241726179 3 11.34874400000001 0 930061 0.3459 0.00043023255813956496
1645241729577 3 11.951240999999982 0 884740 0.3294 0.00043023255813956496
1645241733797 3 11.917680000000018 0 968599 0.3614 0.00043023255813956496
1645241738060 3 11.657481000000018 0 848189 0.3162 0.00043023255813956496
1645241741858 3 11.671064999999999 0 989262 0.36960000000000004 0.00043023255813956496
1645241745931 3 11.63969000000003 0 929927 0.3473 0.00043023255813956496
1645241749684 3 11.88488000000001 0 845977 0.3155 0.00043023255813956496
1645241753546 3 11.981853999999998 0 1009703 0.3766 0.00043023255813956496
1645241757870 3 11.867652000000021 0 861836 0.3217 0.00043023255813956496

