1645248122037 1 3.999999 1999 346799 0.18919999999999998 -8.595699999999999
1645248123397 0 6.652625 0 213385 0.1163 0.00017441860465117198
1645248124280 0 9.780598000000001 0 141806 0.0779 0.00006976744186043549
1645248126493 0 11.745429000000001 0 112578 0.0608 0.00006976744186043549
1645248130538 0 11.724893 0 80671 0.0436 0.00006976744186043549
1645248134535 0 11.719221999999998 0 68729 0.039400000000000004 0.00006976744186043549
1645248138412 0 11.715118 0 137895 0.0774 0.00006976744186043549
1645248142164 0 11.961483999999999 0 114138 0.0641 0.00006976744186043549
1645248146467 0 11.705822000000001 0 126013 0.06989999999999999 0.00006976744186043549
1645248150270 0 11.949581000000002 0 217236 0.1202 0.00006976744186043549
1645248154573 0 11.692289000000002 0 219398 0.11939999999999999 0.00006976744186043549
1645248158149 0 11.933910000000004 0 177648 0.0973 0.00006976744186043549
1645248162161 0 11.926848 0 166856 0.0907 0.00006976744186043549
1645248166496 0 11.663866000000006 0 223685 0.1226 0.00006976744186043549
1645248170231 0 11.901811000000002 0 206455 0.1129 0.00006976744186043549
1645248174503 0 11.646924000000006 0 121534 0.0664 0.00006976744186043549
1645248178185 0 11.886861000000003 0 105092 0.0578 0.00006976744186043549
1645248182647 0 11.629477000000001 0 63086 0.0354 0.00006976744186043549
1645248186245 0 11.868198000000007 0 87739 0.049 0.00006976744186043549
1645248190193 0 11.862369000000001 0 152905 0.08399999999999999 0.00006976744186043549
1645248194359 0 11.855936999999997 0 100587 0.05500000000000001 0.00006976744186043549
1645248198482 0 11.596647000000004 0 186001 0.10200000000000001 0.00006976744186043549
1645248202691 0 11.589405 0 201620 0.1103 0.00006976744186043549
1645248206503 0 11.583691000000002 0 218012 0.1202 0.00006976744186043549
1645248210285 0 11.826402999999999 0 123058 0.06760000000000001 0.00006976744186043549
1645248214493 0 11.565804999999997 0 198856 0.1096 0.00006976744186043549
1645248218331 0 11.804381000000006 0 223061 0.1227 0.00006976744186043549
1645248222718 0 11.548737000000003 0 143385 0.0782 0.00006976744186043549
1645248226462 0 11.790414999999996 0 117021 0.0645 0.00006976744186043549
1645248230517 0 11.780348000000004 0 83595 0.0453 0.00006976744186043549
1645248234502 0 11.767868000000007 0 68011 0.0386 0.00006976744186043549
1645248238349 0 11.760765000000006 0 134264 0.0742 0.00006976744186043549
1645248242576 0 11.502207999999996 0 113722 0.0626 0.00006976744186043549
1645248246359 0 11.744078000000002 0 122694 0.0674 0.00006976744186043549
1645248250149 0 11.989261999999997 0 215146 0.1187 0.00006976744186043549
1645248254423 0 11.734812000000005 0 213339 0.11710000000000001 0.00006976744186043549
1645248258510 0 11.729963999999995 0 176949 0.0972 0.00006976744186043549
1645248262486 0 11.723228000000006 0 158356 0.0875 0.00006976744186043549
1645248266290 0 11.969557000000009 0 219852 0.1203 0.00006976744186043549
1645248270473 0 11.710515000000015 0 196864 0.10769999999999999 0.00006976744186043549
1645248274207 0 11.953696000000008 0 116610 0.0634 0.00006976744186043549
1645248278412 0 11.696252000000015 0 107223 0.059199999999999996 0.00006976744186043549
1645248282376 0 11.688803000000007 0 64332 0.035199999999999995 0.00006976744186043549
1645248286472 0 11.681145000000015 0 88753 0.0491 0.00006976744186043549
1645248290438 0 11.673393000000004 0 153489 0.0858 0.00006976744186043549
1645248294596 0 11.664929 0 101805 0.05600000000000001 0.00006976744186043549
1645248298229 0 11.904880999999989 0 186822 0.1031 0.00006976744186043549
1645248302432 0 11.638621999999998 0 200149 0.10980000000000001 0.00006976744186043549
1645248306221 0 11.881113 0 215305 0.1186 0.00006976744186043549
1645248310538 0 11.619529 0 128759 0.0708 0.00006976744186043549
1645248314239 0 11.856892000000016 0 199367 0.10940000000000001 0.00006976744186043549
1645248318547 0 11.598446999999993 0 220759 0.1202 0.00006976744186043549
1645248322458 0 11.84097700000001 0 149511 0.08149999999999999 0.00006976744186043549
1645248326711 0 11.583522000000016 0 118879 0.0653 0.00006976744186043549
1645248330283 0 11.827802999999989 0 85418 0.0474 0.00006976744186043549
1645248334261 0 11.820087999999998 0 68807 0.0371 0.00006976744186043549
1645248338605 0 11.558596999999992 0 132565 0.0733 0.00006976744186043549
1645248342369 0 11.80354299999999 0 117262 0.06570000000000001 0.00006976744186043549
1645248346615 0 11.546231000000006 0 116418 0.0638 0.00006976744186043549
1645248350441 0 11.786374999999992 0 223024 0.12279999999999999 0.00006976744186043549
1645248354774 0 11.52600799999999 0 214538 0.12179999999999999 0.00006976744186043549
1645248358357 0 11.767446000000007 0 178191 0.0978 0.00006976744186043549
1645248362342 0 11.759979000000016 0 161454 0.0877 0.00006976744186043549
1645248366618 0 11.501065000000011 0 212225 0.11679999999999999 0.00006976744186043549
1645248370308 0 11.744924999999995 0 195858 0.10840000000000001 0.00006976744186043549
1645248374562 0 11.73748900000001 0 119665 0.06520000000000001 0.00006976744186043549
1645248378291 0 11.95800700000001 0 108667 0.05789999999999999 0.00006976744186043549
1645248382246 0 11.951441999999986 0 64782 0.0348 0.00006976744186043549
1645248386336 0 11.939561000000026 0 87523 0.048799999999999996 0.00006976744186043549
1645248390302 0 11.933945999999992 0 155607 0.0858 0.00006976744186043549
1645248394466 0 11.675978999999984 0 100404 0.05600000000000001 0.00006976744186043549
1645248398590 0 11.670514000000026 0 183614 0.101 0.00006976744186043549
1645248402283 0 11.913783000000024 0 197686 0.10869999999999999 0.00006976744186043549
1645248406572 0 11.657017999999994 0 217520 0.1187 0.00006976744186043549
1645248410389 0 11.901702999999998 0 132353 0.0716 0.00006976744186043549
1645248414604 0 11.643992000000026 0 199853 0.11080000000000001 0.00006976744186043549
1645248418456 0 11.638115000000028 0 225614 0.124 0.00006976744186043549
1645248422383 0 11.881857000000025 0 150477 0.0823 0.00006976744186043549
1645248426625 0 11.62700799999999 0 117995 0.06420000000000001 0.00006976744186043549
1645248430207 0 11.866107 0 86503 0.0477 0.00006976744186043549
1645248434674 0 11.604847000000007 0 67335 0.037 0.00006976744186043549
1645248438505 0 11.59424899999999 0 132169 0.0725 0.00006976744186043549
1645248442277 0 11.834028999999987 0 118800 0.06670000000000001 0.00006976744186043549
1645248446527 0 11.574525999999992 0 116618 0.06420000000000001 0.00006976744186043549

