1645229433558 1 3.999999 4841 346799 0.47300000000000003 -20.8163
1645229437518 0 4.489666 428 213385 0.2899 -1.8402255813953485
1645229439588 0 6.418554 0 141806 0.1918 0.00006976744186043549
1645229441245 0 8.76106 0 112578 0.1505 0.00006976744186043549
1645229442445 0 11.561200999999999 0 80671 0.10900000000000001 0.00006976744186043549
1645229446521 0 11.628172 0 68729 0.0936 0.00006976744186043549
1645229450551 0 11.618405 0 137895 0.1897 0.00006976744186043549
1645229454258 0 11.858283999999998 0 114138 0.157 0.00006976744186043549
1645229458621 0 11.602027000000003 0 126013 0.1722 0.00006976744186043549
1645229462216 0 11.846565000000002 0 217236 0.2965 0.00006976744186043549
1645229466363 0 11.836303000000001 0 219398 0.3009 0.00006976744186043549
1645229470414 0 11.825749000000002 0 177648 0.24220000000000003 0.00006976744186043549
1645229474314 0 11.794730000000001 0 166856 0.2266 0.00006976744186043549
1645229478501 0 11.530079 0 223685 0.3052 0.00006976744186043549
1645229482446 0 11.772015000000003 0 206455 0.2812 0.00006976744186043549
1645229486741 0 11.508267000000004 0 121534 0.1655 0.00006976744186043549
1645229490271 0 11.736047 0 105092 0.14179999999999998 0.00006976744186043549
1645229494258 0 11.979549000000006 0 63086 0.0849 0.00006976744186043549
1645229498073 0 11.969806000000005 0 87739 0.11979999999999999 0.00006976744186043549
1645229502284 0 11.957622 0 152905 0.2069 0.00006976744186043549
1645229506271 0 11.935715000000002 0 100587 0.135 0.00006976744186043549
1645229510438 0 11.675171000000006 0 186001 0.255 0.00006976744186043549
1645229514321 0 11.913429000000008 0 201620 0.2772 0.00006976744186043549
1645229518442 0 11.654083999999997 0 218012 0.2987 0.00006976744186043549
1645229522272 0 11.890738999999996 0 123058 0.1698 0.00006976744186043549
1645229526614 0 11.634659999999997 0 198856 0.27 0.00006976744186043549
1645229530278 0 11.857562999999999 0 223061 0.3052 0.00006976744186043549
1645229534371 0 11.845084 0 143385 0.1958 0.00006976744186043549
1645229538582 0 11.587533000000008 0 117021 0.1591 0.00006976744186043549
1645229542328 0 11.829969000000006 0 83595 0.11299999999999999 0.00006976744186043549
1645229546381 0 11.819381000000007 0 68011 0.0935 0.00006976744186043549
1645229550327 0 11.809717000000006 0 134264 0.18309999999999998 0.00006976744186043549
1645229554497 0 11.549076 0 113722 0.15489999999999998 0.00006976744186043549
1645229558266 0 11.792747000000006 0 122694 0.1658 0.00006976744186043549
1645229562324 0 11.784887999999995 0 215146 0.2923 0.00006976744186043549
1645229566384 0 11.777965999999992 0 213339 0.2923 0.00006976744186043549
1645229570413 0 11.771479999999997 0 176949 0.23959999999999998 0.00006976744186043549
1645229574680 0 11.513234000000011 0 158356 0.21509999999999999 0.00006976744186043549
1645229578302 0 11.75507300000001 0 219852 0.3008 0.00006976744186043549
1645229582116 0 11.999015000000014 0 196864 0.2682 0.00006976744186043549
1645229586342 0 11.741828999999996 0 116610 0.1591 0.00006976744186043549
1645229590444 0 11.731804000000011 0 107223 0.146 0.00006976744186043549
1645229594453 0 11.720494000000002 0 64332 0.0871 0.00006976744186043549
1645229598288 0 11.965092999999996 0 88753 0.1196 0.00006976744186043549
1645229602536 0 11.68310600000001 0 153489 0.20939999999999998 0.00006976744186043549
1645229606534 0 11.672039000000012 0 101805 0.1373 0.00006976744186043549
1645229610241 0 11.908862 0 186822 0.257 0.00006976744186043549
1645229614125 0 11.900662000000011 0 200149 0.2745 0.00006976744186043549
1645229618174 0 11.88826499999999 0 215305 0.2922 0.00006976744186043549
1645229622579 0 11.630986000000007 0 128759 0.1767 0.00006976744186043549
1645229626413 0 11.621580999999992 0 199367 0.2702 0.00006976744186043549
1645229630540 0 11.612026000000014 0 220759 0.3008 0.00006976744186043549
1645229634216 0 11.848996999999997 0 149511 0.2048 0.00006976744186043549
1645229638470 0 11.58666500000001 0 118879 0.1635 0.00006976744186043549
1645229642262 0 11.818161000000003 0 85418 0.11539999999999999 0.00006976744186043549
1645229646338 0 11.812848000000002 0 68807 0.0938 0.00006976744186043549
1645229650259 0 11.800547999999992 0 132565 0.1809 0.00006976744186043549
1645229654471 0 11.539952 0 117262 0.1593 0.00006976744186043549
1645229658700 0 11.530856999999997 0 116418 0.1585 0.00006976744186043549
1645229662385 0 11.76957999999999 0 223024 0.3052 0.00006976744186043549
1645229666463 0 11.761833999999993 0 214538 0.2942 0.00006976744186043549
1645229670536 0 11.50057000000001 0 178191 0.24380000000000002 0.00006976744186043549
1645229674371 0 11.743787999999995 0 161454 0.22010000000000002 0.00006976744186043549
1645229678407 0 11.733249999999998 0 212225 0.28969999999999996 0.00006976744186043549
1645229682203 0 11.972988000000015 0 195858 0.266 0.00006976744186043549
1645229686474 0 11.708908000000008 0 119665 0.1635 0.00006976744186043549
1645229690086 0 11.952027999999984 0 108667 0.148 0.00006976744186043549
1645229694078 0 11.94000299999999 0 64782 0.0869 0.00006976744186043549
1645229698390 0 11.672176999999976 0 87523 0.11750000000000001 0.00006976744186043549
1645229702127 0 11.909967999999992 0 155607 0.21139999999999998 0.00006976744186043549
1645229706138 0 11.901084000000026 0 100404 0.1376 0.00006976744186043549
1645229710278 0 11.892897000000005 0 183614 0.2502 0.00006976744186043549
1645229714573 0 11.632137 0 197686 0.268 0.00006976744186043549
1645229718149 0 11.872079999999983 0 217520 0.2963 0.00006976744186043549
1645229722592 0 11.61354399999999 0 132353 0.181 0.00006976744186043549
1645229726431 0 11.60447499999998 0 199853 0.27240000000000003 0.00006976744186043549
1645229730616 0 11.598332000000028 0 225614 0.3075 0.00006976744186043549
1645229734322 0 11.839405999999997 0 150477 0.2068 0.00006976744186043549
1645229738550 0 11.582254999999975 0 117995 0.1612 0.00006976744186043549
1645229742321 0 11.824484999999981 0 86503 0.1156 0.00006976744186043549
1645229746373 0 11.815656999999987 0 67335 0.0915 0.00006976744186043549
1645229750299 0 11.806128999999999 0 132169 0.181 0.00006976744186043549

