1645253776507 1 3.999999 1887 346799 0.1777 -8.114099999999999
1645253777800 0 6.715668 0 213385 0.1095 0.00017441860465117198
1645253778625 0 9.89282 0 141806 0.073 0.00006976744186043549
1645253780795 0 11.881720000000001 0 112578 0.0571 0.00006976744186043549
1645253784811 0 11.869845999999999 0 80671 0.0409 0.00006976744186043549
1645253788776 0 11.859094999999998 0 68729 0.0361 0.00006976744186043549
1645253793101 0 11.605072999999997 0 137895 0.07189999999999999 0.00006976744186043549
1645253796808 0 11.848088 0 114138 0.0602 0.00006976744186043549
1645253801078 0 11.585224000000004 0 126013 0.066 0.00006976744186043549
1645253804810 0 11.826841000000002 0 217236 0.1129 0.00006976744186043549
1645253809047 0 11.570867 0 219398 0.11339999999999999 0.00006976744186043549
1645253813064 0 11.564869000000002 0 177648 0.09190000000000001 0.00006976744186043549
1645253817032 0 11.554457 0 166856 0.0867 0.00006976744186043549
1645253820795 0 11.797927000000001 0 223685 0.1159 0.00006976744186043549
1645253824955 0 11.789818000000004 0 206455 0.1058 0.00006976744186043549
1645253829189 0 11.534321000000006 0 121534 0.0632 0.00006976744186043549
1645253832834 0 11.775424000000001 0 105092 0.0548 0.00006976744186043549
1645253836764 0 11.770617000000001 0 63086 0.0333 0.00006976744186043549
1645253840829 0 11.762417 0 87739 0.045700000000000005 0.00006976744186043549
1645253845226 0 11.506914000000009 0 152905 0.0791 0.00006976744186043549
1645253848852 0 11.749571000000003 0 100587 0.0523 0.00006976744186043549
1645253852917 0 11.737611999999999 0 186001 0.0965 0.00006976744186043549
1645253856561 0 11.979757000000006 0 201620 0.1044 0.00006976744186043549
1645253860788 0 11.970527000000004 0 218012 0.1123 0.00006976744186043549
1645253864528 0 11.990971000000002 0 123058 0.0639 0.00006976744186043549
1645253868661 0 11.951836 0 198856 0.1028 0.00006976744186043549
1645253872959 0 11.687358000000003 0 223061 0.11510000000000001 0.00006976744186043549
1645253876807 0 11.930470999999997 0 143385 0.0748 0.00006976744186043549
1645253881016 0 11.673502 0 117021 0.0606 0.00006976744186043549
1645253885050 0 11.666567999999998 0 83595 0.0433 0.00006976744186043549
1645253889018 0 11.661218000000005 0 68011 0.0371 0.00006976744186043549
1645253892814 0 11.905499000000006 0 134264 0.0693 0.00006976744186043549
1645253897008 0 11.650306999999998 0 113722 0.059399999999999994 0.00006976744186043549
1645253900741 0 11.893186999999998 0 122694 0.0637 0.00006976744186043549
1645253904959 0 11.630358999999999 0 215146 0.1115 0.00006976744186043549
1645253908667 0 11.875999000000007 0 213339 0.11040000000000001 0.00006976744186043549
1645253912675 0 11.872178999999988 0 176949 0.0905 0.00006976744186043549
1645253917107 0 11.617401999999998 0 158356 0.08209999999999999 0.00006976744186043549
1645253920848 0 11.856257 0 219852 0.1143 0.00006976744186043549
1645253924959 0 11.598829999999992 0 196864 0.10129999999999999 0.00006976744186043549
1645253929171 0 11.593279999999993 0 116610 0.061 0.00006976744186043549
1645253932839 0 11.831374000000011 0 107223 0.056499999999999995 0.00006976744186043549
1645253936791 0 11.82470699999999 0 64332 0.0348 0.00006976744186043549
1645253940871 0 11.818511999999998 0 88753 0.0458 0.00006976744186043549
1645253944773 0 11.812928 0 153489 0.08030000000000001 0.00006976744186043549
1645253948919 0 11.80839499999999 0 101805 0.0541 0.00006976744186043549
1645253953001 0 11.547683000000006 0 186822 0.098 0.00006976744186043549
1645253957137 0 11.536659000000014 0 200149 0.1038 0.00006976744186043549
1645253960850 0 11.777496000000014 0 215305 0.11120000000000001 0.00006976744186043549
1645253965121 0 11.522366000000005 0 128759 0.0665 0.00006976744186043549
1645253969252 0 11.51422199999999 0 199367 0.10269999999999999 0.00006976744186043549
1645253972996 0 11.75123400000001 0 220759 0.1142 0.00006976744186043549
1645253976859 0 11.747002000000009 0 149511 0.0765 0.00006976744186043549
1645253980595 0 11.991038000000003 0 118879 0.0624 0.00006976744186043549
1645253984648 0 11.979217000000006 0 85418 0.0449 0.00006976744186043549
1645253988624 0 11.971817000000016 0 68807 0.037 0.00006976744186043549
1645253992919 0 11.710768000000002 0 132565 0.06870000000000001 0.00006976744186043549
1645253996643 0 11.953915999999992 0 117262 0.0618 0.00006976744186043549
1645254000844 0 11.695807000000002 0 116418 0.0602 0.00006976744186043549
1645254004608 0 11.937139000000002 0 223024 0.1159 0.00006976744186043549
1645254008801 0 11.927020999999996 0 214538 0.10969999999999999 0.00006976744186043549
1645254012817 0 11.912822000000006 0 178191 0.091 0.00006976744186043549
1645254016769 0 11.902548999999993 0 161454 0.0848 0.00006976744186043549
1645254020971 0 11.645882 0 212225 0.10980000000000001 0.00006976744186043549
1645254025085 0 11.63560799999999 0 195858 0.1016 0.00006976744186043549
1645254028816 0 11.878779000000009 0 119665 0.0633 0.00006976744186043549
1645254032981 0 11.61373100000003 0 108667 0.056299999999999996 0.00006976744186043549
1645254036920 0 11.608345999999983 0 64782 0.034300000000000004 0.00006976744186043549
1645254040994 0 11.599330000000009 0 87523 0.0463 0.00006976744186043549
1645254044903 0 11.830066999999985 0 155607 0.081 0.00006976744186043549
1645254049040 0 11.577081000000021 0 100404 0.0528 0.00006976744186043549
1645254053094 0 11.56815499999999 0 183614 0.09509999999999999 0.00006976744186043549
1645254056712 0 11.809302000000002 0 197686 0.10189999999999999 0.00006976744186043549
1645254060936 0 11.801113999999984 0 217520 0.1125 0.00006976744186043549
1645254065219 0 11.546524999999974 0 132353 0.068 0.00006976744186043549
1645254068862 0 11.780146000000002 0 199853 0.1035 0.00006976744186043549
1645254073115 0 11.522740999999996 0 225614 0.1153 0.00006976744186043549
1645254076985 0 11.764777999999978 0 150477 0.077 0.00006976744186043549
1645254081200 0 11.505130000000008 0 117995 0.0612 0.00006976744186043549
1645254085256 0 11.49907300000001 0 86503 0.0446 0.00006976744186043549
1645254088713 0 11.991694999999993 0 67335 0.0355 0.00006976744186043549
1645254093005 0 11.733220000000017 0 132169 0.06870000000000001 0.00006976744186043549
1645254096741 0 11.977435000000014 0 118800 0.0625 0.00006976744186043549
1645254100950 0 11.718240999999978 0 116618 0.059899999999999995 0.00006976744186043549

