1645233341558 1 3.999999 1455 346799 0.1351 -6.2565
1645233343994 1 5.569682 0 363755 0.14150000000000001 0.00017441860465117198
1645233345547 1 8.018972000000002 0 362842 0.1409 0.00017441860465117198
1645233347180 1 10.391102 0 384791 0.1504 0.00017441860465117198
1645233350169 1 11.562714 0 339137 0.1323 0.00017441860465117198
1645233353832 1 11.800533 0 393219 0.1535 0.00017441860465117198
1645233358071 1 11.542033999999997 0 406206 0.1583 0.00017441860465117198
1645233361886 1 11.786787 0 303135 0.11910000000000001 0.00017441860465117198
1645233366141 1 11.531483000000001 0 414092 0.162 0.00017441860465117198
1645233370081 1 11.524973000000003 0 337705 0.13169999999999998 0.00017441860465117198
1645233374154 1 11.519215000000003 0 366374 0.1433 0.00017441860465117198
1645233378154 1 11.514438000000006 0 352030 0.1376 0.00017441860465117198
1645233382226 1 11.506153000000005 0 371605 0.145 0.00017441860465117198
1645233385857 1 11.750122000000005 0 385670 0.15089999999999998 0.00017441860465117198
1645233389941 1 11.744006000000006 0 374050 0.1462 0.00017441860465117198
1645233393994 1 11.733856000000003 0 367058 0.14350000000000002 0.00017441860465117198
1645233397598 1 11.976654000000003 0 377983 0.1481 0.00017441860465117198
1645233401991 1 11.718061000000006 0 326924 0.1271 0.00017441860465117198
1645233405631 1 11.957920999999999 0 388939 0.152 0.00017441860465117198
1645233409797 1 11.953664000000003 0 392939 0.15360000000000001 0.00017441860465117198
1645233413838 1 11.946610000000007 0 362131 0.1416 0.00017441860465117198
1645233418030 1 11.686602000000008 0 402712 0.157 0.00017441860465117198
1645233421937 1 11.675269 0 327400 0.1274 0.00017441860465117198
1645233426130 1 11.666723000000005 0 401133 0.1575 0.00017441860465117198
1645233429998 1 11.640414000000007 0 317452 0.124 0.00017441860465117198
1645233434146 1 11.636260000000007 0 391753 0.1526 0.00017441860465117198
1645233437778 1 11.869257000000005 0 384934 0.15009999999999998 0.00017441860465117198
1645233441843 1 11.861558000000002 0 367179 0.1433 0.00017441860465117198
1645233445986 1 11.606319 0 387965 0.1513 0.00017441860465117198
1645233449903 1 11.846151000000006 0 333821 0.1299 0.00017441860465117198
1645233454063 1 11.585006000000007 0 394452 0.1545 0.00017441860465117198
1645233457785 1 11.82678 0 409513 0.1595 0.00017441860465117198
1645233462105 1 11.570874000000003 0 307174 0.1199 0.00017441860465117198
1645233465861 1 11.815112 0 420407 0.1637 0.00017441860465117198
1645233469820 1 11.808771000000007 0 340231 0.13369999999999999 0.00017441860465117198
1645233473902 1 11.796037000000013 0 374730 0.14579999999999999 0.00017441860465117198
1645233477903 1 11.790269999999992 0 353022 0.1376 0.00017441860465117198
1645233482063 1 11.535029000000009 0 393253 0.15389999999999998 0.00017441860465117198
1645233486122 1 11.527125000000012 0 368813 0.1441 0.00017441860465117198
1645233490194 1 11.518383999999998 0 372578 0.1453 0.00017441860465117198
1645233494276 1 11.509330000000006 0 374507 0.1464 0.00017441860465117198
1645233497843 1 11.75564 0 372824 0.14550000000000002 0.00017441860465117198
1645233501748 1 11.999043999999998 0 326437 0.1273 0.00017441860465117198
1645233505875 1 11.743612000000013 0 383127 0.1499 0.00017441860465117198
1645233510076 1 11.729726999999997 0 400632 0.1562 0.00017441860465117198
1645233514035 1 11.706632000000013 0 342596 0.1339 0.00017441860465117198
1645233517741 1 11.949048000000005 0 407655 0.1588 0.00017441860465117198
1645233521684 1 11.941991000000002 0 337450 0.13169999999999998 0.00017441860465117198
1645233525888 1 11.685097000000013 0 404220 0.1583 0.00017441860465117198
1645233530136 0 11.67729 0 128759 0.0509 0.00017441860465117198
1645233534026 0 11.656499999999994 0 199367 0.0771 0.00006976744186043549
1645233538030 0 11.645110000000017 0 220759 0.0889 0.00006976744186043549
1645233541759 0 11.888689 0 149511 0.0611 0.00006976744186043549
1645233545874 0 11.881156000000004 0 118879 0.0496 0.00006976744186043549
1645233549860 0 11.875506000000001 0 85418 0.0366 0.00006976744186043549
1645233553818 0 11.86628300000001 0 68807 0.0298 0.00006976744186043549
1645233557981 0 11.607596000000001 0 132565 0.054000000000000006 0.00006976744186043549
1645233562089 0 11.600121999999999 0 117262 0.0484 0.00006976744186043549
1645233566205 0 11.591894999999994 0 116418 0.0482 0.00006976744186043549
1645233570235 0 11.570332000000008 0 223024 0.0906 0.00006976744186043549
1645233574240 0 11.53435300000001 0 214538 0.087 0.00006976744186043549
1645233578088 0 11.530239999999992 0 178191 0.0728 0.00006976744186043549
1645233581858 0 11.773168999999996 0 161454 0.06570000000000001 0.00006976744186043549
1645233585837 0 11.763261 0 212225 0.0858 0.00006976744186043549
1645233590259 0 11.509602000000001 0 195858 0.07880000000000001 0.00006976744186043549
1645233593878 0 11.756060999999988 0 119665 0.0494 0.00006976744186043549
1645233597956 0 11.749276000000009 0 108667 0.0453 0.00006976744186043549
1645233601858 0 11.742464999999982 0 64782 0.0279 0.00006976744186043549
1645233605868 0 11.735885999999994 0 87523 0.0372 0.00006976744186043549
1645233609620 0 11.977058999999997 0 155607 0.0637 0.00006976744186043549
1645233613669 0 11.964646000000016 0 100404 0.041499999999999995 0.00006976744186043549
1645233618032 0 11.710493999999983 0 183614 0.0746 0.00006976744186043549
1645233621951 0 11.70592499999998 0 197686 0.07980000000000001 0.00006976744186043549
1645233625944 0 11.693449999999984 0 217520 0.088 0.00006976744186043549
1645233630110 0 11.687093000000004 0 132353 0.0548 0.00006976744186043549
1645233634043 0 11.672145999999998 0 199853 0.0814 0.00006976744186043549
1645233638067 0 11.663768000000005 0 225614 0.091 0.00006976744186043549
1645233641852 0 11.909880999999984 0 150477 0.0626 0.00006976744186043549
1645233645965 0 11.655333999999982 0 117995 0.0485 0.00006976744186043549
1645233649943 0 11.650936000000002 0 86503 0.036 0.00006976744186043549
1645233653860 0 11.893034999999998 0 67335 0.029199999999999997 0.00006976744186043549
1645233658057 0 11.634530999999981 0 132169 0.054400000000000004 0.00006976744186043549
1645233662193 0 11.62508200000002 0 118800 0.0499 0.00006976744186043549
1645233665811 0 11.819847999999979 0 116618 0.048299999999999996 0.00006976744186043549

