1645253224479 1 3.999999 812 346799 0.07039999999999999 -3.4916
1645253225322 1 7.205251 0 363755 0.0741 0.00017441860465117198
1645253226163 1 10.362960000000001 0 362842 0.0732 0.00017441860465117198
1645253229047 1 11.610485 0 384791 0.0784 0.00017441860465117198
1645253232885 3 11.856891999999998 0 804438 0.16419999999999998 0.000174418604651283
1645253236678 3 11.848600999999999 0 828659 0.16899999999999998 0.00043023255813956496
1645253240701 3 11.843405 0 937332 0.1923 0.00043023255813956496
1645253244887 3 11.833580999999999 0 776416 0.15860000000000002 0.00043023255813956496
1645253249103 3 11.574555000000004 0 1025687 0.2091 0.00043023255813956496
1645253252864 3 11.818747000000002 0 815426 0.1663 0.00043023255813956496
1645253256769 3 11.808049000000004 0 884625 0.1805 0.00043023255813956496
1645253261221 3 11.545361 0 904952 0.185 0.00043023255813956496
1645253264766 3 11.791316000000002 0 954418 0.195 0.00043023255813956496
1645253269218 3 11.536966 0 910446 0.1854 0.00043023255813956496
1645253273202 3 11.531737 0 922454 0.1886 0.00043023255813956496
1645253277222 3 11.525965 0 942842 0.1923 0.00043023255813956496
1645253281126 3 11.518987000000003 0 884128 0.1802 0.00043023255813956496
1645253284920 3 11.763946000000004 0 828263 0.1691 0.00043023255813956496
1645253289028 3 11.510260000000002 0 981175 0.2001 0.00043023255813956496
1645253293039 3 11.504452 0 939007 0.1913 0.00043023255813956496
1645253296852 3 11.741133000000005 0 841370 0.17170000000000002 0.00043023255813956496
1645253300883 3 11.733770000000007 0 947658 0.1931 0.00043023255813956496
1645253304673 3 11.974496000000002 0 828958 0.1691 0.00043023255813956496
1645253308766 3 11.968889000000004 0 977791 0.1996 0.00043023255813956496
1645253312597 3 11.962888000000007 0 847215 0.1729 0.00043023255813956496
1645253316691 3 11.950873000000001 0 978032 0.1992 0.00043023255813956496
1645253320716 3 11.943581000000009 0 934237 0.1907 0.00043023255813956496
1645253324629 3 11.93439500000001 0 889600 0.1814 0.00043023255813956496
1645253328746 3 11.926876000000007 0 988774 0.2016 0.00043023255813956496
1645253332997 3 11.667051 0 808061 0.1644 0.00043023255813956496
1645253336630 3 11.912047000000001 0 995677 0.2037 0.00043023255813956496
1645253341118 3 11.652016000000003 0 924757 0.1886 0.00043023255813956496
1645253344869 3 11.896285000000006 0 808228 0.16499999999999998 0.00043023255813956496
1645253349037 3 11.635121999999996 0 1014212 0.207 0.00043023255813956496
1645253352856 3 11.878016000000002 0 845218 0.17250000000000001 0.00043023255813956496
1645253356814 3 11.86725100000001 0 910767 0.18580000000000002 0.00043023255813956496
1645253360749 3 11.861052 0 901777 0.1836 0.00043023255813956496
1645253364821 3 11.854169000000013 0 967347 0.1973 0.00043023255813956496
1645253368826 3 11.849807999999996 0 935273 0.1911 0.00043023255813956496
1645253372795 3 11.833382 0 916928 0.1872 0.00043023255813956496
1645253376811 3 11.819139000000007 0 940743 0.1914 0.00043023255813956496
1645253381208 3 11.560689999999994 0 877888 0.1793 0.00043023255813956496
1645253385029 3 11.552029000000005 0 839766 0.1718 0.00043023255813956496
1645253389125 3 11.547550000000001 0 976062 0.1982 0.00043023255813956496
1645253393179 3 11.536695000000009 0 958353 0.1955 0.00043023255813956496
1645253396994 3 11.780321000000015 0 836268 0.1703 0.00043023255813956496
1645253401077 3 11.517800999999992 0 968967 0.1981 0.00043023255813956496
1645253404859 3 11.762425000000007 0 825839 0.1683 0.00043023255813956496
1645253408942 3 11.753170000000011 0 974212 0.1984 0.00043023255813956496
1645253412812 3 11.748373000000015 0 867483 0.177 0.00043023255813956496
1645253416940 3 11.740456999999992 0 987232 0.2009 0.00043023255813956496
1645253420919 3 11.733734999999996 0 921956 0.1875 0.00043023255813956496
1645253424878 3 11.721220000000017 0 913803 0.1862 0.00043023255813956496
1645253428931 3 11.712086 0 958215 0.1953 0.00043023255813956496
1645253432733 3 11.936777000000006 0 832934 0.1698 0.00043023255813956496
1645253436890 3 11.666494 0 1005593 0.20539999999999997 0.00043023255813956496
1645253440902 3 11.656053000000014 0 935985 0.1911 0.00043023255813956496
1645253444646 3 11.895868000000007 0 802415 0.16399999999999998 0.00043023255813956496
1645253448791 3 11.87231700000001 0 999009 0.2042 0.00043023255813956496
1645253452669 3 11.869506000000001 0 869418 0.17729999999999999 0.00043023255813956496
1645253457095 3 11.614013 0 897686 0.1833 0.00043023255813956496
1645253461159 3 11.60632799999999 0 960141 0.1963 0.00043023255813956496
1645253465143 3 11.597516000000013 0 914618 0.186 0.00043023255813956496
1645253469174 3 11.58470299999999 0 949031 0.1936 0.00043023255813956496
1645253473145 3 11.574307000000005 0 919929 0.1874 0.00043023255813956496
1645253477140 3 11.564861000000008 0 930570 0.18919999999999998 0.00043023255813956496
1645253481074 3 11.55409400000002 0 894188 0.1814 0.00043023255813956496
1645253484876 3 11.798985000000016 0 835562 0.17070000000000002 0.00043023255813956496
1645253488995 3 11.538133000000016 0 986170 0.2015 0.00043023255813956496
1645253493046 3 11.529584999999997 0 955812 0.19490000000000002 0.00043023255813956496
1645253496856 3 11.772351000000015 0 837688 0.1708 0.00043023255813956496
1645253500943 3 11.763761999999986 0 972932 0.1984 0.00043023255813956496
1645253505188 3 11.499641999999994 0 807690 0.1644 0.00043023255813956496
1645253508758 3 11.989049000000023 0 968173 0.1973 0.00043023255813956496
1645253512641 3 11.981921999999997 0 872734 0.178 0.00043023255813956496
1645253516770 3 11.972744999999975 0 991679 0.2022 0.00043023255813956496
1645253520770 3 11.968529999999987 0 930061 0.189 0.00043023255813956496
1645253524678 3 11.959457999999984 0 884740 0.1803 0.00043023255813956496
1645253528752 3 11.953637000000015 0 968599 0.1974 0.00043023255813956496
1645253532584 3 11.942158000000006 0 848189 0.1728 0.00043023255813956496
1645253536705 3 11.937460999999985 0 989262 0.2017 0.00043023255813956496
1645253540704 3 11.933514000000002 0 929927 0.18939999999999999 0.00043023255813956496
1645253545025 3 11.67137600000001 0 845977 0.1723 0.00043023255813956496
1645253548683 3 11.909238000000016 0 1009703 0.2062 0.00043023255813956496
1645253553042 3 11.654172000000017 0 861836 0.1757 0.00043023255813956496

