1645253793967 1 3.999999 1892 346799 0.1776 -8.1356
1645253796740 2 5.2416540000000005 0 500350 0.2575 0.000174418604651283
1645253799642 2 6.342294000000001 0 545518 0.2799 0.00027906976744174194
1645253802745 2 7.240122000000001 0 584100 0.2996 0.00027906976744174194
1645253805475 2 8.506654 0 512169 0.2629 0.00027906976744174194
1645253808546 2 9.435877999999999 0 578121 0.2967 0.00027906976744174194
1645253811925 2 10.059746 0 636691 0.3272 0.00027906976744174194
1645253814691 2 11.292254 0 519743 0.2662 0.00027906976744174194
1645253818151 2 11.833605000000002 0 653153 0.3355 0.00027906976744174194
1645253822475 2 11.590392000000001 0 531618 0.27280000000000004 0.00027906976744174194
1645253826593 2 11.583942 0 588952 0.3023 0.00027906976744174194
1645253830646 2 11.568470000000005 0 575427 0.2955 0.00027906976744174194
1645253834251 2 11.809070000000006 0 582800 0.3 0.00027906976744174194
1645253838528 2 11.549105000000004 0 619183 0.3175 0.00027906976744174194
1645253842672 2 11.541052 0 592095 0.3044 0.00027906976744174194
1645253846293 2 11.784399 0 588643 0.302 0.00027906976744174194
1645253850495 2 11.523887000000002 0 604781 0.3095 0.00027906976744174194
1645253854692 2 11.512625 0 504428 0.259 0.00027906976744174194
1645253858420 2 11.756102999999996 0 608117 0.3122 0.00027906976744174194
1645253862336 2 11.744799999999998 0 645520 0.3317 0.00027906976744174194
1645253866305 2 11.738461000000001 0 557793 0.2866 0.00027906976744174194
1645253870174 2 11.980715000000004 0 635530 0.3268 0.00027906976744174194
1645253874442 2 11.726507999999995 0 520041 0.2667 0.00027906976744174194
1645253878406 2 11.718287000000004 0 656205 0.337 0.00027906976744174194
1645253882161 2 11.957293000000007 0 516287 0.26549999999999996 0.00027906976744174194
1645253886483 2 11.697699999999998 0 627180 0.3222 0.00027906976744174194
1645253890178 2 11.940426000000002 0 603841 0.3099 0.00027906976744174194
1645253894269 2 11.935652000000005 0 582703 0.29910000000000003 0.00027906976744174194
1645253898082 2 11.925613999999996 0 626605 0.3216 0.00027906976744174194
1645253902428 2 11.670060000000007 0 535113 0.2732 0.00027906976744174194
1645253906307 2 11.913691999999998 0 638212 0.3277 0.00027906976744174194
1645253910557 2 11.657491000000007 0 615017 0.3155 0.00027906976744174194
1645253914390 2 11.646377999999999 0 533736 0.2737 0.00027906976744174194
1645253918387 2 11.636807000000005 0 661250 0.3392 0.00027906976744174194
1645253922306 2 11.878916000000004 0 547682 0.2812 0.00027906976744174194
1645253926459 2 11.619416000000001 0 594286 0.3053 0.00027906976744174194
1645253930132 2 11.86179100000001 0 599508 0.3075 0.00027906976744174194
1645253934304 2 11.851337999999998 0 599347 0.3074 0.00027906976744174194
1645253938548 2 11.587660999999997 0 609977 0.3133 0.00027906976744174194
1645253942252 2 11.82505900000001 0 604926 0.3104 0.00027906976744174194
1645253946410 2 11.814377000000007 0 594986 0.306 0.00027906976744174194
1645253950523 2 11.555498 0 588726 0.3014 0.00027906976744174194
1645253954311 2 11.79570799999999 0 523106 0.269 0.00027906976744174194
1645253958590 2 11.536393000000004 0 618775 0.31789999999999996 0.00027906976744174194
1645253961987 2 11.994683000000009 0 642262 0.32930000000000004 0.00027906976744174194
1645253966435 2 11.769924000000003 0 553119 0.2847 0.00027906976744174194
1645253970333 2 11.760773 0 640678 0.32930000000000004 0.00027906976744174194
1645253974671 2 11.501294999999999 0 535087 0.2742 0.00027906976744174194
1645253978074 2 11.907675000000012 0 645101 0.3308 0.00027906976744174194
1645253982471 2 11.740531000000004 0 542740 0.2793 0.00027906976744174194
1645253986336 2 11.733428000000004 0 635250 0.3261 0.00027906976744174194
1645253990051 2 11.979814000000005 0 607370 0.3114 0.00027906976744174194
1645253994245 2 11.972610000000003 0 601045 0.30910000000000004 0.00027906976744174194
1645253998456 2 11.715868 0 605033 0.3104 0.00027906976744174194
1645254002281 2 11.708065000000005 0 530643 0.2717 0.00027906976744174194
1645254006224 2 11.953812999999997 0 652691 0.3345 0.00027906976744174194
1645254010451 2 11.696595000000002 0 609815 0.3129 0.00027906976744174194
1645254014351 2 11.688507000000016 0 544612 0.27999999999999997 0.00027906976744174194
1645254018185 2 11.927515999999997 0 632508 0.3236 0.00027906976744174194
1645254022283 2 11.920417000000015 0 583029 0.2998 0.00027906976744174194
1645254026507 2 11.662830000000014 0 609324 0.312 0.00027906976744174194
1645254030161 2 11.908187999999996 0 593619 0.3053 0.00027906976744174194
1645254034409 2 11.648915000000017 0 613859 0.3153 0.00027906976744174194
1645254038130 2 11.891008 0 608720 0.3123 0.00027906976744174194
1645254042354 2 11.631267000000008 0 606705 0.3127 0.00027906976744174194
1645254046501 2 11.609729000000016 0 593343 0.3046 0.00027906976744174194
1645254050615 2 11.596859999999992 0 587405 0.3014 0.00027906976744174194
1645254054331 2 11.839372000000026 0 509910 0.2617 0.00027906976744174194
1645254058640 2 11.580777000000012 0 624112 0.32080000000000003 0.00027906976744174194
1645254061983 2 11.997717000000023 0 631553 0.3247 0.00027906976744174194
1645254066446 2 11.564256 0 558385 0.2858 0.00027906976744174194
1645254070349 2 11.808663000000024 0 642127 0.32989999999999997 0.00027906976744174194
1645254074671 2 11.547595999999999 0 530123 0.2721 0.00027906976744174194
1645254078098 2 11.884593999999993 0 646460 0.3325 0.00027906976744174194
1645254082487 2 11.533980999999983 0 544018 0.2783 0.00027906976744174194
1645254086376 2 11.77698300000003 0 639772 0.3286 0.00027906976744174194
1645254090637 2 11.518547000000012 0 616543 0.3161 0.00027906976744174194
1645254094247 2 11.756429000000026 0 585544 0.3004 0.00027906976744174194
1645254098462 2 11.749843999999996 0 607252 0.3116 0.00027906976744174194
1645254102310 2 11.737924000000021 0 534940 0.2741 0.00027906976744174194
1645254106286 2 11.979826000000003 0 638300 0.3277 0.00027906976744174194
1645254110101 2 11.926647000000003 0 626429 0.3129 0.00027906976744174194
1645254114468 2 11.67006200000003 0 538866 0.2768 0.00027906976744174194
1645254118341 2 11.660122999999999 0 636237 0.3271 0.00027906976744174194

