1645228724748 1 3.999999 1165 346799 0.10569999999999999 -5.0095
1645228725978 1 6.787765 0 363755 0.11000000000000001 0.00017441860465117198
1645228727183 1 9.581445 0 362842 0.11080000000000001 0.00017441860465117198
1645228728949 1 11.917793 0 384791 0.11679999999999999 0.00017441860465117198
1645228733102 3 11.905342 0 804438 0.2451 0.000174418604651283
1645228737231 3 11.649087999999999 0 828659 0.2526 0.00043023255813956496
1645228741187 3 11.643441 0 937332 0.28500000000000003 0.00043023255813956496
1645228745179 3 11.632365 0 776416 0.23570000000000002 0.00043023255813956496
1645228748911 3 11.878647 0 1025687 0.3127 0.00043023255813956496
1645228753001 3 11.865380000000002 0 815426 0.24910000000000002 0.00043023255813956496
1645228757302 3 11.608528 0 884625 0.2697 0.00043023255813956496
1645228761174 3 11.837554000000004 0 904952 0.27490000000000003 0.00043023255813956496
1645228765193 3 11.570252000000004 0 954418 0.2906 0.00043023255813956496
1645228771012 3 9.754593 0 910446 0.5715 0.00043023255813956496
1645228773388 1 11.551998000000005 0 374050 0.11810000000000001 0.00043023255813956496
1645228777383 3 11.547734000000005 0 942842 0.2895 0.000174418604651283
1645228781184 3 11.786669000000003 0 884128 0.2694 0.00043023255813956496
1645228785308 3 11.520225000000003 0 828263 0.2519 0.00043023255813956496
1645228789412 3 11.515993000000009 0 981175 0.2987 0.00043023255813956496
1645228793368 3 11.503208999999998 0 939007 0.2855 0.00043023255813956496
1645228797030 3 11.742486999999997 0 841370 0.2562 0.00043023255813956496
1645228801061 3 11.729987000000008 0 947658 0.2894 0.00043023255813956496
1645228805298 3 11.917224000000004 0 828958 0.26230000000000003 0.00043023255813956496
1645228809561 3 11.656348000000008 0 977791 0.303 0.00043023255813956496
1645228813260 3 11.888506000000007 0 847215 0.25870000000000004 0.00043023255813956496
1645228817366 3 11.618244000000004 0 978032 0.2974 0.00043023255813956496
1645228821311 3 11.85329800000001 0 934237 0.2843 0.00043023255813956496
1645228825632 3 11.591541000000007 0 889600 0.27090000000000003 0.00043023255813956496
1645228829249 3 11.833476000000005 0 988774 0.3014 0.00043023255813956496
1645228835047 3 9.935344 0 808061 0.5694 0.00043023255813956496
1645228837498 1 11.546830999999997 0 394452 0.12430000000000001 0.00043023255813956496
1645228841412 3 11.788356000000007 0 924757 0.2802 0.000174418604651283
1645228845480 3 11.531087999999997 0 808228 0.24569999999999997 0.00043023255813956496
1645228849680 3 11.516424 0 1014212 0.30910000000000004 0.00043023255813956496
1645228853352 3 11.755144999999999 0 845218 0.2572 0.00043023255813956496
1645228857225 3 11.993704000000008 0 910767 0.27749999999999997 0.00043023255813956496
1645228861070 3 11.984346000000016 0 901777 0.2742 0.00043023255813956496
1645228865116 3 11.966329000000002 0 967347 0.29460000000000003 0.00043023255813956496
1645228869070 3 11.951060000000012 0 935273 0.28500000000000003 0.00043023255813956496
1645228873469 3 11.687666000000007 0 916928 0.2798 0.00043023255813956496
1645228877433 3 11.67703800000001 0 940743 0.2853 0.00043023255813956496
1645228881205 3 11.920458999999994 0 877888 0.26739999999999997 0.00043023255813956496
1645228887055 3 9.926925000000011 0 839766 0.5747 0.00043023255813956496
1645228889461 1 11.650487999999996 0 383127 0.12 0.00043023255813956496
1645228893482 3 11.640580999999997 0 958353 0.2908 0.000174418604651283
1645228897120 3 11.88194999999999 0 836268 0.25379999999999997 0.00043023255813956496
1645228901180 3 11.871782999999994 0 968967 0.2944 0.00043023255813956496
1645228905294 3 11.863513000000012 0 825839 0.2517 0.00043023255813956496
1645228909357 3 11.852238 0 974212 0.2963 0.00043023255813956496
1645228913603 3 11.586659999999995 0 867483 0.2641 0.00043023255813956496
1645228917210 3 11.827849000000015 0 987232 0.3003 0.00043023255813956496
1645228921613 3 11.568384000000009 0 921956 0.2804 0.00043023255813956496
1645228925501 3 11.559800999999993 0 913803 0.2788 0.00043023255813956496
1645228931752 3 9.229562000000016 0 958215 0.6151 0.00043023255813956496
1645228933007 1 11.974274000000008 0 337939 0.1068 0.00043023255813956496
1645228937672 3 11.52577500000001 0 1005593 0.3064 0.000174418604651283
1645228941668 3 11.515564000000012 0 935985 0.2887 0.00043023255813956496
1645228945705 3 11.508947000000006 0 802415 0.24359999999999998 0.00043023255813956496
1645228949344 3 11.744152000000014 0 999009 0.3039 0.00043023255813956496
1645228953087 3 11.989516000000009 0 869418 0.265 0.00043023255813956496
1645228957423 3 11.730353000000008 0 897686 0.27349999999999997 0.00043023255813956496
1645228961450 3 11.720944000000003 0 960141 0.2928 0.00043023255813956496
1645228965332 3 11.710636999999991 0 914618 0.2783 0.00043023255813956496
1645228969319 3 11.705928999999998 0 949031 0.2892 0.00043023255813956496
1645228975450 3 9.530388000000016 0 919929 0.6038 0.00043023255813956496
1645228977313 1 11.690967999999998 0 368451 0.11610000000000001 0.00043023255813956496
1645228981140 3 11.930243000000019 0 894188 0.2718 0.000174418604651283
1645228985289 3 11.923612999999989 0 835562 0.2544 0.00043023255813956496
1645228989420 3 11.666370000000029 0 986170 0.30310000000000004 0.00043023255813956496
1645228993431 3 11.660567000000015 0 955812 0.2914 0.00043023255813956496
1645228997575 3 11.648712999999987 0 837688 0.25470000000000004 0.00043023255813956496
1645229001139 3 11.891484999999989 0 972932 0.2969 0.00043023255813956496
1645229005193 3 11.881004000000019 0 807690 0.2452 0.00043023255813956496
1645229009238 3 11.875019000000009 0 968173 0.2945 0.00043023255813956496
1645229013493 3 11.617343000000005 0 872734 0.26549999999999996 0.00043023255813956496
1645229017614 3 11.613576000000023 0 991679 0.3026 0.00043023255813956496
1645229021540 3 11.606299999999976 0 930061 0.2831 0.00043023255813956496
1645229025331 3 11.846806000000015 0 884740 0.2697 0.00043023255813956496
1645229029385 3 11.841199000000017 0 968599 0.2955 0.00043023255813956496
1645229033569 3 11.58126500000003 0 848189 0.2581 0.00043023255813956496
1645229039937 3 9.045499000000007 0 989262 0.6264000000000001 0.00043023255813956496
1645229041349 1 11.632082000000025 0 386654 0.12179999999999999 0.00043023255813956496
1645229045550 3 11.56171999999998 0 845977 0.258 0.000174418604651283
1645229049248 3 11.806411000000026 0 1009703 0.3074 0.00043023255813956496

