1645240364311 1 3.999999 1305 346799 0.11939999999999999 -5.6115
1645240367108 3 5.199471 0 755039 0.2595 0.000174418604651283
1645240370107 3 6.220436000000001 0 835161 0.2866 0.00043023255813956496
1645240373329 3 6.982986 0 908792 0.3116 0.00043023255813956496
1645240376193 3 8.120864999999998 0 804438 0.2753 0.00043023255813956496
1645240379145 3 9.161399 0 828659 0.2844 0.00043023255813956496
1645240382460 3 9.84715 0 937332 0.32189999999999996 0.00043023255813956496
1645240385238 3 11.075102999999999 0 776416 0.2667 0.00043023255813956496
1645240388865 3 11.442771000000004 0 1025687 0.3524 0.00043023255813956496
1645240392764 3 11.752028000000003 0 815426 0.2799 0.00043023255813956496
1645240396410 3 11.996134000000005 0 884625 0.3046 0.00043023255813956496
1645240400613 3 11.737672000000003 0 904952 0.31070000000000003 0.00043023255813956496
1645240404491 3 11.978293 0 954418 0.3274 0.00043023255813956496
1645240408716 3 11.722793000000003 0 910446 0.3124 0.00043023255813956496
1645240412490 3 11.957677000000004 0 922454 0.3171 0.00043023255813956496
1645240416831 3 11.698342000000004 0 942842 0.3234 0.00043023255813956496
1645240420469 3 11.941949000000001 0 884128 0.3036 0.00043023255813956496
1645240424412 3 11.932858000000003 0 828263 0.2846 0.00043023255813956496
1645240428880 3 11.676637999999997 0 981175 0.337 0.00043023255813956496
1645240432708 3 11.666826999999998 0 939007 0.3226 0.00043023255813956496
1645240436697 3 11.66014700000001 0 841370 0.2879 0.00043023255813956496
1645240440549 3 11.904155000000003 0 947658 0.3255 0.00043023255813956496
1645240444493 3 11.898206000000002 0 828958 0.2844 0.00043023255813956496
1645240448452 3 11.889465000000001 0 977791 0.33540000000000003 0.00043023255813956496
1645240452464 3 11.882610999999997 0 847215 0.2911 0.00043023255813956496
1645240456922 3 11.626205999999996 0 978032 0.3357 0.00043023255813956496
1645240460729 3 11.613934 0 934237 0.3211 0.00043023255813956496
1645240464887 3 11.608169000000004 0 889600 0.3053 0.00043023255813956496
1645240468386 3 11.925331 0 988774 0.3397 0.00043023255813956496
1645240472763 3 11.584680000000006 0 808061 0.277 0.00043023255813956496
1645240476794 3 11.579754000000008 0 995677 0.3422 0.00043023255813956496
1645240480563 3 11.826081000000002 0 924757 0.3168 0.00043023255813956496
1645240484944 3 11.56821500000001 0 808228 0.2773 0.00043023255813956496
1645240488541 3 11.769310000000004 0 1014212 0.34750000000000003 0.00043023255813956496
1645240492551 3 11.80486400000001 0 845218 0.2908 0.00043023255813956496
1645240496793 3 11.544329000000005 0 910767 0.31320000000000003 0.00043023255813956496
1645240500993 3 11.531856000000005 0 901777 0.30920000000000003 0.00043023255813956496
1645240504430 3 11.87831700000001 0 967347 0.3321 0.00043023255813956496
1645240508747 3 11.763532999999995 0 935273 0.32130000000000003 0.00043023255813956496
1645240512992 3 11.405366000000015 0 916928 0.3141 0.00043023255813956496
1645240516318 3 11.989999000000012 0 940743 0.3224 0.00043023255813956496
1645240520439 3 11.98420200000001 0 877888 0.3016 0.00043023255813956496
1645240524493 3 11.97920400000001 0 839766 0.29369999999999996 0.00043023255813956496
1645240528445 3 11.969909999999999 0 976062 0.3351 0.00043023255813956496
1645240532358 3 11.961806999999993 0 958353 0.32930000000000004 0.00043023255813956496
1645240536828 3 11.700084000000004 0 836268 0.28690000000000004 0.00043023255813956496
1645240540753 3 11.693280000000016 0 968967 0.3332 0.00043023255813956496
1645240544693 3 11.685103999999995 0 825839 0.2835 0.00043023255813956496
1645240548633 3 11.67952600000001 0 974212 0.3335 0.00043023255813956496
1645240552716 3 11.668628000000012 0 867483 0.2983 0.00043023255813956496
1645240556706 3 11.661068999999998 0 987232 0.339 0.00043023255813956496
1645240560466 3 11.903981000000016 0 921956 0.3161 0.00043023255813956496
1645240564706 3 11.647627 0 913803 0.31429999999999997 0.00043023255813956496
1645240568592 3 11.892415999999997 0 958215 0.3288 0.00043023255813956496
1645240572556 3 11.885521000000011 0 832934 0.2862 0.00043023255813956496
1645240576604 3 11.88051999999999 0 1005593 0.34550000000000003 0.00043023255813956496
1645240580923 3 11.619636000000014 0 935985 0.3221 0.00043023255813956496
1645240584785 3 11.611468000000002 0 802415 0.2759 0.00043023255813956496
1645240588317 3 11.989942000000013 0 999009 0.3429 0.00043023255813956496
1645240592909 3 11.580266999999992 0 869418 0.2983 0.00043023255813956496
1645240596596 3 11.81579099999999 0 897686 0.3085 0.00043023255813956496
1645240600512 3 11.805207999999993 0 960141 0.3301 0.00043023255813956496
1645240604750 3 11.798934000000003 0 914618 0.3141 0.00043023255813956496
1645240608606 3 11.791567000000015 0 949031 0.32589999999999997 0.00043023255813956496
1645240612870 3 11.534906000000007 0 919929 0.316 0.00043023255813956496
1645240616656 3 11.772847000000013 0 930570 0.31920000000000004 0.00043023255813956496
1645240620839 3 11.517885999999976 0 894188 0.307 0.00043023255813956496
1645240624807 3 11.506400999999983 0 835562 0.2868 0.00043023255813956496
1645240628789 3 11.74672099999998 0 986170 0.3386 0.00043023255813956496
1645240632662 3 11.734303000000011 0 955812 0.32730000000000004 0.00043023255813956496
1645240636640 3 11.72301600000003 0 837688 0.2871 0.00043023255813956496
1645240640597 3 11.958917999999983 0 972932 0.3343 0.00043023255813956496
1645240644358 3 11.95447999999999 0 807690 0.3165 0.00043023255813956496
1645240648789 3 11.69840499999998 0 968173 0.3324 0.00043023255813956496
1645240652387 3 11.941951000000017 0 872734 0.29969999999999997 0.00043023255813956496
1645240656397 3 11.93666300000001 0 991679 0.3404 0.00043023255813956496
1645240660702 3 11.681314999999984 0 930061 0.3196 0.00043023255813956496
1645240664842 3 11.673166999999978 0 884740 0.30379999999999996 0.00043023255813956496
1645240668771 3 11.669480000000021 0 968599 0.333 0.00043023255813956496
1645240672787 3 11.661581000000012 0 848189 0.2912 0.00043023255813956496
1645240676793 3 11.650320000000022 0 989262 0.34009999999999996 0.00043023255813956496
1645240680589 3 11.889421000000027 0 929927 0.3197 0.00043023255813956496
1645240684598 3 11.884066000000018 0 845977 0.2902 0.00043023255813956496
1645240688666 3 11.831724000000008 0 1009703 0.3464 0.00043023255813956496
1645240692721 3 11.622453000000007 0 861836 0.2958 0.00043023255813956496

