1645245651050 1 3.999999 875 346799 0.0772 -3.7625
1645245652929 3 6.135346999999999 0 755039 0.1676 0.000174418604651283
1645245654889 3 8.176778 0 835161 0.1857 0.00043023255813956496
1645245657018 3 10.047427 0 908792 0.2023 0.00043023255813956496
1645245659413 3 11.864476999999999 0 804438 0.17909999999999998 0.00043023255813956496
1645245663358 3 11.858654 0 828659 0.184 0.00043023255813956496
1645245667551 3 11.597152999999999 0 937332 0.2085 0.00043023255813956496
1645245671391 3 11.837367 0 776416 0.17350000000000002 0.00043023255813956496
1645245675268 3 11.830805000000002 0 1025687 0.22810000000000002 0.00043023255813956496
1645245679685 3 11.573200000000003 0 815426 0.1817 0.00043023255813956496
1645245683252 3 11.816617 0 884625 0.19690000000000002 0.00043023255813956496
1645245687370 3 11.81024 0 904952 0.2015 0.00043023255813956496
1645245691602 3 11.546638000000002 0 954418 0.213 0.00043023255813956496
1645245695731 3 11.542378 0 910446 0.2023 0.00043023255813956496
1645245699383 3 11.779440000000001 0 922454 0.20550000000000002 0.00043023255813956496
1645245703579 3 11.521911000000003 0 942842 0.209 0.00043023255813956496
1645245707647 3 11.513733000000002 0 884128 0.1966 0.00043023255813956496
1645245711593 3 11.504240000000003 0 828263 0.1845 0.00043023255813956496
1645245715373 3 11.74619700000001 0 981175 0.21810000000000002 0.00043023255813956496
1645245719566 3 11.740244000000004 0 939007 0.2089 0.00043023255813956496
1645245723535 3 11.732047000000009 0 841370 0.1867 0.00043023255813956496
1645245727241 3 11.970340000000007 0 947658 0.2105 0.00043023255813956496
1645245731204 3 11.964821999999998 0 828958 0.1842 0.00043023255813956496
1645245735485 3 11.708622000000005 0 977791 0.21789999999999998 0.00043023255813956496
1645245739491 3 11.698938999999996 0 847215 0.1898 0.00043023255813956496
1645245743269 3 11.943416 0 978032 0.2169 0.00043023255813956496
1645245747449 3 11.682765000000003 0 934237 0.2082 0.00043023255813956496
1645245751530 3 11.67639100000001 0 889600 0.19770000000000001 0.00043023255813956496
1645245755330 3 11.914696000000006 0 988774 0.2204 0.00043023255813956496
1645245759231 3 11.90934 0 808061 0.1795 0.00043023255813956496
1645245763548 3 11.651533999999998 0 995677 0.21960000000000002 0.00043023255813956496
1645245767213 3 11.896828 0 924757 0.20590000000000003 0.00043023255813956496
1645245771614 3 11.640571000000008 0 808228 0.1799 0.00043023255813956496
1645245775467 3 11.630243000000007 0 1014212 0.2251 0.00043023255813956496
1645245779451 3 11.61757399999999 0 845218 0.1883 0.00043023255813956496
1645245783586 3 11.609498000000002 0 910767 0.2032 0.00043023255813956496
1645245787696 3 11.597228999999999 0 901777 0.2009 0.00043023255813956496
1645245791452 3 11.836810000000014 0 967347 0.2149 0.00043023255813956496
1645245795642 3 11.580857000000009 0 935273 0.20859999999999998 0.00043023255813956496
1645245799281 3 11.82715300000001 0 916928 0.2042 0.00043023255813956496
1645245803484 3 11.815112 0 940743 0.20939999999999998 0.00043023255813956496
1645245807540 3 11.560591000000016 0 877888 0.1954 0.00043023255813956496
1645245811515 3 11.553509999999989 0 839766 0.1874 0.00043023255813956496
1645245815285 3 11.795356999999996 0 976062 0.2173 0.00043023255813956496
1645245819523 3 11.788151 0 958353 0.2137 0.00043023255813956496
1645245823482 3 11.778164000000004 0 836268 0.1859 0.00043023255813956496
1645245827745 3 11.521900000000016 0 968967 0.21589999999999998 0.00043023255813956496
1645245831678 3 11.515737999999999 0 825839 0.1837 0.00043023255813956496
1645245835444 3 11.755111 0 974212 0.21669999999999998 0.00043023255813956496
1645245839477 3 11.747876999999988 0 867483 0.1935 0.00043023255813956496
1645245843267 3 11.988310000000013 0 987232 0.21960000000000002 0.00043023255813956496
1645245847425 3 11.731256000000002 0 921956 0.20529999999999998 0.00043023255813956496
1645245851554 3 11.721875000000011 0 913803 0.20299999999999999 0.00043023255813956496
1645245855286 3 11.966488999999996 0 958215 0.21309999999999998 0.00043023255813956496
1645245859240 3 11.958688999999993 0 832934 0.1854 0.00043023255813956496
1645245863578 3 11.702052000000009 0 1005593 0.22400000000000003 0.00043023255813956496
1645245867261 3 11.945807000000002 0 935985 0.2081 0.00043023255813956496
1645245871146 3 11.938321000000002 0 802415 0.1777 0.00043023255813956496
1645245875476 3 11.682494999999989 0 999009 0.2226 0.00043023255813956496
1645245879511 3 11.66810799999999 0 869418 0.1936 0.00043023255813956496
1645245883610 3 11.66400200000001 0 897686 0.1996 0.00043023255813956496
1645245887342 3 11.906091000000004 0 960141 0.2133 0.00043023255813956496
1645245891486 3 11.647007000000002 0 914618 0.2037 0.00043023255813956496
1645245895198 3 11.889700000000005 0 949031 0.21150000000000002 0.00043023255813956496
1645245899341 3 11.87297000000001 0 919929 0.20470000000000002 0.00043023255813956496
1645245903511 3 11.615932000000015 0 930570 0.20659999999999998 0.00043023255813956496
1645245907597 3 11.605496000000016 0 894188 0.1986 0.00043023255813956496
1645245911559 3 11.595604999999978 0 835562 0.1857 0.00043023255813956496
1645245915358 3 11.837745999999981 0 986170 0.21949999999999997 0.00043023255813956496
1645245919579 3 11.58244400000001 0 955812 0.21259999999999998 0.00043023255813956496
1645245923539 3 11.573465999999996 0 837688 0.18580000000000002 0.00043023255813956496
1645245927307 3 11.820347000000027 0 972932 0.21669999999999998 0.00043023255813956496
1645245931701 3 11.56591400000002 0 807690 0.1796 0.00043023255813956496
1645245935455 3 11.805975999999987 0 968173 0.2153 0.00043023255813956496
1645245939502 3 11.799946999999975 0 872734 0.1948 0.00043023255813956496
1645245943310 3 11.788368999999989 0 991679 0.221 0.00043023255813956496
1645245947478 3 11.775443999999993 0 930061 0.20729999999999998 0.00043023255813956496
1645245951550 3 11.517689000000018 0 884740 0.1971 0.00043023255813956496
1645245955804 3 11.504407000000015 0 968599 0.2158 0.00043023255813956496
1645245959289 3 11.987297000000012 0 848189 0.1877 0.00043023255813956496
1645245963090 3 11.975070000000017 0 989262 0.2206 0.00043023255813956496
1645245967264 3 11.969083000000012 0 929927 0.20739999999999997 0.00043023255813956496
1645245971246 3 11.958162000000016 0 845977 0.1885 0.00043023255813956496
1645245975603 3 11.704253999999992 0 1009703 0.2251 0.00043023255813956496
1645245979125 3 11.942187999999987 0 861836 0.192 0.00043023255813956496

