1645230152688 1 3.999999 3460 346799 0.3342 -14.878
1645230154960 0 5.738265 0 213385 0.20550000000000002 0.00017441860465117198
1645230156436 0 8.262665 0 141806 0.1367 0.00006976744186043549
1645230157598 0 11.099688 0 112578 0.10629999999999999 0.00006976744186043549
1645230160975 0 11.945621999999998 0 80671 0.0765 0.00006976744186043549
1645230164876 1 11.822456999999998 0 393219 0.3793 0.000069767441860491
1645230168914 1 11.786386 0 406206 0.393 0.00017441860465117198
1645230172940 1 11.922912 0 303135 0.2924 0.00017441860465117198
1645230177040 1 11.658721000000003 0 414092 0.4003 0.00017441860465117198
1645230180913 1 11.908836 0 337705 0.3267 0.00017441860465117198
1645230185054 1 11.890145000000004 0 366374 0.354 0.00017441860465117198
1645230189060 1 11.881230000000002 0 352030 0.34049999999999997 0.00017441860465117198
1645230192743 1 11.953788000000003 0 371605 0.3585 0.00017441860465117198
1645230197072 1 11.859602000000002 0 385670 0.372 0.00017441860465117198
1645230200789 1 11.912060000000004 0 374050 0.36150000000000004 0.00017441860465117198
1645230204934 1 11.841684 0 367058 0.35409999999999997 0.00017441860465117198
1645230209173 1 11.573909 0 377983 0.3645 0.00017441860465117198
1645230212923 1 11.828744 0 326924 0.3148 0.00017441860465117198
1645230216773 1 11.924294000000003 0 388939 0.375 0.00017441860465117198
1645230221176 1 11.564563000000007 0 392939 0.3794 0.00017441860465117198
1645230224783 1 11.914450000000002 0 362131 0.351 0.00017441860465117198
1645230228789 1 11.907750000000007 0 402712 0.39 0.00017441860465117198
1645230233062 1 11.789310999999998 0 327400 0.31629999999999997 0.00017441860465117198
1645230237043 1 11.655968000000001 0 401133 0.3871 0.00017441860465117198
1645230241207 1 11.521749 0 317452 0.3059 0.00017441860465117198
1645230245098 1 11.600717000000003 0 391753 0.3776 0.00017441860465117198
1645230248935 1 11.762499000000005 0 384934 0.3734 0.00017441860465117198
1645230253079 1 11.748889000000005 0 367179 0.353 0.00017441860465117198
1645230256930 1 11.767352000000002 0 387965 0.3749 0.00017441860465117198
1645230260760 1 11.981277000000006 0 333821 0.3226 0.00017441860465117198
1645230265172 1 11.723596 0 394452 0.3811 0.00017441860465117198
1645230269216 1 11.483334999999997 0 409513 0.3944 0.00017441860465117198
1645230272775 1 11.954581000000005 0 307174 0.2956 0.00017441860465117198
1645230276930 1 11.772282000000004 0 420407 0.40490000000000004 0.00017441860465117198
1645230280817 1 11.942338000000007 0 340231 0.32839999999999997 0.00017441860465117198
1645230285032 1 11.680628000000013 0 374730 0.36160000000000003 0.00017441860465117198
1645230289036 1 11.673513000000014 0 353022 0.3403 0.00017441860465117198
1645230292947 1 11.750685000000004 0 393253 0.3796 0.00017441860465117198
1645230297104 1 11.653719999999993 0 368813 0.35550000000000004 0.00017441860465117198
1645230300804 1 11.89425 0 372578 0.3598 0.00017441860465117198
1645230305029 1 11.8921 0 374507 0.3613 0.00017441860465117198
1645230308726 1 11.97219100000001 0 372824 0.3601 0.00017441860465117198
1645230312985 1 11.872986999999995 0 326437 0.31520000000000004 0.00017441860465117198
1645230316779 1 11.919574000000011 0 383127 0.3689 0.00017441860465117198
1645230320755 1 11.943274000000002 0 400632 0.3869 0.00017441860465117198
1645230325164 1 11.590021000000007 0 342596 0.3302 0.00017441860465117198
1645230329201 1 11.497229000000004 0 407655 0.3931 0.00017441860465117198
1645230333066 1 11.821427 0 337450 0.3258 0.00017441860465117198
1645230337063 1 11.634650999999991 0 404220 0.3899 0.00017441860465117198
1645230341375 1 11.554856999999998 0 331794 0.321 0.00017441860465117198
1645230345240 1 11.461824000000007 0 390086 0.3765 0.00017441860465117198
1645230349077 1 11.623558000000003 0 387516 0.3735 0.00017441860465117198
1645230352705 1 11.993034999999992 0 365827 0.3524 0.00017441860465117198
1645230357106 1 11.752057000000008 0 392579 0.3794 0.00017441860465117198
1645230360958 1 11.758731000000012 0 337939 0.32530000000000003 0.00017441860465117198
1645230364993 1 11.704923000000008 0 406896 0.3927 0.00017441860465117198
1645230368857 1 11.83977999999999 0 390582 0.37639999999999996 0.00017441860465117198
1645230373129 1 11.736228000000011 0 328479 0.31789999999999996 0.00017441860465117198
1645230377064 1 11.634046000000012 0 399016 0.38380000000000003 0.00017441860465117198
1645230380754 1 11.944508000000013 0 370990 0.3584 0.00017441860465117198
1645230384948 1 11.954665000000006 0 371149 0.3583 0.00017441860465117198
1645230389143 1 11.574229000000003 0 372261 0.3599 0.00017441860465117198
1645230393059 1 11.638767000000001 0 394237 0.381 0.00017441860465117198
1645230396715 1 11.98304300000001 0 368311 0.3554 0.00017441860465117198
1645230401014 1 11.912695000000014 0 381418 0.3689 0.00017441860465117198
1645230405179 1 11.646291999999988 0 368451 0.35550000000000004 0.00017441860465117198
1645230408880 1 11.818073000000027 0 371908 0.3601 0.00017441860465117198
1645230413159 1 11.628389000000027 0 328352 0.3167 0.00017441860465117198
1645230416925 1 11.773683000000005 0 379027 0.366 0.00017441860465117198
1645230420955 1 11.742066000000023 0 407465 0.3926 0.00017441860465117198
1645230425285 1 11.599104000000011 0 333046 0.3226 0.00017441860465117198
1645230429429 1 11.267870000000016 0 416856 0.40330000000000005 0.00017441860465117198
1645230432759 1 11.93859900000001 0 335171 0.3224 0.00017441860465117198
1645230436738 1 11.960307999999998 0 401613 0.387 0.00017441860465117198
1645230441096 1 11.814657000000011 0 337330 0.3252 0.00017441860465117198
1645230444974 1 11.724830999999995 0 391244 0.37770000000000004 0.00017441860465117198
1645230448824 1 11.874223000000029 0 387864 0.3746 0.00017441860465117198
1645230452938 1 11.782530000000008 0 363813 0.3508 0.00017441860465117198
1645230456826 1 11.872619999999984 0 391839 0.3781 0.00017441860465117198
1645230461183 1 11.761969000000022 0 336898 0.3257 0.00017441860465117198
1645230464979 1 11.718016999999975 0 381135 0.3689 0.00017441860465117198
1645230468816 1 11.88056499999999 0 386654 0.3733 0.00017441860465117198
1645230472771 1 11.994303000000002 0 347396 0.33599999999999997 0.00017441860465117198
1645230477166 1 11.737709999999993 0 392538 0.3796 0.00017441860465117198

