1645251953501 1 3.999999 1457 346799 0.1329 -6.2650999999999994
1645251955846 1 5.664930999999999 0 363755 0.1395 0.00017441860465117198
1645251957352 1 8.163241000000001 0 362842 0.1387 0.00017441860465117198
1645251958943 1 10.568228000000001 0 384791 0.1469 0.00017441860465117198
1645251961864 1 11.864735999999999 0 339137 0.12940000000000002 0.00017441860465117198
1645251965994 1 11.608300999999999 0 393219 0.1508 0.00017441860465117198
1645251969668 1 11.843902 0 406206 0.15560000000000002 0.00017441860465117198
1645251973957 1 11.584816 0 303135 0.1167 0.00017441860465117198
1645251978164 1 11.576376000000003 0 414092 0.159 0.00017441860465117198
1645251982134 1 11.537845 0 337705 0.1305 0.00017441860465117198
1645251986164 1 11.531922000000002 0 366374 0.1406 0.00017441860465117198
1645251990127 1 11.526293000000003 0 352030 0.1348 0.00017441860465117198
1645251994170 1 11.520050000000005 0 371605 0.1421 0.00017441860465117198
1645251997791 1 11.763894 0 385670 0.14730000000000001 0.00017441860465117198
1645252001845 1 11.758600000000001 0 374050 0.14250000000000002 0.00017441860465117198
1645252005869 1 11.750199000000002 0 367058 0.1404 0.00017441860465117198
1645252009931 1 11.743270000000003 0 377983 0.1449 0.00017441860465117198
1645252013803 1 11.735031 0 326924 0.1252 0.00017441860465117198
1645252017913 1 11.729801000000009 0 388939 0.1482 0.00017441860465117198
1645252021593 1 11.964758000000003 0 392939 0.1502 0.00017441860465117198
1645252025622 1 11.953271 0 362131 0.1382 0.00017441860465117198
1645252029849 1 11.67851300000001 0 402712 0.156 0.00017441860465117198
1645252033767 1 11.923821000000004 0 327400 0.1262 0.00017441860465117198
1645252037932 1 11.659954999999997 0 401133 0.1534 0.00017441860465117198
1645252041784 1 11.897131000000002 0 317452 0.121 0.00017441860465117198
1645252045926 1 11.834473000000003 0 391753 0.1498 0.00017441860465117198
1645252049577 1 11.985113999999996 0 384934 0.1471 0.00017441860465117198
1645252053610 1 11.980671999999998 0 367179 0.1403 0.00017441860465117198
1645252057732 1 11.975441000000004 0 387965 0.14930000000000002 0.00017441860465117198
1645252061628 1 11.966107000000008 0 333821 0.1275 0.00017441860465117198
1645252065763 1 11.953899000000007 0 394452 0.15109999999999998 0.00017441860465117198
1645252069948 1 11.697649999999996 0 409513 0.1564 0.00017441860465117198
1645252073763 1 11.942858000000001 0 307174 0.1177 0.00017441860465117198
1645252078012 1 11.679806 0 420407 0.1612 0.00017441860465117198
1645252081949 1 11.675056000000012 0 340231 0.1308 0.00017441860465117198
1645252085999 1 11.66881699999999 0 374730 0.1433 0.00017441860465117198
1645252089996 1 11.664420000000007 0 353022 0.13520000000000001 0.00017441860465117198
1645252093614 1 11.908120999999994 0 393253 0.15 0.00017441860465117198
1645252097629 1 11.898461999999995 0 368813 0.1402 0.00017441860465117198
1645252101694 1 11.893828000000013 0 372578 0.14279999999999998 0.00017441860465117198
1645252105754 1 11.882675000000006 0 374507 0.1434 0.00017441860465117198
1645252109811 1 11.87561500000001 0 372824 0.1427 0.00017441860465117198
1645252113698 1 11.866657000000004 0 326437 0.125 0.00017441860465117198
1645252117783 1 11.860980000000012 0 383127 0.14679999999999999 0.00017441860465117198
1645252122107 1 11.525804999999991 0 400632 0.153 0.00017441860465117198
1645252126044 1 11.519031000000012 0 342596 0.131 0.00017441860465117198
1645252130245 1 11.51040900000001 0 407655 0.1548 0.00017441860465117198
1645252133656 1 11.984136000000007 0 337450 0.1298 0.00017441860465117198
1645252137842 1 11.728065000000015 0 404220 0.155 0.00017441860465117198
1645252141626 0 11.97168099999999 0 128759 0.049 0.00017441860465117198
1645252146003 0 11.71574799999999 0 199367 0.0765 0.00006976744186043549
1645252149993 0 11.710011000000009 0 220759 0.0875 0.00006976744186043549
1645252153730 0 11.95106899999999 0 149511 0.060399999999999995 0.00006976744186043549
1645252157829 0 11.693331999999998 0 118879 0.0485 0.00006976744186043549
1645252161820 0 11.937230999999997 0 85418 0.036 0.00006976744186043549
1645252165735 0 11.903920999999997 0 68807 0.029199999999999997 0.00006976744186043549
1645252169910 0 11.638337000000007 0 132565 0.0536 0.00006976744186043549
1645252174042 0 11.632585000000006 0 117262 0.0486 0.00006976744186043549
1645252177641 0 11.878140000000002 0 116418 0.0474 0.00006976744186043549
1645252181663 0 11.871631000000008 0 223024 0.0887 0.00006976744186043549
1645252186132 0 11.614426000000009 0 214538 0.0851 0.00006976744186043549
1645252189975 0 11.590947999999997 0 178191 0.0713 0.00006976744186043549
1645252193735 0 11.833605000000006 0 161454 0.06420000000000001 0.00006976744186043549
1645252197712 0 11.823587000000003 0 212225 0.0844 0.00006976744186043549
1645252202129 0 11.569601000000006 0 195858 0.0781 0.00006976744186043549
1645252205764 0 11.812060000000002 0 119665 0.048799999999999996 0.00006976744186043549
1645252209846 0 11.803493000000003 0 108667 0.0445 0.00006976744186043549
1645252213795 0 11.790269000000023 0 64782 0.027800000000000002 0.00006976744186043549
1645252217803 0 11.784974999999974 0 87523 0.0371 0.00006976744186043549
1645252222056 0 11.529924999999992 0 155607 0.0623 0.00006976744186043549
1645252226090 0 11.521834000000013 0 100404 0.041499999999999995 0.00006976744186043549
1645252229946 0 11.767611999999986 0 183614 0.07239999999999999 0.00006976744186043549
1645252233863 0 11.758041999999989 0 197686 0.0789 0.00006976744186043549
1645252237858 0 11.754081999999983 0 217520 0.0871 0.00006976744186043549
1645252241530 0 11.996850999999992 0 132353 0.0536 0.00006976744186043549
1645252245952 0 11.738616999999977 0 199853 0.08 0.00006976744186043549
1645252249958 0 11.733334000000013 0 225614 0.089 0.00006976744186043549
1645252253691 0 11.974193000000014 0 150477 0.0613 0.00006976744186043549
1645252257801 0 11.71887700000002 0 117995 0.0479 0.00006976744186043549
1645252261776 0 11.96096399999999 0 86503 0.0358 0.00006976744186043549
1645252265711 0 11.919712000000004 0 67335 0.028599999999999997 0.00006976744186043549
1645252269891 0 11.661322999999982 0 132169 0.053700000000000005 0.00006976744186043549
1645252274018 0 11.653773999999999 0 118800 0.0484 0.00006976744186043549
1645252278117 0 11.64420100000001 0 116618 0.0474 0.00006976744186043549

