1645254133933 1 3.999999 1222 346799 0.11120000000000001 -5.254599999999999
1645254134815 0 7.125004 0 213385 0.06860000000000001 0.00017441860465117198
1645254135373 0 10.568566 0 141806 0.046 0.00006976744186043549
1645254138339 0 11.716329000000002 0 112578 0.0365 0.00006976744186043549
1645254142301 0 11.708722 0 80671 0.0318 0.00006976744186043549
1645254146158 0 11.952461 0 68729 0.0259 0.00006976744186043549
1645254150239 0 11.944972 0 137895 0.0481 0.00006976744186043549
1645254154246 0 11.937781999999999 0 114138 0.0407 0.00006976744186043549
1645254158297 0 11.676644000000003 0 126013 0.0451 0.00006976744186043549
1645254162140 0 11.920441000000004 0 217236 0.0743 0.00006976744186043549
1645254166496 0 11.663799000000004 0 219398 0.0747 0.00006976744186043549
1645254170211 0 11.909349000000006 0 177648 0.061 0.00006976744186043549
1645254174384 0 11.645594000000003 0 166856 0.05739999999999999 0.00006976744186043549
1645254178247 0 11.890533000000005 0 223685 0.076 0.00006976744186043549
1645254182555 0 11.634417 0 206455 0.0705 0.00006976744186043549
1645254186086 0 11.877416000000004 0 121534 0.0435 0.00006976744186043549
1645254190554 0 11.622701 0 105092 0.037 0.00006976744186043549
1645254194397 0 11.614366000000004 0 63086 0.0246 0.00006976744186043549
1645254198317 0 11.858627999999996 0 87739 0.032100000000000004 0.00006976744186043549
1645254202535 0 11.600257999999997 0 152905 0.053000000000000005 0.00006976744186043549
1645254206495 0 11.590801999999996 0 100587 0.0358 0.00006976744186043549
1645254210230 0 11.833717000000007 0 186001 0.0636 0.00006976744186043549
1645254214530 0 11.572716 0 201620 0.0691 0.00006976744186043549
1645254218377 0 11.565038000000001 0 218012 0.074 0.00006976744186043549
1645254222410 0 11.555816000000007 0 123058 0.0434 0.00006976744186043549
1645254226186 0 11.796451000000005 0 198856 0.06770000000000001 0.00006976744186043549
1645254230552 0 11.538200000000003 0 223061 0.0761 0.00006976744186043549
1645254234662 0 11.525269000000009 0 143385 0.0503 0.00006976744186043549
1645254238173 0 11.764775 0 117021 0.041299999999999996 0.00006976744186043549
1645254242574 0 11.503825000000006 0 83595 0.0304 0.00006976744186043549
1645254246435 0 11.749532000000002 0 68011 0.0259 0.00006976744186043549
1645254250009 0 11.994793000000001 0 134264 0.047299999999999995 0.00006976744186043549
1645254254008 0 11.985948000000008 0 113722 0.04 0.00006976744186043549
1645254258039 0 11.977165 0 122694 0.043 0.00006976744186043549
1645254262374 0 11.717543000000006 0 215146 0.07339999999999999 0.00006976744186043549
1645254266197 0 11.959328 0 213339 0.0725 0.00006976744186043549
1645254270407 0 11.699185 0 176949 0.0611 0.00006976744186043549
1645254274098 0 11.943734000000006 0 158356 0.055700000000000006 0.00006976744186043549
1645254278457 0 11.685992999999996 0 219852 0.0753 0.00006976744186043549
1645254282225 0 11.929250999999994 0 196864 0.0673 0.00006976744186043549
1645254286237 0 11.92022399999999 0 116610 0.041499999999999995 0.00006976744186043549
1645254290226 0 11.914751999999993 0 107223 0.0387 0.00006976744186043549
1645254294073 0 11.901996999999994 0 64332 0.0248 0.00006976744186043549
1645254298539 0 11.641072000000008 0 88753 0.033 0.00006976744186043549
1645254302171 0 11.883685000000014 0 153489 0.053700000000000005 0.00006976744186043549
1645254306137 0 11.877838999999994 0 101805 0.0368 0.00006976744186043549
1645254310387 0 11.619741000000005 0 186822 0.0645 0.00006976744186043549
1645254314167 0 11.863241000000016 0 200149 0.0683 0.00006976744186043549
1645254318489 0 11.606210000000004 0 215305 0.0726 0.00006976744186043549
1645254322538 0 11.598824000000008 0 128759 0.0454 0.00006976744186043549
1645254326322 0 11.841730000000013 0 199367 0.0685 0.00006976744186043549
1645254330169 0 11.831400000000002 0 220759 0.075 0.00006976744186043549
1645254334295 0 11.826745000000017 0 149511 0.0524 0.00006976744186043549
1645254338319 0 11.816068000000001 0 118879 0.0426 0.00006976744186043549
1645254342232 0 11.811672000000016 0 85418 0.0315 0.00006976744186043549
1645254346593 0 11.552751999999998 0 68807 0.0256 0.00006976744186043549
1645254350158 0 11.797695000000004 0 132565 0.046200000000000005 0.00006976744186043549
1645254354184 0 11.784939000000008 0 117262 0.0421 0.00006976744186043549
1645254358196 0 11.770736999999997 0 116418 0.041499999999999995 0.00006976744186043549
1645254362562 0 11.51466099999999 0 223024 0.0764 0.00006976744186043549
1645254366388 0 11.717454000000004 0 214538 0.07289999999999999 0.00006976744186043549
1645254370097 0 11.959348000000006 0 178191 0.0612 0.00006976744186043549
1645254374253 0 11.698415000000011 0 161454 0.055900000000000005 0.00006976744186043549
1645254378068 0 11.941062000000016 0 212225 0.0718 0.00006976744186043549
1645254382336 0 11.683707999999996 0 195858 0.067 0.00006976744186043549
1645254386364 0 11.678065000000004 0 119665 0.0427 0.00006976744186043549
1645254390351 0 11.66974399999998 0 108667 0.0392 0.00006976744186043549
1645254394195 0 11.916731000000027 0 64782 0.0249 0.00006976744186043549
1645254398109 0 11.906656999999996 0 87523 0.032 0.00006976744186043549
1645254402250 0 11.900303000000008 0 155607 0.054000000000000006 0.00006976744186043549
1645254406218 0 11.89367500000003 0 100404 0.0368 0.00006976744186043549
1645254410441 0 11.635079000000019 0 183614 0.0624 0.00006976744186043549
1645254414216 0 11.878841000000023 0 197686 0.06760000000000001 0.00006976744186043549
1645254418552 0 11.623208999999974 0 217520 0.0739 0.00006976744186043549
1645254422115 0 11.867725000000007 0 132353 0.0461 0.00006976744186043549
1645254426400 0 11.60927300000003 0 199853 0.068 0.00006976744186043549
1645254430266 0 11.852665000000002 0 225614 0.0765 0.00006976744186043549
1645254434394 0 11.591319999999996 0 150477 0.0523 0.00006976744186043549
1645254438411 0 11.582378000000006 0 117995 0.0423 0.00006976744186043549
1645254442330 0 11.824027000000001 0 86503 0.0316 0.00006976744186043549
1645254446182 0 11.813400000000001 0 67335 0.025 0.00006976744186043549
1645254450246 0 11.802561000000026 0 132169 0.046 0.00006976744186043549
1645254454268 0 11.798113 0 118800 0.0426 0.00006976744186043549
1645254458285 0 11.780009000000007 0 116618 0.0417 0.00006976744186043549
1645254462636 0 11.52182700000003 0 222296 0.0751 0.00006976744186043549

