1645233710528 1 3.999999 792 346799 0.06770000000000001 -3.4055999999999997
1645233711350 1 7.203779 0 363755 0.0636 0.00017441860465117198
1645233712159 1 10.394331000000001 0 362842 0.071 0.00017441860465117198
1645233715011 1 11.787608 0 384791 0.0748 0.00017441860465117198
1645233718781 3 11.778823 0 804438 0.15760000000000002 0.000174418604651283
1645233723031 3 11.770413 0 828659 0.1647 0.00043023255813956496
1645233727000 3 11.764074999999998 0 937332 0.1857 0.00043023255813956496
1645233731138 3 11.50141 0 776416 0.15360000000000001 0.00043023255813956496
1645233734748 3 11.992429000000001 0 1025687 0.20139999999999997 0.00043023255813956496
1645233738945 3 11.733830000000001 0 815426 0.1599 0.00043023255813956496
1645233742778 3 11.973002000000001 0 884625 0.1736 0.00043023255813956496
1645233746651 3 11.952401000000002 0 904952 0.1775 0.00043023255813956496
1645233750633 3 11.940310000000004 0 954418 0.1876 0.00043023255813956496
1645233755015 3 11.680006000000006 0 910446 0.1783 0.00043023255813956496
1645233758928 3 11.668853000000006 0 922454 0.1816 0.00043023255813956496
1645233762879 3 11.907079000000003 0 942842 0.1854 0.00043023255813956496
1645233766709 3 11.899006 0 884128 0.17350000000000002 0.00043023255813956496
1645233770933 3 11.638515000000005 0 828263 0.1627 0.00043023255813956496
1645233774958 3 11.633310000000009 0 981175 0.1925 0.00043023255813956496
1645233778906 3 11.87445600000001 0 939007 0.1845 0.00043023255813956496
1645233783162 3 11.617891 0 841370 0.1654 0.00043023255813956496
1645233787118 3 11.607797000000005 0 947658 0.18580000000000002 0.00043023255813956496
1645233790842 3 11.854453000000007 0 828958 0.1627 0.00043023255813956496
1645233794864 3 11.846170999999998 0 977791 0.1921 0.00043023255813956496
1645233799132 3 11.586089000000001 0 847215 0.1661 0.00043023255813956496
1645233803156 3 11.57678 0 978032 0.1918 0.00043023255813956496
1645233807139 3 11.571886000000006 0 934237 0.1835 0.00043023255813956496
1645233810982 3 11.804223000000007 0 889600 0.1748 0.00043023255813956496
1645233815028 3 11.543827000000007 0 988774 0.1944 0.00043023255813956496
1645233819214 3 11.540019000000001 0 808061 0.15889999999999999 0.00043023255813956496
1645233823264 3 11.525087999999997 0 995677 0.1953 0.00043023255813956496
1645233827181 3 11.519273999999996 0 924757 0.1814 0.00043023255813956496
1645233830877 3 11.760562000000007 0 808228 0.1578 0.00043023255813956496
1645233834963 3 11.756138000000007 0 1014212 0.1988 0.00043023255813956496
1645233838714 3 11.998657000000009 0 845218 0.1653 0.00043023255813956496
1645233842608 3 11.993983000000014 0 910767 0.1785 0.00043023255813956496
1645233846972 3 11.738484 0 901777 0.1769 0.00043023255813956496
1645233850977 3 11.727721000000003 0 967347 0.1905 0.00043023255813956496
1645233854910 3 11.722294000000005 0 935273 0.1836 0.00043023255813956496
1645233858809 3 11.964821 0 916928 0.18 0.00043023255813956496
1645233862756 3 11.95846800000001 0 940743 0.1845 0.00043023255813956496
1645233867083 3 11.695228000000014 0 877888 0.1726 0.00043023255813956496
1645233870831 3 11.939047000000016 0 839766 0.16499999999999998 0.00043023255813956496
1645233874847 3 11.928591000000011 0 976062 0.19190000000000002 0.00043023255813956496
1645233878828 3 11.92267799999999 0 958353 0.18839999999999998 0.00043023255813956496
1645233883063 3 11.660959999999989 0 836268 0.1635 0.00043023255813956496
1645233887066 3 11.652782000000002 0 968967 0.19039999999999999 0.00043023255813956496
1645233890793 3 11.897384000000017 0 825839 0.1618 0.00043023255813956496
1645233894805 3 11.891277000000002 0 974212 0.1911 0.00043023255813956496
1645233899109 3 11.629083000000008 0 867483 0.17070000000000002 0.00043023255813956496
1645233903158 3 11.615145000000012 0 987232 0.19390000000000002 0.00043023255813956496
1645233907073 3 11.605908 0 921956 0.1814 0.00043023255813956496
1645233910965 3 11.596060999999992 0 913803 0.1795 0.00043023255813956496
1645233914950 3 11.837446999999997 0 958215 0.188 0.00043023255813956496
1645233919184 3 11.573574000000008 0 832934 0.1636 0.00043023255813956496
1645233922758 3 11.815529999999995 0 1005593 0.1973 0.00043023255813956496
1645233927200 3 11.559122000000002 0 935985 0.1834 0.00043023255813956496
1645233930873 3 11.796985000000006 0 802415 0.1575 0.00043023255813956496
1645233934929 3 11.790893000000011 0 999009 0.1956 0.00043023255813956496
1645233939234 3 11.531375999999995 0 869418 0.1703 0.00043023255813956496
1645233943102 3 11.524068 0 897686 0.1765 0.00043023255813956496
1645233947089 3 11.515218000000004 0 960141 0.1889 0.00043023255813956496
1645233950991 3 11.758099000000016 0 914618 0.17880000000000001 0.00043023255813956496
1645233954960 3 11.749158999999992 0 949031 0.1865 0.00043023255813956496
1645233958867 3 11.739649000000014 0 919929 0.1806 0.00043023255813956496
1645233962791 3 11.982320000000016 0 930570 0.18280000000000002 0.00043023255813956496
1645233966643 3 11.976890000000026 0 894188 0.17509999999999998 0.00043023255813956496
1645233970889 3 11.715602999999987 0 835562 0.1644 0.00043023255813956496
1645233974938 3 11.710337999999979 0 986170 0.1935 0.00043023255813956496
1645233978909 3 11.703411000000017 0 955812 0.1874 0.00043023255813956496
1645233982652 3 11.946109999999976 0 837688 0.1646 0.00043023255813956496
1645233986663 3 11.940042000000005 0 972932 0.191 0.00043023255813956496
1645233990846 3 11.930953999999986 0 807690 0.1585 0.00043023255813956496
1645233994846 3 11.920060999999976 0 968173 0.19039999999999999 0.00043023255813956496
1645233998656 3 11.909338999999989 0 872734 0.1713 0.00043023255813956496
1645234002711 3 11.892880999999988 0 991679 0.1951 0.00043023255813956496
1645234007156 3 11.624748000000011 0 930061 0.1827 0.00043023255813956496
1645234011008 3 11.676207999999974 0 884740 0.1736 0.00043023255813956496
1645234015036 3 11.666583000000003 0 968599 0.1908 0.00043023255813956496
1645234018816 3 11.910930000000008 0 848189 0.1664 0.00043023255813956496
1645234022872 3 11.900801999999999 0 989262 0.19419999999999998 0.00043023255813956496
1645234026809 3 11.894952999999987 0 929927 0.18280000000000002 0.00043023255813956496
1645234031077 3 11.632941000000017 0 845977 0.1663 0.00043023255813956496
1645234035170 3 11.627203000000009 0 1009703 0.1983 0.00043023255813956496
1645234038971 3 11.613241000000016 0 861836 0.1689 0.00043023255813956496

