1645231224521 1 3.999999 3657 346799 0.3551 -15.7251
1645231226934 0 5.600078 0 213385 0.219 0.00017441860465117198
1645231228504 0 8.031463 0 141806 0.1456 0.00006976744186043549
1645231229748 0 10.78578 0 112578 0.11359999999999999 0.00006976744186043549
1645231232665 0 11.895821 0 80671 0.08149999999999999 0.00006976744186043549
1645231236956 0 11.640849999999999 0 68729 0.06889999999999999 0.00006976744186043549
1645231241224 1 11.309245 0 406206 0.41600000000000004 0.000069767441860491
1645231244941 1 11.623324999999998 0 303135 0.3104 0.00017441860465117198
1645231249293 1 11.245287000000001 0 414092 0.4239 0.00017441860465117198
1645231252856 1 11.679616000000003 0 337705 0.34550000000000003 0.00017441860465117198
1645231256710 1 11.823819 0 366374 0.3759 0.00017441860465117198
1645231260927 1 11.853357000000003 0 352030 0.36160000000000003 0.00017441860465117198
1645231264842 1 11.693969000000003 0 371605 0.38079999999999997 0.00017441860465117198
1645231268908 1 11.626979000000006 0 385670 0.3952 0.00017441860465117198
1645231272857 1 11.677787000000002 0 374050 0.384 0.00017441860465117198
1645231276694 1 11.839724000000004 0 367058 0.37429999999999997 0.00017441860465117198
1645231280665 1 11.872160000000001 0 377983 0.387 0.00017441860465117198
1645231285119 1 11.555350000000004 0 326924 0.3343 0.00017441860465117198
1645231289192 1 11.342535999999996 0 388939 0.3967 0.00017441860465117198
1645231293322 1 11.212885 0 392939 0.4032 0.00017441860465117198
1645231297144 1 11.389845000000008 0 362131 0.3713 0.00017441860465117198
1645231301368 1 11.166972999999999 0 402712 0.4125 0.00017441860465117198
1645231304841 1 11.692631000000006 0 327400 0.3362 0.00017441860465117198
1645231309046 1 11.487471999999997 0 401133 0.41109999999999997 0.00017441860465117198
1645231312889 1 11.747256000000007 0 317452 0.3247 0.00017441860465117198
1645231317004 1 11.53555 0 391753 0.4016 0.00017441860465117198
1645231321066 1 11.469784000000004 0 384934 0.39540000000000003 0.00017441860465117198
1645231324937 1 11.597341 0 367179 0.3759 0.00017441860465117198
1645231329036 1 11.503321 0 387965 0.3983 0.00017441860465117198
1645231332570 1 11.967008000000007 0 333821 0.3424 0.00017441860465117198
1645231336727 1 11.807117000000005 0 394452 0.40469999999999995 0.00017441860465117198
1645231341028 1 11.505824000000004 0 409513 0.4191 0.00017441860465117198
1645231344778 1 11.942093999999997 0 307174 0.3151 0.00017441860465117198
1645231349192 1 11.343330000000009 0 420407 0.43 0.00017441860465117198
1645231352807 1 11.726629000000003 0 340231 0.3503 0.00017441860465117198
1645231356744 1 11.791353000000015 0 374730 0.3839 0.00017441860465117198
1645231360968 1 11.667152000000016 0 353022 0.3613 0.00017441860465117198
1645231365097 1 11.436852000000016 0 393253 0.4035 0.00017441860465117198
1645231368983 1 11.551024000000012 0 368813 0.3774 0.00017441860465117198
1645231372903 1 11.632598999999999 0 372578 0.38239999999999996 0.00017441860465117198
1645231376823 1 11.711205000000007 0 374507 0.3825 0.00017441860465117198
1645231380733 1 11.806518000000011 0 372824 0.3806 0.00017441860465117198
1645231384682 1 11.877102000000008 0 326437 0.3342 0.00017441860465117198
1645231388694 1 11.839987000000008 0 383127 0.3919 0.00017441860465117198
1645231392906 1 11.627414000000016 0 400632 0.40970000000000006 0.00017441860465117198
1645231397017 1 11.596967000000006 0 342596 0.3503 0.00017441860465117198
1645231401288 1 11.247098999999992 0 407655 0.41609999999999997 0.00017441860465117198
1645231404855 1 11.678488000000016 0 337450 0.34550000000000003 0.00017441860465117198
1645231409102 1 11.432174000000003 0 404220 0.4145 0.00017441860465117198
1645231412617 1 11.917358000000007 0 331794 0.3407 0.00017441860465117198
1645231416713 1 11.822541999999999 0 390086 0.3984 0.00017441860465117198
1645231420792 1 11.74239 0 387516 0.3969 0.00017441860465117198
1645231424652 1 11.882104999999996 0 365827 0.37429999999999997 0.00017441860465117198
1645231428775 1 11.759830999999991 0 392579 0.4016 0.00017441860465117198
1645231432843 1 11.766095000000007 0 337939 0.3456 0.00017441860465117198
1645231437128 1 11.407307000000003 0 406896 0.4173 0.00017441860465117198
1645231441224 1 11.309636000000012 0 390582 0.39849999999999997 0.00017441860465117198
1645231444710 1 11.823622999999998 0 328479 0.3376 0.00017441860465117198
1645231448904 1 11.629582 0 399016 0.40970000000000006 0.00017441860465117198
1645231452805 1 11.728667999999999 0 370990 0.38039999999999996 0.00017441860465117198
1645231456709 1 11.824332999999996 0 371149 0.38079999999999997 0.00017441860465117198
1645231460614 1 11.91928200000001 0 372261 0.38079999999999997 0.00017441860465117198
1645231464745 1 11.791197000000011 0 394237 0.4025 0.00017441860465117198
1645231468638 1 11.897016000000008 0 368311 0.37770000000000004 0.00017441860465117198
1645231472650 1 11.884603999999996 0 381418 0.3902 0.00017441860465117198
1645231477033 1 11.683796999999998 0 368451 0.3775 0.00017441860465117198
1645231480950 1 11.583422999999982 0 371908 0.3823 0.00017441860465117198
1645231484907 1 11.662604999999985 0 328352 0.3358 0.00017441860465117198
1645231488888 1 11.645714999999996 0 379027 0.3869 0.00017441860465117198
1645231493158 1 11.37699600000002 0 407465 0.41740000000000005 0.00017441860465117198
1645231496703 1 11.835059000000001 0 333046 0.3423 0.00017441860465117198
1645231501113 1 11.42207400000001 0 416856 0.42869999999999997 0.00017441860465117198
1645231504665 1 11.868831999999998 0 335171 0.344 0.00017441860465117198
1645231508889 1 11.645871999999997 0 401613 0.41100000000000003 0.00017441860465117198
1645231512954 1 11.615068000000008 0 337330 0.3456 0.00017441860465117198
1645231517063 1 11.470708000000002 0 391244 0.4013 0.00017441860465117198
1645231521141 1 11.393079999999998 0 387864 0.3984 0.00017441860465117198
1645231524984 1 11.54994499999998 0 363813 0.3729 0.00017441860465117198
1645231529097 1 11.437016000000028 0 391839 0.40149999999999997 0.00017441860465117198
1645231532655 1 11.880719 0 336898 0.3447 0.00017441860465117198
1645231536694 1 11.839658999999983 0 381135 0.3919 0.00017441860465117198
1645231540762 1 11.772829000000002 0 386654 0.3966 0.00017441860465117198
1645231544937 1 11.78676999999999 0 347396 0.3567 0.00017441860465117198
1645231549094 1 11.447659999999985 0 392538 0.40330000000000005 0.00017441860465117198

