1645249186189 1 3.999999 1575 346799 0.1464 -6.7725
1645249187293 0 6.911636 0 213385 0.08990000000000001 0.00017441860465117198
1645249187997 0 10.206626 0 141806 0.059899999999999995 0.00006976744186043549
1645249190567 0 11.83209 0 112578 0.0472 0.00006976744186043549
1645249194504 0 11.826597 0 80671 0.0335 0.00006976744186043549
1645249198421 0 11.812327999999999 0 68729 0.0314 0.00006976744186043549
1645249202640 0 11.804413 0 137895 0.0611 0.00006976744186043549
1645249206748 0 11.545686999999997 0 114138 0.0503 0.00006976744186043549
1645249210908 0 11.538891000000003 0 126013 0.055700000000000006 0.00006976744186043549
1645249214451 0 11.775624000000004 0 217236 0.09409999999999999 0.00006976744186043549
1645249218498 0 11.766858 0 219398 0.09509999999999999 0.00006976744186043549
1645249222878 0 11.511009000000001 0 177648 0.0775 0.00006976744186043549
1645249226719 0 11.499998000000005 0 166856 0.0731 0.00006976744186043549
1645249230292 0 11.993325000000006 0 223685 0.0973 0.00006976744186043549
1645249234293 0 11.983984 0 206455 0.08940000000000001 0.00006976744186043549
1645249238443 0 11.975895000000001 0 121534 0.0543 0.00006976744186043549
1645249242510 0 11.715470000000003 0 105092 0.0465 0.00006976744186043549
1645249246408 0 11.961314000000002 0 63086 0.028999999999999998 0.00006976744186043549
1645249250400 0 11.955790000000007 0 87739 0.0392 0.00006976744186043549
1645249254679 0 11.697078000000005 0 152905 0.0673 0.00006976744186043549
1645249258723 0 11.687139000000002 0 100587 0.0446 0.00006976744186043549
1645249262636 0 11.680399000000008 0 186001 0.0806 0.00006976744186043549
1645249266613 0 11.670263000000006 0 201620 0.0875 0.00006976744186043549
1645249270659 0 11.660111 0 218012 0.0945 0.00006976744186043549
1645249274314 0 11.903030999999999 0 123058 0.055200000000000006 0.00006976744186043549
1645249278782 0 11.646617000000006 0 198856 0.0865 0.00006976744186043549
1645249282359 0 11.891638 0 223061 0.0965 0.00006976744186043549
1645249286587 0 11.635356000000002 0 143385 0.0629 0.00006976744186043549
1645249290709 0 11.631155000000007 0 117021 0.051500000000000004 0.00006976744186043549
1645249294686 0 11.623474000000002 0 83595 0.0372 0.00006976744186043549
1645249298601 0 11.620108000000002 0 68011 0.0312 0.00006976744186043549
1645249302787 0 11.615561 0 134264 0.0586 0.00006976744186043549
1645249306387 0 11.857285000000005 0 113722 0.0504 0.00006976744186043549
1645249310527 0 11.849148999999997 0 122694 0.0543 0.00006976744186043549
1645249314565 0 11.83771200000001 0 215146 0.09340000000000001 0.00006976744186043549
1645249318592 0 11.792873000000014 0 213339 0.09280000000000001 0.00006976744186043549
1645249322461 0 11.786243000000013 0 176949 0.0771 0.00006976744186043549
1645249326751 0 11.524248 0 158356 0.06889999999999999 0.00006976744186043549
1645249330811 0 11.520556 0 219852 0.0954 0.00006976744186043549
1645249334785 0 11.515067000000016 0 196864 0.0858 0.00006976744186043549
1645249338903 0 11.507779999999997 0 116610 0.0519 0.00006976744186043549
1645249342477 0 11.750283999999994 0 107223 0.047299999999999995 0.00006976744186043549
1645249346384 0 11.994748000000016 0 64332 0.029599999999999998 0.00006976744186043549
1645249350383 0 11.982200000000006 0 88753 0.039400000000000004 0.00006976744186043549
1645249354659 0 11.726765 0 153489 0.0675 0.00006976744186043549
1645249358721 0 11.715823999999998 0 101805 0.0455 0.00006976744186043549
1645249362640 0 11.707533000000012 0 186822 0.0814 0.00006976744186043549
1645249366615 0 11.699478 0 200149 0.0876 0.00006976744186043549
1645249370658 0 11.690911999999997 0 215305 0.0938 0.00006976744186043549
1645249374332 0 11.934422000000012 0 128759 0.0571 0.00006976744186043549
1645249378297 0 11.927132 0 199367 0.0865 0.00006976744186043549
1645249382349 0 11.915864999999997 0 220759 0.09559999999999999 0.00006976744186043549
1645249386605 0 11.65855400000001 0 149511 0.06570000000000001 0.00006976744186043549
1645249390742 0 11.65042600000001 0 118879 0.053000000000000005 0.00006976744186043549
1645249394733 0 11.644278000000014 0 85418 0.0392 0.00006976744186043549
1645249398646 0 11.637948999999992 0 68807 0.030699999999999998 0.00006976744186043549
1645249402336 0 11.88273799999999 0 132565 0.0586 0.00006976744186043549
1645249406464 0 11.87302600000001 0 117262 0.0524 0.00006976744186043549
1645249410576 0 11.86256800000001 0 116418 0.051000000000000004 0.00006976744186043549
1645249414656 0 11.603697000000011 0 223024 0.0973 0.00006976744186043549
1645249418697 0 11.594528999999994 0 214538 0.09330000000000001 0.00006976744186043549
1645249422575 0 11.838674999999995 0 178191 0.0782 0.00006976744186043549
1645249426386 0 11.831396000000012 0 161454 0.07089999999999999 0.00006976744186043549
1645249430405 0 11.826673999999997 0 212225 0.0917 0.00006976744186043549
1645249434864 0 11.5728 0 195858 0.0851 0.00006976744186043549
1645249438500 0 11.81364400000001 0 119665 0.0531 0.00006976744186043549
1645249442582 0 11.803340999999989 0 108667 0.047799999999999995 0.00006976744186043549
1645249446483 0 11.794227999999976 0 64782 0.0295 0.00006976744186043549
1645249450481 0 11.784995999999978 0 87523 0.0397 0.00006976744186043549
1645249454766 0 11.448692999999992 0 155607 0.0683 0.00006976744186043549
1645249458818 0 11.51445000000001 0 100404 0.0453 0.00006976744186043549
1645249462719 0 11.504827999999975 0 183614 0.08030000000000001 0.00006976744186043549
1645249466683 0 11.748961000000008 0 197686 0.0861 0.00006976744186043549
1645249470233 0 11.991806999999994 0 217520 0.0944 0.00006976744186043549
1645249474415 0 11.984915999999998 0 132353 0.056799999999999996 0.00006976744186043549
1645249478393 0 11.974432999999976 0 199853 0.0872 0.00006976744186043549
1645249482486 0 11.962693999999999 0 225614 0.098 0.00006976744186043549
1645249486748 0 11.700886000000025 0 150477 0.0661 0.00006976744186043549
1645249490371 0 11.94550700000002 0 117995 0.0523 0.00006976744186043549
1645249494365 0 11.939118000000008 0 86503 0.039400000000000004 0.00006976744186043549
1645249498774 0 11.676379999999995 0 67335 0.0311 0.00006976744186043549
1645249502456 0 11.917401999999981 0 132169 0.0581 0.00006976744186043549
1645249506588 0 11.660164000000009 0 118800 0.0529 0.00006976744186043549
1645249510711 0 11.653287999999975 0 116618 0.0516 0.00006976744186043549

