1645250258683 1 3.999999 793 346799 0.06760000000000001 -3.4098999999999995
1645250261484 4 5.2426010000000005 0 1312552 0.255 0.000174418604651283
1645250264269 4 6.453736000000001 0 1383123 0.26880000000000004 0.000662790697674609
1645250267191 4 7.533105000000001 0 1451767 0.28159999999999996 0.000662790697674609
1645250269837 4 8.886277 0 1308083 0.25470000000000004 0.000662790697674609
1645250272466 4 10.257859999999999 0 1299338 0.2523 0.000662790697674609
1645250275389 4 11.333887999999998 0 1453833 0.28250000000000003 0.000662790697674609
1645250279000 4 11.794459 0 1280990 0.2484 0.000662790697674609
1645250283245 4 11.539512000000002 0 1612910 0.31389999999999996 0.000662790697674609
1645250287214 4 11.534342000000002 0 1213987 0.2364 0.000662790697674609
1645250290996 4 11.774405000000002 0 1380918 0.2682 0.000662790697674609
1645250295200 4 11.769893000000003 0 1334467 0.2597 0.000662790697674609
1645250299149 4 11.761381 0 1463126 0.28450000000000003 0.000662790697674609
1645250303017 4 11.754042000000005 0 1421742 0.27490000000000003 0.000662790697674609
1645250306916 4 11.990915000000001 0 1436771 0.2793 0.000662790697674609
1645250310797 4 11.980586000000002 0 1425347 0.2771 0.000662790697674609
1645250315056 4 11.724613000000005 0 1366001 0.2657 0.000662790697674609
1645250319151 4 11.718374000000004 0 1281785 0.2487 0.000662790697674609
1645250323194 4 11.706395 0 1514044 0.2943 0.000662790697674609
1645250327085 4 11.702382999999998 0 1432783 0.2786 0.000662790697674609
1645250330908 4 11.944225000000003 0 1401397 0.2713 0.000662790697674609
1645250334828 4 11.928714 0 1450362 0.2821 0.000662790697674609
1645250338894 4 11.918608000000006 0 1266375 0.24630000000000002 0.000662790697674609
1645250342917 4 11.909177999999997 0 1497932 0.2915 0.000662790697674609
1645250347068 4 11.903098 0 1308773 0.2548 0.000662790697674609
1645250351116 4 11.638855000000007 0 1516715 0.2948 0.000662790697674609
1645250354971 4 11.878101999999998 0 1407805 0.2737 0.000662790697674609
1645250359284 4 11.621983999999998 0 1394624 0.2714 0.000662790697674609
1645250363311 4 11.609840000000005 0 1502056 0.29209999999999997 0.000662790697674609
1645250366895 4 11.852778999999998 0 1276395 0.2481 0.000662790697674609
1645250371373 4 11.592630999999997 0 1480768 0.288 0.000662790697674609
1645250375354 4 11.584970999999996 0 1473992 0.2868 0.000662790697674609
1645250378994 4 11.823470999999998 0 1306146 0.2539 0.000662790697674609
1645250383148 4 11.814189999999996 0 1565699 0.3043 0.000662790697674609
1645250387217 4 11.555475999999999 0 1268922 0.2467 0.000662790697674609
1645250391055 4 11.795593999999994 0 1406335 0.2732 0.000662790697674609
1645250395339 4 11.538130999999993 0 1381377 0.2686 0.000662790697674609
1645250399316 4 11.527905000000004 0 1475162 0.2872 0.000662790697674609
1645250403200 4 11.772357 0 1430482 0.27799999999999997 0.000662790697674609
1645250407101 4 11.761578000000014 0 1439994 0.2801 0.000662790697674609
1645250411432 4 11.498592000000002 0 1405476 0.2733 0.000662790697674609
1645250415227 4 11.741762999999992 0 1382866 0.2687 0.000662790697674609
1645250418862 4 11.985020999999989 0 1303196 0.2537 0.000662790697674609
1645250422957 4 11.978581999999989 0 1538814 0.2994 0.000662790697674609
1645250426831 4 11.971727000000016 0 1423261 0.277 0.000662790697674609
1645250431108 4 11.712108 0 1377859 0.2672 0.000662790697674609
1645250434929 4 11.958179999999999 0 1396488 0.2718 0.000662790697674609
1645250438997 4 11.945512000000008 0 1265878 0.24609999999999999 0.000662790697674609
1645250442965 4 11.939245999999997 0 1474721 0.2863 0.000662790697674609
1645250447209 4 11.677427999999992 0 1357016 0.26389999999999997 0.000662790697674609
1645250451245 4 11.670861000000002 0 1508969 0.2933 0.000662790697674609
1645250455117 4 11.662836999999996 0 1420161 0.2767 0.000662790697674609
1645250458935 4 11.907292000000012 0 1394798 0.27149999999999996 0.000662790697674609
1645250463031 4 11.897253000000006 0 1499654 0.2999 0.000662790697674609
1645250467212 4 11.640343000000001 0 1323592 0.2575 0.000662790697674609
1645250471181 4 11.630139000000014 0 1477260 0.2871 0.000662790697674609
1645250475152 4 11.623910999999993 0 1474833 0.28559999999999997 0.000662790697674609
1645250479281 4 11.605343000000005 0 1299401 0.2525 0.000662790697674609
1645250482991 4 11.847622000000001 0 1595638 0.3101 0.000662790697674609
1645250487087 4 11.840359000000007 0 1282380 0.2492 0.000662790697674609
1645250490913 4 11.833314999999999 0 1402228 0.2726 0.000662790697674609
1645250495254 4 11.574771999999996 0 1404885 0.27349999999999997 0.000662790697674609
1645250499177 4 11.565006000000011 0 1453425 0.2827 0.000662790697674609
1645250503107 4 11.81039899999999 0 1453998 0.2828 0.000662790697674609
1645250506976 4 11.799081000000001 0 1424197 0.2766 0.000662790697674609
1645250511313 4 11.54264599999999 0 1409895 0.2738 0.000662790697674609
1645250515106 4 11.784873000000005 0 1381516 0.269 0.000662790697674609
1645250519238 4 11.52892700000001 0 1298461 0.2526 0.000662790697674609
1645250523310 4 11.518146000000002 0 1530017 0.2973 0.000662790697674609
1645250527211 4 11.750768999999991 0 1437352 0.2791 0.000662790697674609
1645250530928 4 11.991620000000012 0 1344879 0.2616 0.000662790697674609
1645250534955 4 11.979872999999998 0 1490910 0.2886 0.000662790697674609
1645250539013 4 11.717124000000013 0 1264017 0.246 0.000662790697674609
1645250542950 4 11.958438000000001 0 1458446 0.2835 0.000662790697674609
1645250547210 4 11.692897000000016 0 1366050 0.26480000000000004 0.000662790697674609
1645250550817 4 11.932749000000001 0 1540108 0.2988 0.000662790697674609
1645250555181 4 11.677767000000017 0 1421303 0.27599999999999997 0.000662790697674609
1645250558927 4 11.91722900000002 0 1359213 0.2644 0.000662790697674609
1645250562984 4 11.91195399999998 0 1514199 0.2953 0.000662790697674609
1645250567107 4 11.653074000000004 0 1296661 0.252 0.000662790697674609
1645250571314 4 11.64548000000002 0 1340186 0.2605 0.000662790697674609
1645250575293 4 11.634725000000003 0 1478975 0.28769999999999996 0.000662790697674609
1645250579006 4 11.87861700000002 0 1342511 0.261 0.000662790697674609
1645250583082 4 11.865001000000007 0 1527618 0.29700000000000004 0.000662790697674609
1645250587209 4 11.603717000000017 0 1297467 0.24889999999999998 0.000662790697674609

