1645256225727 1 3.999999 972 346799 0.08299999999999999 -4.1796
1645256227678 1 6.039886 0 363755 0.0846 0.00017441860465117198
1645256228696 1 9.016938 0 362842 0.0879 0.00017441860465117198
1645256231120 3 10.594260000000002 0 908792 0.22000000000000003 0.000174418604651283
1645256234201 3 11.716876 0 804438 0.1953 0.00043023255813956496
1645256237826 3 11.960600999999999 0 828659 0.20059999999999997 0.00043023255813956496
1645256242234 3 11.700130999999999 0 937332 0.2265 0.00043023255813956496
1645256246239 3 11.682884999999999 0 776416 0.1876 0.00043023255813956496
1645256249849 3 11.913462000000003 0 1025687 0.2481 0.00043023255813956496
1645256254003 3 11.904508000000003 0 815426 0.197 0.00043023255813956496
1645256258299 3 11.647710000000004 0 884625 0.2143 0.00043023255813956496
1645256262117 3 11.622278000000001 0 904952 0.2186 0.00043023255813956496
1645256266078 3 11.860388 0 954418 0.2314 0.00043023255813956496
1645256269946 3 11.799131000000003 0 910446 0.2206 0.00043023255813956496
1645256274315 3 11.542585000000003 0 922454 0.22349999999999998 0.00043023255813956496
1645256278241 3 11.535024 0 942842 0.2285 0.00043023255813956496
1645256281998 3 11.774448 0 884128 0.2133 0.00043023255813956496
1645256286133 3 11.708401000000002 0 828263 0.2002 0.00043023255813956496
1645256290145 3 11.702342999999999 0 981175 0.2375 0.00043023255813956496
1645256294056 3 11.687324000000004 0 939007 0.22690000000000002 0.00043023255813956496
1645256298216 3 11.683335999999997 0 841370 0.2037 0.00043023255813956496
1645256302150 3 11.671879000000004 0 947658 0.2292 0.00043023255813956496
1645256306290 3 11.665796999999998 0 828958 0.2001 0.00043023255813956496
1645256310269 3 11.646768000000009 0 977791 0.2366 0.00043023255813956496
1645256313959 3 11.88868500000001 0 847215 0.2052 0.00043023255813956496
1645256317953 3 11.875257000000005 0 978032 0.23679999999999998 0.00043023255813956496
1645256322331 3 11.613773000000009 0 934237 0.2264 0.00043023255813956496
1645256326130 3 11.82244200000001 0 889600 0.2145 0.00043023255813956496
1645256330149 3 11.798854000000006 0 988774 0.2398 0.00043023255813956496
1645256334220 3 11.537068000000005 0 808061 0.1955 0.00043023255813956496
1645256338248 3 11.524958999999996 0 995677 0.24089999999999998 0.00043023255813956496
1645256342110 3 11.765618000000003 0 924757 0.2234 0.00043023255813956496
1645256346197 3 11.755593000000005 0 808228 0.19619999999999999 0.00043023255813956496
1645256349780 3 11.975178999999997 0 1014212 0.24580000000000002 0.00043023255813956496
1645256353956 3 11.965066000000007 0 845218 0.2045 0.00043023255813956496
1645256357797 3 11.957724000000013 0 910767 0.22069999999999998 0.00043023255813956496
1645256362107 3 11.70308700000001 0 901777 0.2184 0.00043023255813956496
1645256366072 3 11.692596000000009 0 967347 0.2343 0.00043023255813956496
1645256369951 3 11.935363999999993 0 935273 0.22610000000000002 0.00043023255813956496
1645256373935 3 11.817549000000014 0 916928 0.2218 0.00043023255813956496
1645256378335 3 11.556603999999993 0 940743 0.22749999999999998 0.00043023255813956496
1645256382078 3 11.799098000000015 0 877888 0.21280000000000002 0.00043023255813956496
1645256386225 3 11.537472000000008 0 839766 0.2029 0.00043023255813956496
1645256390220 3 11.525238000000002 0 976062 0.2363 0.00043023255813956496
1645256394173 3 11.769127999999995 0 958353 0.23220000000000002 0.00043023255813956496
1645256397824 3 11.992794000000004 0 836268 0.2024 0.00043023255813956496
1645256401790 3 11.98688899999999 0 968967 0.2346 0.00043023255813956496
1645256405901 3 11.878203000000013 0 825839 0.2 0.00043023255813956496
1645256409873 3 11.975726000000009 0 974212 0.23650000000000002 0.00043023255813956496
1645256413933 0 11.969771000000009 0 128759 0.0313 0.00043023255813956496
1645256418072 0 11.702894000000015 0 199367 0.0481 0.00006976744186043549
1645256422233 0 11.695064000000002 0 220759 0.0529 0.00006976744186043549
1645256426256 0 11.68951100000001 0 149511 0.040799999999999996 0.00006976744186043549
1645256430221 0 11.681033000000014 0 118879 0.0353 0.00006976744186043549
1645256434119 0 11.669834000000009 0 85418 0.027100000000000003 0.00006976744186043549
1645256437982 0 11.913621000000006 0 68807 0.0235 0.00006976744186043549
1645256441990 0 11.904707000000002 0 132565 0.0387 0.00006976744186043549
1645256445961 0 11.894449000000009 0 117262 0.0349 0.00006976744186043549
1645256449924 0 11.884984000000003 0 116418 0.034499999999999996 0.00006976744186043549
1645256454157 0 11.622747000000004 0 223024 0.0607 0.00006976744186043549
1645256457872 0 11.867085000000003 0 214538 0.0581 0.00006976744186043549
1645256461985 0 11.858822000000004 0 178191 0.0496 0.00006976744186043549
1645256466070 0 11.703957000000003 0 161454 0.0456 0.00006976744186043549
1645256470289 0 11.595127999999988 0 212225 0.05789999999999999 0.00006976744186043549
1645256473961 0 11.84025299999999 0 195858 0.0538 0.00006976744186043549
1645256477935 0 11.833066000000002 0 119665 0.0356 0.00006976744186043549
1645256482385 0 11.574770999999998 0 108667 0.032600000000000004 0.00006976744186043549
1645256486222 0 11.548482999999976 0 64782 0.0219 0.00006976744186043549
1645256490107 0 11.795117000000005 0 87523 0.027500000000000004 0.00006976744186043549
1645256494164 0 11.789991999999984 0 155607 0.0436 0.00006976744186043549
1645256498119 0 11.735827000000029 0 100404 0.030699999999999998 0.00006976744186043549
1645256501753 0 11.978026999999997 0 183614 0.051000000000000004 0.00006976744186043549
1645256505922 0 11.969893000000013 0 197686 0.05450000000000001 0.00006976744186043549
1645256510130 0 11.712167000000022 0 217520 0.0591 0.00006976744186043549
1645256514137 0 11.708264999999983 0 132353 0.039 0.00006976744186043549
1645256517816 0 11.953201999999976 0 199853 0.054900000000000004 0.00006976744186043549
1645256522048 0 11.695778000000018 0 225614 0.061 0.00006976744186043549
1645256526102 0 11.686538999999982 0 150477 0.0431 0.00006976744186043549
1645256530062 0 11.67948100000001 0 117995 0.0346 0.00006976744186043549
1645256533949 0 11.924330999999995 0 86503 0.0269 0.00006976744186043549
1645256538298 0 11.664127000000008 0 67335 0.023 0.00006976744186043549
1645256542311 0 11.62071800000001 0 132169 0.038400000000000004 0.00006976744186043549
1645256546300 0 11.598445000000027 0 118800 0.0349 0.00006976744186043549
1645256550264 0 11.588808000000029 0 116618 0.034999999999999996 0.00006976744186043549

