1645235766858 1 3.999999 1101 346799 0.1001 -4.7343
1645235769277 3 5.594182999999999 0 755039 0.2185 0.000174418604651283
1645235771793 3 7.078214000000001 0 835161 0.24089999999999998 0.00043023255813956496
1645235774522 3 8.353169000000001 0 908792 0.2626 0.00043023255813956496
1645235776948 3 9.923606999999999 0 804438 0.23220000000000002 0.00043023255813956496
1645235779449 3 11.422021999999998 0 828659 0.2394 0.00043023255813956496
1645235783284 3 11.59411 0 937332 0.2705 0.00043023255813956496
1645235787133 3 11.839604999999999 0 776416 0.2245 0.00043023255813956496
1645235791204 3 11.835251000000003 0 1025687 0.2969 0.00043023255813956496
1645235795191 3 11.828331000000002 0 815426 0.23570000000000002 0.00043023255813956496
1645235799355 3 11.571325000000002 0 884625 0.2559 0.00043023255813956496
1645235803090 3 11.816993000000004 0 904952 0.2617 0.00043023255813956496
1645235807448 3 11.559948000000006 0 954418 0.2758 0.00043023255813956496
1645235811181 3 11.804428000000001 0 910446 0.2637 0.00043023255813956496
1645235815445 3 11.542273999999999 0 922454 0.2664 0.00043023255813956496
1645235819275 3 11.788446 0 942842 0.2727 0.00043023255813956496
1645235825035 3 9.837943000000003 0 884128 0.5660999999999999 0.00043023255813956496
1645235827666 3 11.206464000000004 0 828263 0.24409999999999998 0.00043023255813956496
1645235831606 3 11.511824000000004 0 981175 0.2826 0.00043023255813956496
1645235835425 3 11.504565999999997 0 939007 0.2717 0.00043023255813956496
1645235838958 3 11.998676000000003 0 841370 0.2419 0.00043023255813956496
1645235843298 3 11.738712000000007 0 947658 0.2741 0.00043023255813956496
1645235847398 3 11.703699999999998 0 828958 0.2399 0.00043023255813956496
1645235851367 3 11.694986 0 977791 0.2818 0.00043023255813956496
1645235855425 3 11.686729999999997 0 847215 0.2447 0.00043023255813956496
1645235859361 3 11.675110000000004 0 978032 0.2819 0.00043023255813956496
1645235865441 3 9.431337 0 934237 0.5972999999999999 0.00043023255813956496
1645235867279 1 11.654008000000005 0 367179 0.11100000000000002 0.00043023255813956496
1645235871291 3 11.638267999999997 0 988774 0.2868 0.000174418604651283
1645235875233 3 11.879764000000009 0 808061 0.23349999999999999 0.00043023255813956496
1645235879211 3 11.853338000000008 0 995677 0.2874 0.00043023255813956496
1645235883482 3 11.590576999999996 0 924757 0.26739999999999997 0.00043023255813956496
1645235887413 3 11.580200000000005 0 808228 0.2333 0.00043023255813956496
1645235891449 3 11.56657700000001 0 1014212 0.2933 0.00043023255813956496
1645235895497 3 11.559280999999999 0 845218 0.24359999999999998 0.00043023255813956496
1645235899233 3 11.804823999999996 0 910767 0.26339999999999997 0.00043023255813956496
1645235903445 3 11.54740799999999 0 901777 0.26030000000000003 0.00043023255813956496
1645235907343 3 11.535252000000014 0 967347 0.2793 0.00043023255813956496
1645235911175 3 11.772543000000013 0 935273 0.27090000000000003 0.00043023255813956496
1645235915439 3 11.514915000000002 0 916928 0.2644 0.00043023255813956496
1645235919259 3 11.758375999999998 0 940743 0.2714 0.00043023255813956496
1645235923394 3 11.498444000000006 0 877888 0.2536 0.00043023255813956496
1645235926925 3 11.991862999999995 0 839766 0.2431 0.00043023255813956496
1645235931345 3 11.730403999999993 0 976062 0.2821 0.00043023255813956496
1645235935222 3 11.725894000000011 0 958353 0.2771 0.00043023255813956496
1645235939237 3 11.717597000000012 0 836268 0.2407 0.00043023255813956496
1645235943137 3 11.964113999999995 0 968967 0.27949999999999997 0.00043023255813956496
1645235947125 3 11.955061999999998 0 825839 0.238 0.00043023255813956496
1645235951039 3 11.94773699999999 0 974212 0.2814 0.00043023255813956496
1645235955143 3 11.939806000000004 0 867483 0.2505 0.00043023255813956496
1645235959091 3 11.925781999999998 0 987232 0.2852 0.00043023255813956496
1645235963355 3 11.66766899999999 0 921956 0.2666 0.00043023255813956496
1645235967094 3 11.910766999999993 0 913803 0.2641 0.00043023255813956496
1645235971466 3 11.64540500000001 0 958215 0.2765 0.00043023255813956496
1645235975488 3 11.629870000000011 0 832934 0.2408 0.00043023255813956496
1645235979497 3 11.611738000000003 0 1005593 0.2906 0.00043023255813956496
1645235983309 3 11.598461000000015 0 935985 0.2706 0.00043023255813956496
1645235987244 3 11.842038000000002 0 802415 0.2327 0.00043023255813956496
1645235991251 3 11.823476 0 999009 0.2891 0.00043023255813956496
1645235996817 3 10.05435700000001 0 869418 0.5456000000000001 0.00043023255813956496
1645235999784 3 11.08753200000001 0 897686 0.2644 0.00043023255813956496
1645236003172 3 11.794018999999992 0 960141 0.2774 0.00043023255813956496
1645236007420 3 11.532578 0 914618 0.2637 0.00043023255813956496
1645236011276 3 11.779462999999993 0 949031 0.2747 0.00043023255813956496
1645236015545 3 11.516419000000013 0 919929 0.2661 0.00043023255813956496
1645236019340 3 11.761416999999994 0 930570 0.2687 0.00043023255813956496
1645236023538 3 11.501008000000013 0 894188 0.25870000000000004 0.00043023255813956496
1645236027053 3 11.995605000000012 0 835562 0.2413 0.00043023255813956496
1645236031064 3 11.98482899999999 0 986170 0.2905 0.00043023255813956496
1645236034953 3 11.979047999999977 0 955812 0.2764 0.00043023255813956496
1645236038979 3 11.967516999999987 0 837688 0.24159999999999998 0.00043023255813956496
1645236043391 3 11.709734000000026 0 972932 0.2813 0.00043023255813956496
1645236047331 3 11.701075000000003 0 807690 0.23359999999999997 0.00043023255813956496
1645236051238 3 11.693426999999986 0 968173 0.27959999999999996 0.00043023255813956496
1645236056530 3 10.348033999999984 0 872734 0.5184 0.00043023255813956496
1645236059643 3 11.231619000000023 0 991679 0.29159999999999997 0.00043023255813956496
1645236063435 3 11.664866000000018 0 930061 0.2691 0.00043023255813956496
1645236067090 3 11.900663000000009 0 884740 0.2555 0.00043023255813956496
1645236071019 3 11.893911000000003 0 968599 0.2799 0.00043023255813956496
1645236075077 3 11.882161999999994 0 848189 0.2447 0.00043023255813956496
1645236079045 3 11.857523000000015 0 989262 0.2861 0.00043023255813956496
1645236083342 3 11.593052 0 929927 0.26880000000000004 0.00043023255813956496
1645236087386 3 11.58394400000003 0 845977 0.24409999999999998 0.00043023255813956496
1645236091410 3 11.573058000000003 0 1009703 0.292 0.00043023255813956496
1645236095522 3 11.565719999999999 0 861836 0.24969999999999998 0.00043023255813956496

