1645252023442 1 3.999999 902 346799 0.0784 -3.8786
1645252026665 4 4.778843 0 1312552 0.29969999999999997 0.000174418604651283
1645252029933 4 5.502004 0 1383123 0.3166 0.000662790697674609
1645252033355 4 6.0797620000000006 0 1451767 0.3319 0.000662790697674609
1645252036448 4 6.9857749999999985 0 1308083 0.2988 0.000662790697674609
1645252039516 4 7.917176999999999 0 1299338 0.2965 0.000662790697674609
1645252042944 4 8.489151 0 1453833 0.3324 0.000662790697674609
1645252045983 4 9.449921 0 1280990 0.2934 0.000662790697674609
1645252049831 4 9.601876000000004 0 1612910 0.3681 0.000662790697674609
1645252052712 4 10.721271000000002 0 1213987 0.277 0.000662790697674609
1645252055977 4 11.456499 0 1380918 0.3155 0.000662790697674609
1645252059633 4 11.816318000000003 0 1334467 0.305 0.000662790697674609
1645252064086 4 11.556113000000003 0 1463126 0.3336 0.000662790697674609
1645252067444 4 11.98986 0 1421742 0.3252 0.000662790697674609
1645252071836 4 11.791999000000004 0 1436771 0.3286 0.000662790697674609
1645252075700 4 11.782152000000004 0 1425347 0.32589999999999997 0.000662790697674609
1645252079935 4 11.516528000000001 0 1366001 0.3121 0.000662790697674609
1645252083966 4 11.506460000000004 0 1281785 0.2928 0.000662790697674609
1645252087531 4 11.902747000000005 0 1514044 0.346 0.000662790697674609
1645252091917 4 11.740385000000003 0 1432783 0.3276 0.000662790697674609
1645252095726 4 11.731606 0 1401397 0.32 0.000662790697674609
1645252099650 4 11.971953999999997 0 1450362 0.3315 0.000662790697674609
1645252103643 4 11.962747000000007 0 1266375 0.28959999999999997 0.000662790697674609
1645252107665 4 11.955919000000009 0 1497932 0.34249999999999997 0.000662790697674609
1645252111768 4 11.700041999999996 0 1308773 0.29969999999999997 0.000662790697674609
1645252115837 4 11.689918000000006 0 1516715 0.3467 0.000662790697674609
1645252119660 4 11.932427000000004 0 1407805 0.3218 0.000662790697674609
1645252123957 4 11.670326000000003 0 1394624 0.31880000000000003 0.000662790697674609
1645252127494 4 11.939000000000007 0 1502056 0.3428 0.000662790697674609
1645252132011 4 11.657110000000003 0 1276395 0.2918 0.000662790697674609
1645252135501 4 11.933971999999997 0 1480768 0.3382 0.000662790697674609
1645252139986 4 11.634681 0 1473992 0.3371 0.000662790697674609
1645252143574 4 11.87894200000001 0 1306146 0.29910000000000003 0.000662790697674609
1645252147746 4 11.872726999999998 0 1565699 0.3577 0.000662790697674609
1645252151750 4 11.868288000000007 0 1268922 0.2904 0.000662790697674609
1645252156072 4 11.605993000000012 0 1406335 0.3215 0.000662790697674609
1645252159833 4 11.845706000000007 0 1381377 0.31589999999999996 0.000662790697674609
1645252163812 4 11.789129000000003 0 1475162 0.3363 0.000662790697674609
1645252167684 4 11.818213000000014 0 1430482 0.32639999999999997 0.000662790697674609
1645252172078 4 11.555866000000009 0 1439994 0.32930000000000004 0.000662790697674609
1645252175894 4 11.543841000000015 0 1405476 0.3216 0.000662790697674609
1645252179659 4 11.790346999999997 0 1382866 0.31629999999999997 0.000662790697674609
1645252183746 4 11.784436 0 1303196 0.2976 0.000662790697674609
1645252187870 4 11.776033000000012 0 1538814 0.35150000000000003 0.000662790697674609
1645252191729 4 11.77035699999999 0 1423261 0.3256 0.000662790697674609
1645252195982 4 11.499972000000014 0 1377859 0.3153 0.000662790697674609
1645252199774 4 11.727206999999993 0 1396488 0.319 0.000662790697674609
1645252203769 4 11.72033300000001 0 1265878 0.28959999999999997 0.000662790697674609
1645252207738 4 11.706334999999996 0 1474721 0.3367 0.000662790697674609
1645252211944 4 11.698886000000016 0 1357016 0.3108 0.000662790697674609
1645252215494 4 11.939156999999994 0 1508969 0.3452 0.000662790697674609
1645252219840 4 11.676240000000007 0 1420161 0.3243 0.000662790697674609
1645252223628 4 11.92070799999999 0 1394798 0.319 0.000662790697674609
1645252227674 4 11.90997200000001 0 1499654 0.3422 0.000662790697674609
1645252231801 4 11.64671899999999 0 1323592 0.3025 0.000662790697674609
1645252235777 4 11.89186699999999 0 1477260 0.3378 0.000662790697674609
1645252239746 4 11.882763000000011 0 1474833 0.337 0.000662790697674609
1645252243828 4 11.625313000000006 0 1299401 0.2974 0.000662790697674609
1645252247578 4 11.856363000000016 0 1595638 0.365 0.000662790697674609
1645252251610 4 11.853850999999992 0 1282380 0.2931 0.000662790697674609
1645252255921 4 11.59528800000001 0 1402228 0.3205 0.000662790697674609
1645252259737 4 11.834788000000003 0 1404885 0.3217 0.000662790697674609
1645252263657 4 11.829667999999998 0 1453425 0.33199999999999996 0.000662790697674609
1645252268087 4 11.574162000000001 0 1453998 0.3327 0.000662790697674609
1645252271442 4 11.993412000000006 0 1424197 0.3251 0.000662790697674609
1645252275776 4 11.798377000000016 0 1409895 0.3214 0.000662790697674609
1645252280040 4 11.541430999999989 0 1381516 0.3157 0.000662790697674609
1645252284106 4 11.534021999999993 0 1298461 0.2962 0.000662790697674609
1645252287705 4 11.727758999999992 0 1530017 0.3498 0.000662790697674609
1645252292093 4 11.519784000000016 0 1437352 0.3285 0.000662790697674609
1645252295768 4 11.76129400000002 0 1344879 0.3075 0.000662790697674609
1645252299775 4 11.75606399999998 0 1490910 0.3407 0.000662790697674609
1645252303780 4 11.745006999999987 0 1264017 0.2895 0.000662790697674609
1645252307749 4 11.729401999999993 0 1458446 0.3337 0.000662790697674609
1645252311478 4 11.964176000000009 0 1366050 0.3121 0.000662790697674609
1645252315620 4 11.947676000000001 0 1540108 0.3531 0.000662790697674609
1645252319971 4 11.690547999999978 0 1421303 0.3242 0.000662790697674609
1645252323673 4 11.928517999999997 0 1359213 0.3096 0.000662790697674609
1645252327788 4 11.657344000000023 0 1514199 0.3476 0.000662790697674609
1645252331853 4 11.64818600000001 0 1296661 0.2961 0.000662790697674609
1645252336013 4 11.641197999999974 0 1340186 0.3054 0.000662790697674609
1645252339490 4 11.942802000000029 0 1478975 0.3377 0.000662790697674609
1645252343669 4 11.867169999999987 0 1342511 0.3063 0.000662790697674609
1645252347764 4 11.86203599999999 0 1527618 0.3492 0.000662790697674609
1645252351886 4 11.59860100000003 0 1297467 0.296 0.000662790697674609

