1645251672294 1 3.999999 1441 346799 0.1331 -6.1963
1645251675398 3 4.905885 0 755039 0.28959999999999997 0.000174418604651283
1645251678710 3 5.594150000000001 0 835161 0.32 0.00043023255813956496
1645251682290 3 6.014547 0 908792 0.3477 0.00043023255813956496
1645251685480 3 6.8251529999999985 0 804438 0.3086 0.00043023255813956496
1645251688758 3 7.546277 0 828659 0.3176 0.00043023255813956496
1645251692459 3 7.8449709999999975 0 937332 0.3593 0.00043023255813956496
1645251695531 3 8.772203999999999 0 776416 0.2978 0.00043023255813956496
1645251699575 3 8.731730000000002 0 1025687 0.3931 0.00043023255813956496
1645251702794 3 9.509336000000001 0 815426 0.3119 0.00043023255813956496
1645251706286 3 10.018021000000005 0 884625 0.3392 0.00043023255813956496
1645251709862 3 10.442169 0 904952 0.34740000000000004 0.00043023255813956496
1645251713627 3 10.676965000000003 0 954418 0.36629999999999996 0.00043023255813956496
1645251717224 3 11.082209000000006 0 910446 0.34900000000000003 0.00043023255813956496
1645251720871 3 11.432084000000003 0 922454 0.35350000000000004 0.00043023255813956496
1645251724591 3 11.713374000000002 0 942842 0.36160000000000003 0.00043023255813956496
1645251728574 3 11.824496000000003 0 884128 0.3388 0.00043023255813956496
1645251732846 3 11.568359000000001 0 828263 0.31779999999999997 0.00043023255813956496
1645251736705 3 11.598374000000007 0 981175 0.376 0.00043023255813956496
1645251740404 3 11.900390000000002 0 939007 0.36 0.00043023255813956496
1645251744734 3 11.799400000000006 0 841370 0.32280000000000003 0.00043023255813956496
1645251748469 3 11.838270000000009 0 947658 0.36360000000000003 0.00043023255813956496
1645251754292 3 10.01160800000001 0 828958 0.5724 0.00043023255813956496
1645251757137 2 11.16713 0 656205 0.2543 0.00043023255813956496
1645251760720 2 11.759757000000008 0 516287 0.197 0.00027906976744174194
1645251764725 2 11.742299000000003 0 627180 0.2407 0.00027906976744174194
1645251768639 2 11.726960000000005 0 603841 0.23149999999999998 0.00027906976744174194
1645251772468 2 11.972561999999996 0 582703 0.22349999999999998 0.00027906976744174194
1645251776361 3 11.943351000000007 0 988774 0.3794 0.000279069767441964
1645251780573 3 11.959536999999997 0 808061 0.3097 0.00043023255813956496
1645251784492 3 11.811789000000005 0 995677 0.38180000000000003 0.00043023255813956496
1645251788632 3 11.69615300000001 0 924757 0.35419999999999996 0.00043023255813956496
1645251794452 3 9.856854999999996 0 808228 0.5714 0.00043023255813956496
1645251797223 2 11.08012500000001 0 661250 0.2571 0.00043023255813956496
1645251800422 2 11.924248000000006 0 547682 0.2096 0.00027906976744174194
1645251804810 2 11.662160999999998 0 594286 0.22820000000000001 0.00027906976744174194
1645251808716 2 11.65406999999999 0 599508 0.2303 0.00027906976744174194
1645251812611 2 11.886248999999992 0 599347 0.22970000000000002 0.00027906976744174194
1645251816804 3 11.626663000000008 0 935273 0.359 0.000279069767441964
1645251820419 3 11.885219000000006 0 916928 0.3518 0.00043023255813956496
1645251824621 3 11.858312000000012 0 940743 0.3603 0.00043023255813956496
1645251828590 3 11.84446299999999 0 877888 0.3372 0.00043023255813956496
1645251832915 3 11.581907999999999 0 839766 0.3223 0.00043023255813956496
1645251836754 3 11.549566999999996 0 976062 0.3742 0.00043023255813956496
1645251843148 3 9.156116999999995 0 958353 0.6289 0.00043023255813956496
1645251845508 2 10.796641999999991 0 553119 0.21469999999999997 0.00043023255813956496
1645251848569 2 11.791142000000008 0 640678 0.2445 0.00027906976744174194
1645251852710 2 11.786042000000009 0 535087 0.20390000000000003 0.00027906976744174194
1645251856805 2 11.528549999999996 0 645101 0.24860000000000002 0.00027906976744174194
1645251860990 2 11.520572000000016 0 542740 0.2084 0.00027906976744174194
1645251864873 3 11.432244999999995 0 987232 0.3781 0.000279069767441964
1645251868504 3 11.799075000000016 0 921956 0.3532 0.00043023255813956496
1645251874757 3 9.546425999999997 0 913803 0.6152 0.00043023255813956496
1645251877302 2 11.001015999999993 0 605033 0.23490000000000003 0.00043023255813956496
1645251880434 2 11.979013000000009 0 530643 0.20329999999999998 0.00027906976744174194
1645251884534 2 11.970437000000004 0 652691 0.2496 0.00027906976744174194
1645251888467 2 11.962491 0 609815 0.2332 0.00027906976744174194
1645251892661 2 11.701014000000015 0 544612 0.2091 0.00027906976744174194
1645251896604 3 11.700869000000012 0 999009 0.3834 0.000279069767441964
1645251900534 3 11.93318099999999 0 869418 0.3331 0.00043023255813956496
1645251904582 3 11.921948000000015 0 897686 0.3445 0.00043023255813956496
1645251908355 3 11.948500999999993 0 960141 0.3679 0.00043023255813956496
1645251914569 3 9.734466999999995 0 914618 0.6103 0.00043023255813956496
1645251917154 2 11.151889000000011 0 608720 0.23620000000000002 0.00043023255813956496
1645251920584 2 11.876594000000011 0 606705 0.2327 0.00027906976744174194
1645251924451 2 11.865041999999988 0 593343 0.22610000000000002 0.00027906976744174194
1645251928810 2 11.603135000000009 0 587405 0.2253 0.00027906976744174194
1645251932883 2 11.595340000000022 0 509910 0.1963 0.00027906976744174194
1645251936771 3 11.533926000000008 0 986170 0.37829999999999997 0.000279069767441964
1645251940536 3 11.768547000000012 0 955812 0.36619999999999997 0.00043023255813956496
1645251944849 3 11.569904000000008 0 837688 0.3214 0.00043023255813956496
1645251948686 3 11.618815999999981 0 972932 0.3739 0.00043023255813956496
1645251952885 3 11.543993999999998 0 807690 0.3094 0.00043023255813956496
1645251956825 3 11.481788999999992 0 968173 0.37120000000000003 0.00043023255813956496
1645251960769 3 11.748534000000006 0 872734 0.3346 0.00043023255813956496
1645251964676 3 11.627268000000015 0 991679 0.3806 0.00043023255813956496
1645251968337 3 11.96677699999998 0 930061 0.3565 0.00043023255813956496
1645251972337 3 11.98559499999999 0 884740 0.33999999999999997 0.00043023255813956496
1645251978737 3 9.567213999999979 0 968599 0.6298 0.00043023255813956496
1645251981023 2 11.281504999999981 0 534940 0.20800000000000002 0.00043023255813956496
1645251984578 2 11.937752999999987 0 638300 0.2444 0.00027906976744174194
1645251988577 2 11.930649000000017 0 626429 0.2392 0.00027906976744174194
1645251992742 2 11.67404399999998 0 538866 0.20579999999999998 0.00027906976744174194
1645251996783 2 11.670141999999998 0 636237 0.244 0.00027906976744174194
1645252000700 3 11.662853999999982 0 861836 0.3306 0.000279069767441964

