1645249879527 1 3.999999 1030 346799 0.0917 -4.429
1645249880288 0 7.249792 0 213385 0.05620000000000001 0.00017441860465117198
1645249880763 0 10.774828000000001 0 141806 0.0373 0.00006976744186043549
1645249884166 0 11.538023 0 112578 0.0295 0.00006976744186043549
1645249888055 0 11.531284 0 80671 0.028100000000000003 0.00006976744186043549
1645249891901 0 11.769792999999998 0 68729 0.0245 0.00006976744186043549
1645249895923 0 11.764001999999998 0 137895 0.0421 0.00006976744186043549
1645249899888 0 11.754770999999998 0 114138 0.037 0.00006976744186043549
1645249903890 0 11.751652000000004 0 126013 0.04 0.00006976744186043549
1645249907624 0 11.997623 0 217236 0.0633 0.00006976744186043549
1645249911866 0 11.73695 0 219398 0.0643 0.00006976744186043549
1645249915993 0 11.729861 0 177648 0.052700000000000004 0.00006976744186043549
1645249919584 0 11.971732000000003 0 166856 0.0495 0.00006976744186043549
1645249923828 0 11.709722 0 223685 0.06470000000000001 0.00006976744186043549
1645249928028 0 11.703348000000005 0 206455 0.060399999999999995 0.00006976744186043549
1645249932002 0 11.695729 0 121534 0.038 0.00006976744186043549
1645249935935 0 11.691136 0 105092 0.0333 0.00006976744186043549
1645249939764 0 11.936098000000001 0 63086 0.022600000000000002 0.00006976744186043549
1645249943657 0 11.929798000000005 0 87739 0.0294 0.00006976744186043549
1645249947716 0 11.915898999999996 0 152905 0.046200000000000005 0.00006976744186043549
1645249951644 0 11.902242000000001 0 100587 0.0316 0.00006976744186043549
1645249955791 0 11.897076999999996 0 186001 0.05500000000000001 0.00006976744186043549
1645249959987 0 11.635590000000008 0 201620 0.0593 0.00006976744186043549
1645249963718 0 11.879616999999996 0 218012 0.0637 0.00006976744186043549
1645249967699 0 11.870592000000002 0 123058 0.0386 0.00006976744186043549
1645249971885 0 11.860190000000003 0 198856 0.0583 0.00006976744186043549
1645249976135 0 11.605810000000005 0 223061 0.064 0.00006976744186043549
1645249980165 0 11.599975 0 143385 0.0432 0.00006976744186043549
1645249984125 0 11.589185999999998 0 117021 0.0364 0.00006976744186043549
1645249987997 0 11.580410999999998 0 83595 0.027500000000000004 0.00006976744186043549
1645249991834 0 11.823374999999999 0 68011 0.023799999999999998 0.00006976744186043549
1645249995840 0 11.816459000000009 0 134264 0.0407 0.00006976744186043549
1645249999796 0 11.807519999999997 0 113722 0.0358 0.00006976744186043549
1645250003780 0 11.802008 0 122694 0.0386 0.00006976744186043549
1645250008007 0 11.537825999999995 0 215146 0.0626 0.00006976744186043549
1645250012248 0 11.531925999999999 0 213339 0.063 0.00006976744186043549
1645250015869 0 11.769991000000005 0 176949 0.0522 0.00006976744186043549
1645250019936 0 11.764675000000011 0 158356 0.047099999999999996 0.00006976744186043549
1645250024170 0 11.506214999999997 0 219852 0.0639 0.00006976744186043549
1645250027847 0 11.75000399999999 0 196864 0.057999999999999996 0.00006976744186043549
1645250031807 0 11.738248999999996 0 116610 0.0364 0.00006976744186043549
1645250035751 0 11.982429999999994 0 107223 0.034499999999999996 0.00006976744186043549
1645250039576 0 11.97617600000001 0 64332 0.0227 0.00006976744186043549
1645250043973 0 11.720241000000016 0 88753 0.0294 0.00006976744186043549
1645250048032 0 11.713605000000001 0 153489 0.046700000000000005 0.00006976744186043549
1645250051958 0 11.707346999999999 0 101805 0.0324 0.00006976744186043549
1645250055607 0 11.949894 0 186822 0.055700000000000006 0.00006976744186043549
1645250059792 0 11.939213999999993 0 200149 0.058899999999999994 0.00006976744186043549
1645250064025 0 11.682026000000008 0 215305 0.0631 0.00006976744186043549
1645250068027 0 11.672156999999999 0 128759 0.039900000000000005 0.00006976744186043549
1645250071708 0 11.915523000000007 0 199367 0.058199999999999995 0.00006976744186043549
1645250075945 0 11.656786000000011 0 220759 0.0641 0.00006976744186043549
1645250079990 0 11.64673400000001 0 149511 0.0448 0.00006976744186043549
1645250083958 0 11.641205000000014 0 118879 0.0372 0.00006976744186043549
1645250087840 0 11.88538299999999 0 85418 0.028000000000000004 0.00006976744186043549
1645250091678 0 11.877121000000017 0 68807 0.0241 0.00006976744186043549
1645250095688 0 11.873242000000005 0 132565 0.0411 0.00006976744186043549
1645250100155 0 11.613902999999993 0 117262 0.0366 0.00006976744186043549
1645250104114 0 11.608352999999994 0 116418 0.0365 0.00006976744186043549
1645250107858 0 11.847352999999998 0 223024 0.06470000000000001 0.00006976744186043549
1645250112081 0 11.591194000000002 0 214538 0.0625 0.00006976744186043549
1645250115710 0 11.832492000000002 0 178191 0.0531 0.00006976744186043549
1645250119790 0 11.822818000000012 0 161454 0.0481 0.00006976744186043549
1645250124004 0 11.566519999999997 0 212225 0.0615 0.00006976744186043549
1645250128178 0 11.562775000000016 0 195858 0.05739999999999999 0.00006976744186043549
1645250132153 0 11.557488000000006 0 119665 0.0371 0.00006976744186043549
1645250136092 0 11.548065000000008 0 108667 0.034499999999999996 0.00006976744186043549
1645250139910 0 11.792166000000009 0 64782 0.0221 0.00006976744186043549
1645250143800 0 11.780912 0 87523 0.028699999999999996 0.00006976744186043549
1645250147870 0 11.775588000000027 0 155607 0.0466 0.00006976744186043549
1645250151787 0 11.765426999999988 0 100404 0.0322 0.00006976744186043549
1645250155921 0 11.758735000000001 0 183614 0.0539 0.00006976744186043549
1645250160095 0 11.501037999999994 0 197686 0.057199999999999994 0.00006976744186043549
1645250163825 0 11.74425100000002 0 217520 0.0629 0.00006976744186043549
1645250167828 0 11.727393000000006 0 132353 0.0407 0.00006976744186043549
1645250172017 0 11.722833999999978 0 199853 0.058399999999999994 0.00006976744186043549
1645250175773 0 11.962829999999997 0 225614 0.0661 0.00006976744186043549
1645250179826 0 11.957199000000003 0 150477 0.0451 0.00006976744186043549
1645250183786 0 11.943826999999999 0 117995 0.036699999999999997 0.00006976744186043549
1645250187671 0 11.934259999999995 0 86503 0.028399999999999998 0.00006976744186043549
1645250192006 0 11.678194000000019 0 67335 0.0236 0.00006976744186043549
1645250196016 0 11.667769000000021 0 132169 0.0407 0.00006976744186043549
1645250199984 0 11.662562999999977 0 118800 0.0373 0.00006976744186043549
1645250203944 0 11.655601999999988 0 116618 0.0358 0.00006976744186043549
1645250207690 0 11.898826999999983 0 222296 0.06470000000000001 0.00006976744186043549

