1645229432719 1 3.999999 4869 346799 0.47539999999999993 -20.936700000000002
1645229443265 3 4.3574459999999995 6899 755039 1.0311 -29.665525581395343
1645229454889 3 4.479839000000001 7743 835161 1.1401999999999999 -33.29446976744186
1645229467509 3 4.4560710000000014 8599 908792 1.2405 -36.97526976744186
1645229478742 3 4.281212999999999 7051 804438 1.0988 -30.318869767441857
1645229490267 3 4.311983999999999 7561 828659 1.1315 -32.51186976744186
1645229503327 3 4.355174999999999 9104 937332 1.2818 -39.14676976744186
1645229514141 3 4.431335000000001 6890 776416 1.06 -29.626569767441858
1645229528398 3 4.286260000000002 10112 1025687 1.4015 -43.48116976744186
1645229539749 3 4.366515 7432 815426 1.1135 -31.957169767441858
1645229552076 3 4.268584000000004 8226 884625 1.2093 -35.371369767441855
1645229564665 3 4.464473000000005 8790 904952 1.236 -37.79656976744186
1645229577947 3 4.482391 9296 954418 1.3057 -39.972369767441855
1645229590565 3 4.4895330000000016 8630 910446 1.2424 -37.108569767441864
1645229603409 3 4.346732000000003 8701 922454 1.2621 -37.41386976744186
1645229616514 3 4.266795999999999 9024 942842 1.2886 -38.80276976744186
1645229628810 3 4.253962000000001 8284 884128 1.2075 -35.62076976744186
1645229640355 3 4.255201999999997 7549 828263 1.1314 -32.46026976744186
1645229653981 3 4.285387 9655 981175 1.3405 -41.51606976744186
1645229667020 3 4.4114840000000015 9165 939007 1.2818 -39.40906976744186
1645229678725 3 4.300111000000001 7595 841370 1.1488 -32.65806976744186
1645229691894 3 4.374846000000005 9241 947658 1.2948 -39.735869767441855
1645229703423 3 4.3275409999999965 7482 828958 1.1313 -32.17216976744186
1645229717009 3 4.2822340000000025 9538 977791 1.3363 -41.01296976744187
1645229728776 3 4.292376000000004 7782 847215 1.1553 -33.462169767441864
1645229742340 3 4.298477000000005 9571 978032 1.3340999999999998 -41.15486976744186
1645229755355 3 4.337790999999996 9054 934237 1.2798 -38.93176976744186

