1645253426214 1 3.999999 1086 346799 0.0987 -4.6698
1645253428585 3 5.677265 0 755039 0.2149 0.000174418604651283
1645253431062 3 7.202236000000001 0 835161 0.23769999999999997 0.00043023255813956496
1645253433747 3 8.517286 0 908792 0.2584 0.00043023255813956496
1645253436139 3 10.125502999999998 0 804438 0.229 0.00043023255813956496
1645253438590 3 11.671814999999999 0 828659 0.2355 0.00043023255813956496
1645253442879 3 11.59901 0 937332 0.267 0.00043023255813956496
1645253446695 3 11.589174 0 776416 0.221 0.00043023255813956496
1645253450753 3 11.581955000000004 0 1025687 0.29159999999999997 0.00043023255813956496
1645253454677 3 11.823770000000003 0 815426 0.2318 0.00043023255813956496
1645253458800 3 11.566715000000002 0 884625 0.252 0.00043023255813956496
1645253462479 3 11.805143000000001 0 904952 0.25739999999999996 0.00043023255813956496
1645253466797 3 11.549678 0 954418 0.2713 0.00043023255813956496
1645253470487 3 11.790368 0 910446 0.2589 0.00043023255813956496
1645253474712 3 11.779101000000004 0 922454 0.2621 0.00043023255813956496
1645253478497 3 11.772364000000003 0 942842 0.2685 0.00043023255813956496
1645253482612 3 11.764673000000002 0 884128 0.2515 0.00043023255813956496
1645253486574 3 11.75564 0 828263 0.23570000000000002 0.00043023255813956496
1645253490464 3 11.998799000000005 0 981175 0.2788 0.00043023255813956496
1645253494739 3 11.736488000000008 0 939007 0.2671 0.00043023255813956496
1645253498734 3 11.730496000000002 0 841370 0.2392 0.00043023255813956496
1645253502532 3 11.971294 0 947658 0.2697 0.00043023255813956496
1645253506497 3 11.958460000000002 0 828958 0.23610000000000003 0.00043023255813956496
1645253510385 3 11.954757999999998 0 977791 0.2778 0.00043023255813956496
1645253514395 3 11.949658 0 847215 0.2407 0.00043023255813956496
1645253518776 3 11.678446000000008 0 978032 0.2781 0.00043023255813956496
1645253522538 3 11.923738 0 934237 0.2661 0.00043023255813956496
1645253528253 3 10.009000999999998 0 889600 0.5618000000000001 0.00043023255813956496
1645253531306 3 10.956150000000008 0 988774 0.2862 0.00043023255813956496
1645253534706 3 11.64450500000001 0 808061 0.22970000000000002 0.00043023255813956496
1645253538641 3 11.636462000000009 0 995677 0.28359999999999996 0.00043023255813956496
1645253542878 3 11.621735000000001 0 924757 0.2626 0.00043023255813956496
1645253546772 3 11.608997000000002 0 808228 0.22970000000000002 0.00043023255813956496
1645253550757 3 11.597403999999997 0 1014212 0.2887 0.00043023255813956496
1645253554768 3 11.591223000000014 0 845218 0.2405 0.00043023255813956496
1645253558458 3 11.836816999999996 0 910767 0.25880000000000003 0.00043023255813956496
1645253562628 3 11.828261999999995 0 901777 0.2569 0.00043023255813956496
1645253566488 3 11.819790000000012 0 967347 0.2751 0.00043023255813956496
1645253570757 3 11.560888000000006 0 935273 0.2664 0.00043023255813956496
1645253574464 3 11.805662000000012 0 916928 0.2605 0.00043023255813956496
1645253578738 3 11.538505000000015 0 940743 0.2676 0.00043023255813956496
1645253582852 3 11.529888 0 877888 0.2501 0.00043023255813956496
1645253586844 3 11.523178999999999 0 839766 0.2391 0.00043023255813956496
1645253590719 3 11.765250000000009 0 976062 0.2777 0.00043023255813956496
1645253594548 3 11.759591 0 958353 0.2725 0.00043023255813956496
1645253598554 3 11.721609 0 836268 0.2384 0.00043023255813956496
1645253602412 3 11.966552000000007 0 968967 0.27549999999999997 0.00043023255813956496
1645253606354 3 11.960714999999993 0 825839 0.2347 0.00043023255813956496
1645253610725 3 11.702837000000017 0 974212 0.277 0.00043023255813956496
1645253614790 3 11.69493399999999 0 867483 0.2464 0.00043023255813956496
1645253620902 3 9.359426000000013 0 987232 0.6014 0.00043023255813956496
1645253623760 3 10.503520000000009 0 921956 0.26680000000000004 0.00043023255813956496
1645253626462 3 11.799797000000012 0 913803 0.2597 0.00043023255813956496
1645253630783 3 11.65890300000001 0 958215 0.2714 0.00043023255813956496
1645253634755 3 11.653793000000007 0 832934 0.23679999999999998 0.00043023255813956496
1645253638715 3 11.647802000000013 0 1005593 0.2862 0.00043023255813956496
1645253642481 3 11.892359999999996 0 935985 0.2661 0.00043023255813956496
1645253646860 3 11.631022999999999 0 802415 0.22799999999999998 0.00043023255813956496
1645253650801 3 11.626168000000007 0 999009 0.2844 0.00043023255813956496
1645253654880 3 11.61790099999999 0 869418 0.2473 0.00043023255813956496
1645253658536 3 11.863457000000011 0 897686 0.2552 0.00043023255813956496
1645253662876 3 11.589551999999998 0 960141 0.2731 0.00043023255813956496
1645253666574 3 11.83149499999999 0 914618 0.2601 0.00043023255813956496
1645253672547 3 9.71795800000001 0 949031 0.5869 0.00043023255813956496
1645253675399 3 10.862735000000015 0 919929 0.2665 0.00043023255813956496
1645253678638 3 11.805475000000001 0 930570 0.26389999999999997 0.00043023255813956496
1645253682782 3 11.54702100000003 0 894188 0.25379999999999997 0.00043023255813956496
1645253686759 3 11.539614000000029 0 835562 0.2371 0.00043023255813956496
1645253690667 3 11.784807 0 986170 0.281 0.00043023255813956496
1645253694490 3 11.778801999999985 0 955812 0.2719 0.00043023255813956496
1645253698967 3 11.51932499999998 0 837688 0.2383 0.00043023255813956496
1645253702831 3 11.513475000000028 0 972932 0.2766 0.00043023255813956496
1645253706723 3 11.75848000000002 0 807690 0.22890000000000002 0.00043023255813956496
1645253710581 3 11.751147000000003 0 968173 0.2757 0.00043023255813956496
1645253714667 3 11.746080000000006 0 872734 0.24820000000000003 0.00043023255813956496
1645253718592 3 11.737516000000028 0 991679 0.2823 0.00043023255813956496
1645253722340 3 11.981479999999976 0 930061 0.26480000000000004 0.00043023255813956496
1645253728138 3 10.124175999999977 0 884740 0.5703 0.00043023255813956496
1645253731147 3 11.117034999999987 0 968599 0.28090000000000004 0.00043023255813956496
1645253734664 3 11.70918899999998 0 848189 0.24089999999999998 0.00043023255813956496
1645253738592 3 11.700647000000004 0 989262 0.2811 0.00043023255813956496
1645253742338 3 11.936405999999977 0 929927 0.26480000000000004 0.00043023255813956496
1645253746346 3 11.932402000000025 0 845977 0.24100000000000002 0.00043023255813956496
1645253750827 3 11.675927000000001 0 1009703 0.2866 0.00043023255813956496
1645253754382 3 11.916725999999983 0 861836 0.24489999999999998 0.00043023255813956496

