1645253415510 1 3.999999 1111 346799 0.0982 -4.7773
1645253416302 0 7.225924 0 213385 0.0606 0.00017441860465117198
1645253416800 0 10.728534 0 141806 0.0405 0.00006976744186043549
1645253419712 0 11.851974000000002 0 112578 0.0315 0.00006976744186043549
1645253424071 0 11.596763999999999 0 80671 0.0259 0.00006976744186043549
1645253427921 0 11.840601 0 68729 0.0251 0.00006976744186043549
1645253431964 0 11.586610999999998 0 137895 0.0446 0.00006976744186043549
1645253435948 0 11.823408 0 114138 0.0385 0.00006976744186043549
1645253439963 0 11.815459000000004 0 126013 0.0411 0.00006976744186043549
1645253443747 0 11.782834000000001 0 217236 0.0683 0.00006976744186043549
1645253448022 0 11.524298000000002 0 219398 0.0669 0.00006976744186043549
1645253452181 0 11.516710000000003 0 177648 0.05550000000000001 0.00006976744186043549
1645253455802 0 11.758784000000006 0 166856 0.0522 0.00006976744186043549
1645253460079 0 11.502354000000004 0 223685 0.06810000000000001 0.00006976744186043549
1645253463809 0 11.747439 0 206455 0.0633 0.00006976744186043549
1645253467806 0 11.738440000000004 0 121534 0.0395 0.00006976744186043549
1645253471739 0 11.982066000000003 0 105092 0.034 0.00006976744186043549
1645253475559 0 11.972453999999999 0 63086 0.0221 0.00006976744186043549
1645253479953 0 11.711972000000003 0 87739 0.0288 0.00006976744186043549
1645253484043 0 11.703725000000006 0 152905 0.047599999999999996 0.00006976744186043549
1645253487975 0 11.691607000000005 0 100587 0.033100000000000004 0.00006976744186043549
1645253491646 0 11.937573 0 186001 0.057199999999999994 0.00006976744186043549
1645253495864 0 11.683018000000004 0 201620 0.0619 0.00006976744186043549
1645253499624 0 11.922043000000002 0 218012 0.0664 0.00006976744186043549
1645253503626 0 11.912439000000006 0 123058 0.04 0.00006976744186043549
1645253507841 0 11.904243000000008 0 198856 0.0616 0.00006976744186043549
1645253511683 0 11.849671999999998 0 223061 0.0679 0.00006976744186043549
1645253515741 0 11.839343 0 143385 0.045700000000000005 0.00006976744186043549
1645253519713 0 11.830270999999996 0 117021 0.0375 0.00006976744186043549
1645253524092 0 11.575623000000007 0 83595 0.028199999999999996 0.00006976744186043549
1645253527939 0 11.820842999999996 0 68011 0.0249 0.00006976744186043549
1645253531967 0 11.563967000000005 0 134264 0.043 0.00006976744186043549
1645253535937 0 11.808563000000007 0 113722 0.0369 0.00006976744186043549
1645253539927 0 11.799794000000006 0 122694 0.039400000000000004 0.00006976744186043549
1645253544191 0 11.542048999999992 0 215146 0.0665 0.00006976744186043549
1645253547948 0 11.787101000000007 0 213339 0.0656 0.00006976744186043549
1645253552106 0 11.530406999999997 0 176949 0.056100000000000004 0.00006976744186043549
1645253556203 0 11.521035000000012 0 158356 0.0497 0.00006976744186043549
1645253559976 0 11.762895000000015 0 219852 0.0671 0.00006976744186043549
1645253564191 0 11.501497999999998 0 196864 0.061 0.00006976744186043549
1645253567664 0 11.993728000000004 0 116610 0.0374 0.00006976744186043549
1645253571619 0 11.987130000000008 0 107223 0.035699999999999996 0.00006976744186043549
1645253575948 0 11.728606000000013 0 64332 0.023100000000000002 0.00006976744186043549
1645253579843 0 11.721892999999994 0 88753 0.0298 0.00006976744186043549
1645253583923 0 11.715757999999994 0 153489 0.0477 0.00006976744186043549
1645253587856 0 11.700852999999995 0 101805 0.033600000000000005 0.00006976744186043549
1645253592038 0 11.692361000000005 0 186822 0.0581 0.00006976744186043549
1645253595757 0 11.93399199999999 0 200149 0.0617 0.00006976744186043549
1645253600014 0 11.67682400000001 0 215305 0.0655 0.00006976744186043549
1645253604025 0 11.670414999999991 0 128759 0.0409 0.00006976744186043549
1645253607740 0 11.912405000000007 0 199367 0.061399999999999996 0.00006976744186043549
1645253612009 0 11.655377000000016 0 220759 0.0673 0.00006976744186043549
1645253616087 0 11.646751999999992 0 149511 0.047799999999999995 0.00006976744186043549
1645253620068 0 11.642561 0 118879 0.0382 0.00006976744186043549
1645253623962 0 11.636904000000015 0 85418 0.029199999999999997 0.00006976744186043549
1645253627806 0 11.878758000000005 0 68807 0.0247 0.00006976744186043549
1645253631832 0 11.87223499999999 0 132565 0.0428 0.00006976744186043549
1645253635814 0 11.862908000000004 0 117262 0.0382 0.00006976744186043549
1645253639793 0 11.856600000000014 0 116418 0.0383 0.00006976744186043549
1645253644069 0 11.596891999999997 0 223024 0.068 0.00006976744186043549
1645253647825 0 11.842399 0 214538 0.0653 0.00006976744186043549
1645253651978 0 11.585431 0 178191 0.055200000000000006 0.00006976744186043549
1645253656080 0 11.577924999999993 0 161454 0.0507 0.00006976744186043549
1645253659830 0 11.823140999999993 0 212225 0.0651 0.00006976744186043549
1645253664033 0 11.565028000000012 0 195858 0.060399999999999995 0.00006976744186043549
1645253668019 0 11.557523000000003 0 119665 0.0386 0.00006976744186043549
1645253671974 0 11.799734 0 108667 0.0354 0.00006976744186043549
1645253675798 0 11.791488000000015 0 64782 0.0227 0.00006976744186043549
1645253680191 0 11.536090999999999 0 87523 0.028999999999999998 0.00006976744186043549
1645253683769 0 11.777873 0 155607 0.0482 0.00006976744186043549
1645253688205 0 11.517466000000013 0 100404 0.0337 0.00006976744186043549
1645253691865 0 11.75993699999998 0 183614 0.056299999999999996 0.00006976744186043549
1645253696075 0 11.505183999999986 0 197686 0.0612 0.00006976744186043549
1645253699839 0 11.743651999999997 0 217520 0.0666 0.00006976744186043549
1645253703860 0 11.738424000000009 0 132353 0.0426 0.00006976744186043549
1645253707569 0 11.979907000000026 0 199853 0.0612 0.00006976744186043549
1645253711855 0 11.723462999999981 0 225614 0.0685 0.00006976744186043549
1645253715927 0 11.707965999999999 0 150477 0.0477 0.00006976744186043549
1645253719901 0 11.702838999999983 0 117995 0.0378 0.00006976744186043549
1645253723802 0 11.944870999999978 0 86503 0.029699999999999997 0.00006976744186043549
1645253727637 0 11.932810000000018 0 67335 0.0233 0.00006976744186043549
1645253731657 0 11.929414000000008 0 132169 0.041999999999999996 0.00006976744186043549
1645253735644 0 11.92011500000001 0 118800 0.0381 0.00006976744186043549
1645253739630 0 11.9144 0 116618 0.0385 0.00006976744186043549
1645253743906 0 11.65841499999999 0 222296 0.06720000000000001 0.00006976744186043549

