1645251995866 1 3.999999 897 346799 0.0789 -3.8571
1645251996549 0 7.332794 0 213385 0.0486 0.00017441860465117198
1645251996979 0 10.904238000000001 0 141806 0.0329 0.00006976744186043549
1645252000332 0 11.664596 0 112578 0.0254 0.00006976744186043549
1645252004184 0 11.906750999999998 0 80671 0.0252 0.00006976744186043549
1645252008016 0 11.90105 0 68729 0.0229 0.00006976744186043549
1645252012014 0 11.892681 0 137895 0.0397 0.00006976744186043549
1645252016453 0 11.632933999999999 0 114138 0.0334 0.00006976744186043549
1645252020408 0 11.628132 0 126013 0.035699999999999996 0.00006976744186043549
1645252024081 0 11.867530000000002 0 217236 0.0566 0.00006976744186043549
1645252028248 0 11.862226 0 219398 0.0573 0.00006976744186043549
1645252032318 0 11.601038000000003 0 177648 0.047 0.00006976744186043549
1645252036367 0 11.589573000000001 0 166856 0.045 0.00006976744186043549
1645252040051 0 11.832253000000001 0 223685 0.0586 0.00006976744186043549
1645252044205 0 11.819780000000002 0 206455 0.05450000000000001 0.00006976744186043549
1645252048157 0 11.808494000000003 0 121534 0.034999999999999996 0.00006976744186043549
1645252052574 0 11.551025000000003 0 105092 0.0305 0.00006976744186043549
1645252056384 0 11.546972000000004 0 63086 0.0216 0.00006976744186043549
1645252060256 0 11.788482000000002 0 87739 0.0269 0.00006976744186043549
1645252064277 0 11.782362000000006 0 152905 0.0419 0.00006976744186043549
1645252068180 0 11.773719 0 100587 0.0301 0.00006976744186043549
1645252072266 0 11.770843999999997 0 186001 0.0489 0.00006976744186043549
1645252076399 0 11.516981000000001 0 201620 0.0533 0.00006976744186043549
1645252080562 0 11.508732000000009 0 218012 0.05639999999999999 0.00006976744186043549
1645252084515 0 11.501688999999999 0 123058 0.0353 0.00006976744186043549
1645252088144 0 11.741059000000007 0 198856 0.0528 0.00006976744186043549
1645252092362 0 11.732785000000007 0 223061 0.057999999999999996 0.00006976744186043549
1645252096360 0 11.724244999999996 0 143385 0.0402 0.00006976744186043549
1645252100299 0 11.717178000000004 0 117021 0.0344 0.00006976744186043549
1645252104162 0 11.955328000000009 0 83595 0.0264 0.00006976744186043549
1645252107994 0 11.946832 0 68011 0.023100000000000002 0.00006976744186043549
1645252111975 0 11.937716000000009 0 134264 0.0376 0.00006976744186043549
1645252116405 0 11.681291000000002 0 113722 0.0333 0.00006976744186043549
1645252120347 0 11.671626000000003 0 122694 0.034499999999999996 0.00006976744186043549
1645252124009 0 11.917372 0 215146 0.05620000000000001 0.00006976744186043549
1645252128171 0 11.902143999999993 0 213339 0.055700000000000006 0.00006976744186043549
1645252132244 0 11.642506999999995 0 176949 0.047299999999999995 0.00006976744186043549
1645252136268 0 11.633803999999998 0 158356 0.043 0.00006976744186043549
1645252140442 0 11.62888000000001 0 219852 0.057199999999999994 0.00006976744186043549
1645252144061 0 11.867716999999999 0 196864 0.0524 0.00006976744186043549
1645252148494 0 11.608139999999992 0 116610 0.0337 0.00006976744186043549
1645252152410 0 11.59844799999999 0 107223 0.0322 0.00006976744186043549
1645252156226 0 11.840800999999999 0 64332 0.0217 0.00006976744186043549
1645252160101 0 11.83320900000001 0 88753 0.027500000000000004 0.00006976744186043549
1645252164125 0 11.826884000000007 0 153489 0.0426 0.00006976744186043549
1645252168520 0 11.570662999999996 0 101805 0.0298 0.00006976744186043549
1645252172114 0 11.809252000000015 0 186822 0.0497 0.00006976744186043549
1645252176246 0 11.803066999999999 0 200149 0.052500000000000005 0.00006976744186043549
1645252180411 0 11.547683000000006 0 215305 0.05639999999999999 0.00006976744186043549
1645252184374 0 11.541950000000014 0 128759 0.036699999999999997 0.00006976744186043549
1645252188500 0 11.533693999999997 0 199367 0.0524 0.00006976744186043549
1645252192176 0 11.77370400000001 0 220759 0.0578 0.00006976744186043549
1645252196194 0 11.770314000000013 0 149511 0.041299999999999996 0.00006976744186043549
1645252200138 0 11.755435000000006 0 118879 0.0339 0.00006976744186043549
1645252203998 0 11.999321000000009 0 85418 0.0262 0.00006976744186043549
1645252208324 0 11.743209000000007 0 68807 0.0229 0.00006976744186043549
1645252212291 0 11.734923000000009 0 132565 0.0374 0.00006976744186043549
1645252216239 0 11.724958000000015 0 117262 0.0348 0.00006976744186043549
1645252220175 0 11.719639 0 116418 0.0339 0.00006976744186043549
1645252224356 0 11.710317000000003 0 223024 0.0581 0.00006976744186043549
1645252228017 0 11.950614999999999 0 214538 0.056499999999999995 0.00006976744186043549
1645252232098 0 11.943894999999998 0 178191 0.0477 0.00006976744186043549
1645252236134 0 11.937242999999995 0 161454 0.0439 0.00006976744186043549
1645252240292 0 11.679181999999997 0 212225 0.05639999999999999 0.00006976744186043549
1645252244408 0 11.668799000000007 0 195858 0.0519 0.00006976744186043549
1645252248348 0 11.657170000000008 0 119665 0.034300000000000004 0.00006976744186043549
1645252252263 0 11.645358999999985 0 108667 0.0319 0.00006976744186043549
1645252256071 0 11.889925000000005 0 64782 0.0212 0.00006976744186043549
1645252260438 0 11.632173000000023 0 87523 0.026600000000000002 0.00006976744186043549
1645252264463 0 11.62402800000001 0 155607 0.0427 0.00006976744186043549
1645252268361 0 11.620272999999997 0 100404 0.0304 0.00006976744186043549
1645252272442 0 11.610897000000023 0 183614 0.0481 0.00006976744186043549
1645252276059 0 11.85636199999999 0 197686 0.0522 0.00006976744186043549
1645252280227 0 11.846557000000018 0 217520 0.05689999999999999 0.00006976744186043549
1645252284213 0 11.841028999999992 0 132353 0.0371 0.00006976744186043549
1645252288345 0 11.583708999999999 0 199853 0.053200000000000004 0.00006976744186043549
1645252292520 0 11.578200999999979 0 225614 0.058199999999999995 0.00006976744186043549
1645252296538 0 11.573185000000024 0 150477 0.0416 0.00006976744186043549
1645252300482 0 11.562486999999976 0 117995 0.034300000000000004 0.00006976744186043549
1645252304342 0 11.55776800000001 0 86503 0.0264 0.00006976744186043549
1645252308181 0 11.799284999999998 0 67335 0.023 0.00006976744186043549
1645252312161 0 11.792811000000029 0 132169 0.0371 0.00006976744186043549
1645252316107 0 11.78801500000003 0 118800 0.0344 0.00006976744186043549
1645252320559 0 11.53295300000002 0 116618 0.0344 0.00006976744186043549
1645252324236 0 11.778245000000027 0 222296 0.05789999999999999 0.00006976744186043549

