1645233356014 1 3.999999 1488 346799 0.13520000000000001 -6.3984
1645233357548 1 6.453892 0 363755 0.1417 0.00017441860465117198
1645233359073 1 8.930947 0 362842 0.14150000000000001 0.00017441860465117198
1645233360674 1 11.330948000000001 0 384791 0.1496 0.00017441860465117198
1645233364019 3 11.982546999999999 0 804438 0.3148 0.000174418604651283
1645233368377 3 11.693983999999999 0 828659 0.3247 0.00043023255813956496
1645233372143 3 11.855974999999997 0 937332 0.36669999999999997 0.00043023255813956496
1645233376280 3 11.930214 0 776416 0.3036 0.00043023255813956496
1645233380393 3 11.607355000000002 0 1025687 0.4016 0.00043023255813956496
1645233385580 3 10.419162000000004 0 815426 0.5093 0.00043023255813956496
1645233388240 1 11.900390000000002 0 366374 0.1462 0.00043023255813956496
1645233392384 3 11.639623 0 904952 0.35419999999999996 0.000174418604651283
1645233396224 3 11.776023000000002 0 954418 0.373 0.00043023255813956496
1645233400394 3 11.61723 0 910446 0.355 0.00043023255813956496
1645233404107 3 11.894861000000006 0 922454 0.3608 0.00043023255813956496
1645233408395 3 11.851832000000002 0 942842 0.3688 0.00043023255813956496
1645233412450 3 11.595532000000006 0 884128 0.3457 0.00043023255813956496
1645233416295 3 11.836691000000002 0 828263 0.3243 0.00043023255813956496
1645233420241 3 11.759662000000006 0 981175 0.3834 0.00043023255813956496
1645233426303 3 9.697443000000007 0 939007 0.5961000000000001 0.00043023255813956496
1645233428443 1 11.559612000000001 0 362131 0.1451 0.00043023255813956496
1645233432253 3 11.746649000000005 0 947658 0.3704 0.000174418604651283
1645233436610 3 11.540644 0 828958 0.3234 0.00043023255813956496
1645233440541 3 11.461146 0 977791 0.3823 0.00043023255813956496
1645233444457 3 11.774263000000005 0 847215 0.3311 0.00043023255813956496
1645233448382 3 11.620058 0 978032 0.3822 0.00043023255813956496
1645233459561 3 4.478560999999999 48 934237 1.1066 -0.20596976744186035
1645233461219 1 6.816055000000006 0 367179 0.1463 0.00043023255813956496
1645233462836 1 9.201713999999996 0 387965 0.1512 0.00017441860465117198
1645233464239 1 11.795382000000004 0 333821 0.13 0.00017441860465117198
1645233468244 3 11.792490999999998 0 995677 0.3892 0.000174418604651283
1645233472458 3 11.750158999999996 0 924757 0.3612 0.00043023255813956496
1645233476208 3 11.996156999999997 0 808228 0.31589999999999996 0.00043023255813956496
1645233480276 3 11.759982000000008 0 1014212 0.39649999999999996 0.00043023255813956496
1645233484177 3 11.981280999999996 0 845218 0.32999999999999996 0.00043023255813956496
1645233488345 3 11.725659000000007 0 910767 0.3566 0.00043023255813956496
1645233492477 3 11.71608900000001 0 901777 0.3527 0.00043023255813956496
1645233496363 3 11.673472000000004 0 967347 0.37829999999999997 0.00043023255813956496
1645233500123 3 11.911986000000013 0 935273 0.3661 0.00043023255813956496
1645233506083 3 9.952821999999998 0 916928 0.5859 0.00043023255813956496
1645233508270 1 11.932694999999995 0 374507 0.1491 0.00043023255813956496
1645233512301 3 11.924937 0 877888 0.3428 0.000174418604651283
1645233516177 3 11.913207999999997 0 839766 0.327 0.00043023255813956496
1645233520094 3 11.94131999999999 0 976062 0.3806 0.00043023255813956496
1645233524476 3 11.643754000000001 0 958353 0.3755 0.00043023255813956496
1645233528350 3 11.842209999999994 0 836268 0.3272 0.00043023255813956496
1645233532242 3 11.794826 0 968967 0.3792 0.00043023255813956496
1645233536575 3 11.620633999999995 0 825839 0.3229 0.00043023255813956496
1645233540493 3 11.54308499999999 0 974212 0.3807 0.00043023255813956496
1645233544493 3 11.600476000000015 0 867483 0.3399 0.00043023255813956496
1645233548444 3 11.59102200000001 0 987232 0.38580000000000003 0.00043023255813956496
1645233552151 3 11.883113000000009 0 921956 0.3607 0.00043023255813956496
1645233556330 3 11.819407000000012 0 913803 0.3578 0.00043023255813956496
1645233562724 3 9.309739000000008 0 958215 0.6298 0.00043023255813956496
1645233564272 1 11.762745999999993 0 337939 0.1351 0.00043023255813956496
1645233568311 3 11.726783000000012 0 1005593 0.3927 0.000174418604651283
1645233572077 3 11.961817999999994 0 935985 0.36560000000000004 0.00043023255813956496
1645233576309 3 11.783524 0 802415 0.3129 0.00043023255813956496
1645233580321 3 11.714394999999996 0 999009 0.3911 0.00043023255813956496
1645233584325 3 11.769200000000012 0 869418 0.3397 0.00043023255813956496
1645233590464 3 9.571625000000012 0 897686 0.6037 0.00043023255813956496
1645233592141 1 11.895859999999999 0 372261 0.1487 0.00043023255813956496
1645233596319 3 11.734498000000002 0 914618 0.3573 0.000174418604651283
1645233600131 3 11.904191999999995 0 949031 0.3704 0.00043023255813956496
1645233604323 3 11.714483999999999 0 919929 0.3587 0.00043023255813956496
1645233608066 3 11.96830399999999 0 930570 0.3646 0.00043023255813956496
1645233612165 3 11.946456000000012 0 894188 0.3496 0.00043023255813956496
1645233616535 3 11.691298000000018 0 835562 0.327 0.00043023255813956496
1645233620499 3 11.535342000000014 0 986170 0.3859 0.00043023255813956496
1645233624346 3 11.692146999999977 0 955812 0.3735 0.00043023255813956496
1645233628228 3 11.914181999999983 0 837688 0.3275 0.00043023255813956496
1645233632137 3 11.899464000000023 0 972932 0.381 0.00043023255813956496
1645233636400 3 11.640803000000005 0 807690 0.31629999999999997 0.00043023255813956496
1645233642217 3 9.818253000000027 0 968173 0.5711999999999999 0.00043023255813956496
1645233644265 1 11.881094000000019 0 337330 0.1353 0.00043023255813956496
1645233648251 3 11.784462000000019 0 991679 0.3881 0.000174418604651283
1645233652492 3 11.608343999999988 0 930061 0.3635 0.00043023255813956496
1645233656102 3 11.937660999999991 0 884740 0.3464 0.00043023255813956496
1645233660503 3 11.585397999999998 0 968599 0.3781 0.00043023255813956496
1645233664429 3 11.826116000000013 0 848189 0.3317 0.00043023255813956496
1645233668411 3 11.629931999999997 0 989262 0.3865 0.00043023255813956496
1645233672157 3 11.878805 0 929927 0.3634 0.00043023255813956496
1645233676579 3 11.553913000000023 0 845977 0.3308 0.00043023255813956496
1645233680634 3 11.400477000000024 0 1009703 0.3952 0.00043023255813956496
1645233684117 3 11.917317000000025 0 861836 0.3371 0.00043023255813956496

