1645236118914 1 3.999999 1941 346799 0.18309999999999998 -8.3463
1645236123213 3 4.429102 673 755039 0.40049999999999997 -2.8937255813953486
1645236127814 3 4.334196 504 835161 0.4436 -2.1667697674418602
1645236132749 3 4.320270000000001 927 908792 0.48200000000000004 -3.9856697674418604
1645236137130 3 4.486628 541 804438 0.4263 -2.3258697674418602
1645236141650 3 4.264675 311 828659 0.4399 -1.3368697674418604
1645236146733 3 4.282965999999998 1103 937332 0.49720000000000003 -4.74246976744186
1645236151099 3 4.36891 440 776416 0.41369999999999996 -1.8915697674418603
1645236156681 3 4.300209000000002 1513 1025687 0.5442 -6.505469767441859
1645236161143 3 4.298069000000005 463 815426 0.43179999999999996 -1.9904697674418603
1645236165948 3 4.492963000000003 1012 884625 0.4694 -4.35116976744186
1645236171842 3 4.484014999999999 1883 904952 0.5787 -8.09646976744186
1645236174030 1 6.292876 0 371605 0.1984 0.00043023255813956496
1645236178968 3 5.3570139999999995 0 910446 0.48250000000000004 0.000174418604651283
1645236183979 3 4.347193000000004 0 922454 0.4888 0.00043023255813956496
1645236189085 3 4.309524000000003 1073 942842 0.4998 -4.61346976744186
1645236194065 3 4.377680000000005 1045 884128 0.4699 -4.4930697674418605
1645236198573 3 4.401672000000005 535 828263 0.43920000000000003 -2.3000697674418604
1645236203908 3 4.410150000000002 1337 981175 0.5189 -5.74866976744186
1645236209113 3 4.463865999999996 1258 939007 0.5 -5.40896976744186
1645236213732 3 4.438854000000006 596 841370 0.4467 -2.56236976744186
1645236218915 3 4.262810999999999 1006 947658 0.5032 -4.3253697674418605
1645236223430 3 4.493009000000001 751 828958 0.4401 -3.2288697674418603
1645236229864 3 4.467354 2401 977791 0.6285000000000001 -10.32386976744186
1645236231766 1 6.5523310000000095 0 317452 0.1699 0.00043023255813956496
1645236237099 3 5.221252000000007 0 978032 0.5184 0.000174418604651283
1645236242170 3 4.314675000000008 167 934237 0.4951 -0.7176697674418606
1645236247033 3 4.461160000000007 1008 889600 0.471 -4.33396976744186
1645236252413 3 4.4468180000000075 1366 988774 0.5255 -5.87336976744186
1645236256910 3 4.2920019999999965 344 808061 0.4306 -1.4787697674418605
1645236262306 3 4.369934000000001 1470 995677 0.5287 -6.32056976744186
1645236267326 3 4.311991000000006 960 924757 0.4896 -4.1275697674418605
1645236271717 3 4.251884000000004 337 808228 0.4276 -1.4486697674418603
1645236278386 3 4.3264990000000125 2742 1014212 0.6559 -11.79016976744186
1645236280426 1 6.281630000000007 0 340231 0.1816 0.00043023255813956496
1645236285391 3 5.32458299999999 0 910767 0.48319999999999996 0.000174418604651283
1645236290308 3 4.408749999999998 0 901777 0.47729999999999995 0.00043023255813956496
1645236295561 3 4.258416000000011 1111 967347 0.5131 -4.776869767441861
1645236300737 3 4.357714000000016 1275 935273 0.49770000000000003 -5.48206976744186
1645236305711 3 4.378636 991 916928 0.48630000000000007 -4.260869767441861
1645236310813 3 4.344898000000001 1073 940743 0.4984 -4.61346976744186
1645236315588 3 4.402721000000014 836 877888 0.4649 -3.59436976744186
1645236321390 3 4.476081999999991 1877 839766 0.5688 -8.07066976744186
1645236323627 1 6.238321000000013 0 383127 0.20390000000000003 0.00043023255813956496
1645236328843 3 5.027806999999996 0 958353 0.5096 0.000174418604651283
1645236333400 3 4.468252000000007 0 836268 0.44329999999999997 0.00043023255813956496
1645236338660 3 4.311498999999998 1101 968967 0.5143 -4.733869767441861
1645236343272 3 4.405887000000007 702 825839 0.43979999999999997 -3.01816976744186
1645236348560 3 4.349272000000013 1240 974212 0.5166999999999999 -5.33156976744186
1645236353276 3 4.324520000000007 692 867483 0.4603 -2.9751697674418605
1645236358641 3 4.44152600000001 1482 987232 0.524 -6.372169767441859
1645236363751 3 4.475772000000006 1146 921956 0.4904 -4.927369767441861
1645236368704 3 4.360503999999992 840 913803 0.4838 -3.6115697674418605
1645236373895 3 4.439574999999991 1269 958215 0.508 -5.45626976744186
1645236378432 3 4.447167000000007 544 832934 0.44160000000000005 -2.3387697674418604
1645236383889 3 4.479849999999999 1491 1005593 0.5293 -6.410869767441859
1645236389074 3 4.456890000000016 1162 935985 0.49850000000000005 -4.9961697674418595
1645236393457 3 4.358012000000002 285 802415 0.42569999999999997 -1.2250697674418605
1645236398882 3 4.387291000000005 1450 999009 0.5303 -6.23456976744186
1645236403716 3 4.32682299999999 772 869418 0.46319999999999995 -3.3191697674418603
1645236408588 3 4.340851000000015 893 897686 0.476 -3.83946976744186
1645236413779 3 4.462422000000004 1316 960141 0.5086999999999999 -5.658369767441861
1645236418738 3 4.268633999999992 759 914618 0.484 -3.26326976744186
1645236423882 3 4.269501999999989 1149 949031 0.5038 -4.94026976744186
1645236428972 3 4.40893299999999 1231 919929 0.4896 -5.292869767441861
1645236434020 3 4.379534999999976 1014 930570 0.4936 -4.35976976744186
1645236438869 3 4.3863210000000095 859 894188 0.4744 -3.69326976744186
1645236443405 3 4.48589800000002 635 835562 0.44299999999999995 -2.7300697674418606

