1645244585981 1 3.999999 858 346799 0.0725 -3.6893999999999996
1645244587807 3 6.172663 0 755039 0.1581 0.000174418604651283
1645244589665 3 8.308169000000001 0 835161 0.1741 0.00043023255813956496
1645244591665 3 10.308118 0 908792 0.1898 0.00043023255813956496
1645244594441 3 11.613793999999999 0 804438 0.1678 0.00043023255813956496
1645244598270 3 11.846843 0 828659 0.1732 0.00043023255813956496
1645244602328 3 11.839125 0 937332 0.19590000000000002 0.00043023255813956496
1645244606551 3 11.581281 0 776416 0.1625 0.00043023255813956496
1645244610309 3 11.823874000000004 0 1025687 0.215 0.00043023255813956496
1645244614618 3 11.558452000000003 0 815426 0.1706 0.00043023255813956496
1645244618574 3 11.545732000000001 0 884625 0.1854 0.00043023255813956496
1645244622570 3 11.540135 0 904952 0.1895 0.00043023255813956496
1645244626665 3 11.529025000000004 0 954418 0.1996 0.00043023255813956496
1645244630679 3 11.525049000000003 0 910446 0.1901 0.00043023255813956496
1645244634208 3 11.765076 0 922454 0.1925 0.00043023255813956496
1645244638277 3 11.759145000000004 0 942842 0.19690000000000002 0.00043023255813956496
1645244642229 3 11.750720000000001 0 884128 0.1842 0.00043023255813956496
1645244646062 3 11.995142000000001 0 828263 0.1733 0.00043023255813956496
1645244650210 3 11.991450999999998 0 981175 0.2042 0.00043023255813956496
1645244654277 3 11.728595999999996 0 939007 0.19619999999999999 0.00043023255813956496
1645244658141 3 11.966704000000007 0 841370 0.17609999999999998 0.00043023255813956496
1645244662225 3 11.958981000000009 0 947658 0.198 0.00043023255813956496
1645244666206 3 11.836267000000007 0 828958 0.17350000000000002 0.00043023255813956496
1645244670353 3 11.830681999999996 0 977791 0.20459999999999998 0.00043023255813956496
1645244674227 3 11.825372000000002 0 847215 0.17729999999999999 0.00043023255813956496
1645244678375 3 11.817650999999998 0 978032 0.20470000000000002 0.00043023255813956496
1645244682426 3 11.563316 0 934237 0.1953 0.00043023255813956496
1645244686393 3 11.800691 0 889600 0.186 0.00043023255813956496
1645244690569 3 11.542591999999999 0 988774 0.2068 0.00043023255813956496
1645244694357 3 11.782429000000008 0 808061 0.16899999999999998 0.00043023255813956496
1645244698539 3 11.524011999999999 0 995677 0.2084 0.00043023255813956496
1645244702578 3 11.513900000000007 0 924757 0.1936 0.00043023255813956496
1645244706370 3 11.758661000000004 0 808228 0.1692 0.00043023255813956496
1645244710589 3 11.50009200000001 0 1014212 0.21230000000000002 0.00043023255813956496
1645244714457 3 11.74190999999999 0 845218 0.1762 0.00043023255813956496
1645244718460 3 11.73267899999999 0 910767 0.1903 0.00043023255813956496
1645244722446 3 11.720920000000007 0 901777 0.1883 0.00043023255813956496
1645244726073 3 11.965830000000011 0 967347 0.20249999999999999 0.00043023255813956496
1645244730125 3 11.947168000000005 0 935273 0.1957 0.00043023255813956496
1645244734144 3 11.938620000000014 0 916928 0.192 0.00043023255813956496
1645244738221 3 11.93140600000001 0 940743 0.19619999999999999 0.00043023255813956496
1645244742154 3 11.92315099999999 0 877888 0.1837 0.00043023255813956496
1645244746507 3 11.662699000000003 0 839766 0.1755 0.00043023255813956496
1645244750145 3 11.903124999999989 0 976062 0.20339999999999997 0.00043023255813956496
1645244754250 3 11.898957999999993 0 958353 0.20070000000000002 0.00043023255813956496
1645244758094 3 11.888756 0 836268 0.1748 0.00043023255813956496
1645244762231 3 11.883263 0 968967 0.20249999999999999 0.00043023255813956496
1645244766561 3 11.623745000000014 0 825839 0.1729 0.00043023255813956496
1645244770202 3 11.867353000000008 0 974212 0.2036 0.00043023255813956496
1645244774114 3 11.86077800000001 0 867483 0.1814 0.00043023255813956496
1645244778273 3 11.852897000000013 0 987232 0.2062 0.00043023255813956496
1645244782303 3 11.845382999999998 0 921956 0.1925 0.00043023255813956496
1645244786312 3 11.83456799999999 0 913803 0.1911 0.00043023255813956496
1645244790415 3 11.574735000000004 0 958215 0.2004 0.00043023255813956496
1645244794254 3 11.817943000000014 0 832934 0.1741 0.00043023255813956496
1645244798455 3 11.564126000000016 0 1005593 0.21000000000000002 0.00043023255813956496
1645244802512 3 11.555866000000009 0 935985 0.1957 0.00043023255813956496
1645244806286 3 11.801003000000009 0 802415 0.1679 0.00043023255813956496
1645244810471 3 11.539229000000006 0 999009 0.2085 0.00043023255813956496
1645244814389 3 11.783716999999996 0 869418 0.1814 0.00043023255813956496
1645244818373 3 11.774124 0 897686 0.1877 0.00043023255813956496
1645244822495 3 11.51952700000001 0 960141 0.20070000000000002 0.00043023255813956496
1645244826518 3 11.509704 0 914618 0.1911 0.00043023255813956496
1645244830603 3 11.503197999999998 0 949031 0.1982 0.00043023255813956496
1645244834157 3 11.998432000000008 0 919929 0.1924 0.00043023255813956496
1645244838205 3 11.986012000000017 0 930570 0.19490000000000002 0.00043023255813956496
1645244842177 3 11.980458999999996 0 894188 0.1867 0.00043023255813956496
1645244846022 3 11.973548999999991 0 835562 0.1748 0.00043023255813956496
1645244850188 3 11.963705000000004 0 986170 0.2063 0.00043023255813956496
1645244854292 3 11.704178000000013 0 955812 0.19990000000000002 0.00043023255813956496
1645244858138 3 11.936836000000028 0 837688 0.17509999999999998 0.00043023255813956496
1645244862271 3 11.925003000000004 0 972932 0.2036 0.00043023255813956496
1645244866068 3 11.917287999999985 0 807690 0.1681 0.00043023255813956496
1645244870187 3 11.908194999999978 0 968173 0.20270000000000002 0.00043023255813956496
1645244874111 3 11.89952599999998 0 872734 0.18209999999999998 0.00043023255813956496
1645244878287 3 11.883578 0 991679 0.2077 0.00043023255813956496
1645244882330 3 11.871179999999981 0 930061 0.19419999999999998 0.00043023255813956496
1645244886289 3 11.861374000000012 0 884740 0.1854 0.00043023255813956496
1645244890415 3 11.60199399999999 0 968599 0.20270000000000002 0.00043023255813956496
1645244894286 3 11.846001999999999 0 848189 0.1769 0.00043023255813956496
1645244898450 3 11.58787799999999 0 989262 0.2068 0.00043023255813956496
1645244902509 3 11.58009199999998 0 929927 0.1951 0.00043023255813956496
1645244906381 3 11.82270299999999 0 845977 0.1774 0.00043023255813956496
1645244910588 3 11.567011999999977 0 1009703 0.21139999999999998 0.00043023255813956496
1645244914499 3 11.557455000000004 0 861836 0.1805 0.00043023255813956496

