1645240722075 1 3.999999 865 346799 0.0761 -3.7195
1645240725214 4 4.899032999999999 0 1312552 0.2887 0.000174418604651283
1645240728370 4 5.729939000000001 0 1383123 0.30510000000000004 0.000662790697674609
1645240731674 4 6.425836 0 1451767 0.3197 0.000662790697674609
1645240734652 4 7.448065999999999 0 1308083 0.2878 0.000662790697674609
1645240737619 4 8.481364999999998 0 1299338 0.2861 0.000662790697674609
1645240740955 4 9.144292999999998 0 1453833 0.3206 0.000662790697674609
1645240743900 4 10.201186 0 1280990 0.2822 0.000662790697674609
1645240747596 4 10.505539000000002 0 1612910 0.3554 0.000662790697674609
1645240750377 4 11.722394000000001 0 1213987 0.2673 0.000662790697674609
1645240754515 4 11.811869000000002 0 1380918 0.3033 0.000662790697674609
1645240758555 4 11.543226000000004 0 1334467 0.29369999999999996 0.000662790697674609
1645240762409 4 11.785784 0 1463126 0.3224 0.000662790697674609
1645240766644 4 11.522857000000002 0 1421742 0.3134 0.000662790697674609
1645240770408 4 11.767979000000004 0 1436771 0.3162 0.000662790697674609
1645240774648 4 11.506234 0 1425347 0.31320000000000003 0.000662790697674609
1645240778759 4 11.500688000000004 0 1366001 0.3008 0.000662790697674609
1645240782184 4 11.994626000000004 0 1281785 0.2821 0.000662790697674609
1645240786118 4 11.983959999999996 0 1514044 0.3326 0.000662790697674609
1645240790371 4 11.728290999999999 0 1432783 0.3148 0.000662790697674609
1645240794558 4 11.717866999999998 0 1401397 0.3082 0.000662790697674609
1645240798348 4 11.962742000000006 0 1450362 0.31920000000000004 0.000662790697674609
1645240802243 4 11.952317000000008 0 1266375 0.2787 0.000662790697674609
1645240806642 4 11.695259000000007 0 1497932 0.3295 0.000662790697674609
1645240810625 4 11.684908000000007 0 1308773 0.28809999999999997 0.000662790697674609
1645240814566 4 11.68087700000001 0 1516715 0.3338 0.000662790697674609
1645240818300 4 11.919787999999997 0 1407805 0.3104 0.000662790697674609
1645240822479 4 11.654558000000009 0 1394624 0.30710000000000004 0.000662790697674609
1645240826384 4 11.899094000000005 0 1502056 0.3303 0.000662790697674609
1645240830304 4 11.888218000000009 0 1276395 0.28090000000000004 0.000662790697674609
1645240834671 4 11.631973000000002 0 1480768 0.3262 0.000662790697674609
1645240838526 4 11.621009 0 1473992 0.3247 0.000662790697674609
1645240842517 4 11.61386300000001 0 1306146 0.2878 0.000662790697674609
1645240846573 4 11.603634 0 1565699 0.3453 0.000662790697674609
1645240850477 4 11.845298000000014 0 1268922 0.2793 0.000662790697674609
1645240854674 4 11.588371999999993 0 1406335 0.3097 0.000662790697674609
1645240858324 4 11.807421000000005 0 1381377 0.30369999999999997 0.000662790697674609
1645240862679 4 11.54082600000001 0 1475162 0.3238 0.000662790697674609
1645240866443 4 11.777805 0 1430482 0.31520000000000004 0.000662790697674609
1645240870725 4 11.520609000000007 0 1439994 0.317 0.000662790697674609
1645240874425 4 11.764951999999994 0 1405476 0.30870000000000003 0.000662790697674609
1645240878569 4 11.757111000000009 0 1382866 0.3047 0.000662790697674609
1645240882546 4 11.741170000000011 0 1303196 0.2868 0.000662790697674609
1645240886537 4 11.72628499999999 0 1538814 0.3387 0.000662790697674609
1645240890278 4 11.966011000000009 0 1423261 0.31429999999999997 0.000662790697674609
1645240894413 4 11.703519999999997 0 1377859 0.3033 0.000662790697674609
1645240898595 4 11.699637999999993 0 1396488 0.3074 0.000662790697674609
1645240902479 4 11.68960899999999 0 1265878 0.2785 0.000662790697674609
1645240906340 4 11.923313000000007 0 1474721 0.325 0.000662790697674609
1645240910425 4 11.913037000000003 0 1357016 0.298 0.000662790697674609
1645240914356 4 11.904289000000006 0 1508969 0.3324 0.000662790697674609
1645240918582 4 11.644107999999989 0 1420161 0.3127 0.000662790697674609
1645240922251 4 11.887935999999996 0 1394798 0.307 0.000662790697674609
1645240926660 4 11.626356000000015 0 1499654 0.3303 0.000662790697674609
1645240930703 4 11.617997000000003 0 1323592 0.2911 0.000662790697674609
1645240934579 4 11.60626400000001 0 1477260 0.3252 0.000662790697674609
1645240938426 4 11.852114 0 1474833 0.3245 0.000662790697674609
1645240942388 4 11.843396000000013 0 1299401 0.2855 0.000662790697674609
1645240946512 4 11.836141999999995 0 1595638 0.35209999999999997 0.000662790697674609
1645240950440 4 11.824325000000016 0 1282380 0.2824 0.000662790697674609
1645240954628 4 11.568643000000009 0 1402228 0.3086 0.000662790697674609
1645240958326 4 11.806153999999992 0 1404885 0.3096 0.000662790697674609
1645240962626 4 11.539227000000011 0 1453425 0.32 0.000662790697674609
1645240966426 4 11.783774999999991 0 1453998 0.32 0.000662790697674609
1645240970665 4 11.523561 0 1424197 0.3133 0.000662790697674609
1645240974373 4 11.767280999999997 0 1409895 0.3102 0.000662790697674609
1645240978519 4 11.75881099999998 0 1381516 0.30419999999999997 0.000662790697674609
1645240982479 4 11.751649999999984 0 1298461 0.286 0.000662790697674609
1645240986451 4 11.740122999999983 0 1530017 0.3366 0.000662790697674609
1645240990216 4 11.97653200000002 0 1437352 0.3162 0.000662790697674609
1645240994275 4 11.966678000000002 0 1344879 0.2965 0.000662790697674609
1645240998169 4 11.958087999999975 0 1490910 0.3286 0.000662790697674609
1645241002557 4 11.696360000000027 0 1264017 0.2783 0.000662790697674609
1645241006365 4 11.940945 0 1458446 0.3209 0.000662790697674609
1645241010476 4 11.682776999999987 0 1366050 0.30110000000000003 0.000662790697674609
1645241014472 4 11.675539000000015 0 1540108 0.3391 0.000662790697674609
1645241018209 4 11.915440999999987 0 1421303 0.3129 0.000662790697674609
1645241022318 4 11.910536999999977 0 1359213 0.2992 0.000662790697674609
1645241026262 4 11.902193000000011 0 1514199 0.3342 0.000662790697674609
1645241030222 4 11.887858999999992 0 1296661 0.2861 0.000662790697674609
1645241034275 4 11.879164000000003 0 1340186 0.29569999999999996 0.000662790697674609
1645241038641 4 11.621713 0 1478975 0.3257 0.000662790697674609
1645241042704 4 11.611957000000018 0 1342511 0.2956 0.000662790697674609
1645241046174 4 11.925948000000005 0 1527618 0.3364 0.000662790697674609
1645241050639 4 11.597284000000002 0 1297467 0.2864 0.000662790697674609

