1645248027641 1 3.999999 3276 346799 0.31520000000000004 -14.086799999999998
1645248030344 0 5.307295 0 213385 0.194 0.00017441860465117198
1645248031765 0 7.887399000000001 0 141806 0.12940000000000002 0.00006976744186043549
1645248032905 0 10.746721 0 112578 0.1014 0.00006976744186043549
1645248035751 0 11.923138999999999 0 80671 0.0716 0.00006976744186043549
1645248039996 0 11.660962 0 68729 0.0618 0.00006976744186043549
1645248043885 0 11.903156 0 137895 0.125 0.00006976744186043549
1645248047778 1 11.881149 0 303135 0.27549999999999997 0.000069767441860491
1645248051671 1 11.979807000000001 0 414092 0.3781 0.00017441860465117198
1645248055865 1 11.860753000000003 0 337705 0.3066 0.00017441860465117198
1645248059850 1 11.852876000000002 0 366374 0.3332 0.00017441860465117198
1645248064191 1 11.596592000000001 0 352030 0.32080000000000003 0.00017441860465117198
1645248067691 1 11.959958 0 371605 0.3375 0.00017441860465117198
1645248072309 1 11.574416 0 385670 0.35009999999999997 0.00017441860465117198
1645248075840 1 11.810903000000003 0 374050 0.3398 0.00017441860465117198
1645248080310 1 11.526217000000003 0 367058 0.3347 0.00017441860465117198
1645248083886 1 11.766254000000004 0 377983 0.3448 0.00017441860465117198
1645248087978 1 11.759040000000006 0 326924 0.2967 0.00017441860465117198
1645248092137 1 11.748790999999997 0 388939 0.3531 0.00017441860465117198
1645248095823 1 11.827818000000008 0 392939 0.35710000000000003 0.00017441860465117198
1645248099743 1 11.975965000000002 0 362131 0.3289 0.00017441860465117198
1645248104035 1 11.716525000000004 0 402712 0.3669 0.00017441860465117198
1645248108134 1 11.708782999999997 0 327400 0.2981 0.00017441860465117198
1645248111903 1 11.748888000000008 0 401133 0.36560000000000004 0.00017441860465117198
1645248115927 1 11.943816999999996 0 317452 0.28969999999999996 0.00017441860465117198
1645248120112 1 11.684567999999999 0 391753 0.3558 0.00017441860465117198
1645248123734 1 11.917378999999997 0 384934 0.3499 0.00017441860465117198
1645248128207 1 11.675246000000001 0 367179 0.3337 0.00017441860465117198
1645248131898 1 11.756484 0 387965 0.3532 0.00017441860465117198
1645248136062 1 11.620064999999997 0 333821 0.3021 0.00017441860465117198
1645248139792 1 11.858665000000002 0 394452 0.3584 0.00017441860465117198
1645248143662 1 11.989626999999999 0 409513 0.3729 0.00017441860465117198
1645248148110 1 11.591498000000001 0 307174 0.2799 0.00017441860465117198
1645248152070 1 11.580743999999996 0 420407 0.3831 0.00017441860465117198
1645248156297 1 11.569175999999999 0 340231 0.3094 0.00017441860465117198
1645248159843 1 11.807834000000014 0 374730 0.3403 0.00017441860465117198
1645248164191 1 11.548227999999995 0 353022 0.3206 0.00017441860465117198
1645248167889 1 11.761876999999998 0 393253 0.35710000000000003 0.00017441860465117198
1645248172371 1 11.528693000000004 0 368813 0.3348 0.00017441860465117198
1645248175895 1 11.756410000000017 0 372578 0.339 0.00017441860465117198
1645248179925 1 11.965224000000006 0 374507 0.3406 0.00017441860465117198
1645248183659 1 11.993273000000016 0 372824 0.3389 0.00017441860465117198
1645248187738 1 11.956139000000007 0 326437 0.29660000000000003 0.00017441860465117198
1645248191851 1 11.950373000000013 0 383127 0.3486 0.00017441860465117198
1645248196115 1 11.691791999999992 0 400632 0.3628 0.00017441860465117198
1645248199855 1 11.932479 0 342596 0.3121 0.00017441860465117198
1645248203688 1 11.963457000000005 0 407655 0.3698 0.00017441860465117198
1645248207897 1 11.915899999999993 0 337450 0.3081 0.00017441860465117198
1645248211696 1 11.955248000000012 0 404220 0.3671 0.00017441860465117198
1645248216018 0 11.651911000000013 0 128759 0.11810000000000001 0.00017441860465117198
1645248219941 0 11.89587800000001 0 199367 0.18009999999999998 0.00006976744186043549
1645248224074 0 11.637126999999992 0 220759 0.20099999999999998 0.00006976744186043549
1645248228047 0 11.633048000000002 0 149511 0.135 0.00006976744186043549
1645248232252 0 11.626477999999992 0 118879 0.1079 0.00006976744186043549
1645248236162 0 11.609081000000003 0 85418 0.0774 0.00006976744186043549
1645248239905 0 11.852678999999995 0 68807 0.0619 0.00006976744186043549
1645248244220 0 11.593479000000002 0 132565 0.11939999999999999 0.00006976744186043549
1645248247912 0 11.837140000000005 0 117262 0.1065 0.00006976744186043549
1645248252088 0 11.577728000000008 0 116418 0.1052 0.00006976744186043549
1645248256266 0 11.56518299999999 0 223024 0.2017 0.00006976744186043549
1645248259912 0 11.791286000000014 0 214538 0.1955 0.00006976744186043549
1645248264159 0 11.52613500000001 0 178191 0.1617 0.00006976744186043549
1645248268236 0 11.519668999999993 0 161454 0.14579999999999999 0.00006976744186043549
1645248272267 0 11.512372 0 212225 0.1914 0.00006976744186043549
1645248276178 0 11.503333999999995 0 195858 0.1789 0.00006976744186043549
1645248279872 0 11.997439000000014 0 119665 0.1083 0.00006976744186043549
1645248284002 0 11.735458999999992 0 108667 0.0997 0.00006976744186043549
1645248287706 0 11.975456000000008 0 64782 0.0576 0.00006976744186043549
1645248292133 0 11.716606000000013 0 87523 0.0785 0.00006976744186043549
1645248296179 0 11.702012000000025 0 155607 0.1421 0.00006976744186043549
1645248300224 0 11.681875999999988 0 100404 0.0915 0.00006976744186043549
1645248304019 0 11.881699000000026 0 183614 0.16599999999999998 0.00006976744186043549
1645248307924 0 11.849275999999975 0 197686 0.1787 0.00006976744186043549
1645248312033 0 11.840877999999975 0 217520 0.1984 0.00006976744186043549
1645248315855 0 11.835035000000005 0 132353 0.11950000000000001 0.00006976744186043549
1645248320286 0 11.57574900000003 0 199853 0.1815 0.00006976744186043549
1645248323957 0 11.813154999999995 0 225614 0.20379999999999998 0.00006976744186043549
1645248327966 0 11.803238000000022 0 150477 0.1379 0.00006976744186043549
1645248332172 0 11.54511100000002 0 117995 0.1069 0.00006976744186043549
1645248336075 0 11.78388000000001 0 86503 0.07730000000000001 0.00006976744186043549
1645248340321 0 11.527190000000019 0 67335 0.0605 0.00006976744186043549
1645248344138 0 11.516615999999999 0 132169 0.11950000000000001 0.00006976744186043549
1645248348360 0 11.508293999999978 0 118800 0.1082 0.00006976744186043549

