1645231878295 1 3.999999 1036 346799 0.0936 -4.4548000000000005
1645231880548 3 5.758169 0 755039 0.2041 0.000174418604651283
1645231882904 3 7.400449000000001 0 835161 0.22549999999999998 0.00043023255813956496
1645231885461 3 8.843422 0 908792 0.2454 0.00043023255813956496
1645231887736 3 10.569496999999998 0 804438 0.21749999999999997 0.00043023255813956496
1645231890581 3 11.783608999999998 0 828659 0.22410000000000002 0.00043023255813956496
1645231894720 3 11.769797999999998 0 937332 0.2539 0.00043023255813956496
1645231898917 3 11.514077999999998 0 776416 0.2098 0.00043023255813956496
1645231902791 3 11.754580000000004 0 1025687 0.27749999999999997 0.00043023255813956496
1645231906605 3 11.744011000000004 0 815426 0.221 0.00043023255813956496
1645231910605 3 11.732116000000005 0 884625 0.23959999999999998 0.00043023255813956496
1645231914654 3 11.718540000000004 0 904952 0.24500000000000002 0.00043023255813956496
1645231918837 3 11.709452000000006 0 954418 0.2584 0.00043023255813956496
1645231922413 3 11.951563 0 910446 0.246 0.00043023255813956496
1645231927016 3 11.559943000000004 0 922454 0.2499 0.00043023255813956496
1645231930706 3 11.773555000000002 0 942842 0.2556 0.00043023255813956496
1645231934739 3 11.766329000000006 0 884128 0.2415 0.00043023255813956496
1645231938591 3 11.983553 0 828263 0.22400000000000003 0.00043023255813956496
1645231942389 3 11.970021000000003 0 981175 0.2656 0.00043023255813956496
1645231946541 3 11.964017999999996 0 939007 0.2542 0.00043023255813956496
1645231950416 3 11.956411000000003 0 841370 0.22749999999999998 0.00043023255813956496
1645231956435 3 9.907384000000008 0 947658 0.5876 0.00043023255813956496
1645231959046 3 11.294725 0 828958 0.22949999999999998 0.00043023255813956496
1645231962800 3 11.654705000000007 0 977791 0.264 0.00043023255813956496
1645231966698 3 11.647886 0 847215 0.2293 0.00043023255813956496
1645231970947 3 11.639154000000005 0 978032 0.26480000000000004 0.00043023255813956496
1645231974569 3 11.876861000000005 0 934237 0.25270000000000004 0.00043023255813956496
1645231978576 3 11.870653000000004 0 889600 0.2405 0.00043023255813956496
1645231982862 3 11.608382000000006 0 988774 0.268 0.00043023255813956496
1645231986649 3 11.850231000000008 0 808061 0.21869999999999998 0.00043023255813956496
1645231990952 3 11.590579000000005 0 995677 0.2696 0.00043023255813956496
1645231994549 3 11.836760999999996 0 924757 0.2502 0.00043023255813956496
1645231999967 3 10.373674000000008 0 808228 0.5317999999999999 0.00043023255813956496
1645232002975 3 11.367728999999997 0 1014212 0.2801 0.00043023255813956496
1645232006870 3 11.544508000000008 0 845218 0.2283 0.00043023255813956496
1645232010943 3 11.535652999999996 0 910767 0.24630000000000002 0.00043023255813956496
1645232014985 3 11.520889000000011 0 901777 0.2435 0.00043023255813956496
1645232018712 3 11.757926999999995 0 967347 0.2618 0.00043023255813956496
1645232022352 3 11.998610000000014 0 935273 0.2536 0.00043023255813956496
1645232026440 3 11.978422999999992 0 916928 0.2484 0.00043023255813956496
1645232030586 3 11.972605000000016 0 940743 0.2544 0.00043023255813956496
1645232034565 3 11.959960999999993 0 877888 0.23769999999999997 0.00043023255813956496
1645232038451 3 11.942337000000009 0 839766 0.22749999999999998 0.00043023255813956496
1645232042706 3 11.676667000000009 0 976062 0.2631 0.00043023255813956496
1645232046902 3 11.66117700000001 0 958353 0.2596 0.00043023255813956496
1645232050763 3 11.644846999999999 0 836268 0.22610000000000002 0.00043023255813956496
1645232054495 3 11.880468000000008 0 968967 0.26230000000000003 0.00043023255813956496
1645232058851 3 11.620184999999992 0 825839 0.22519999999999998 0.00043023255813956496
1645232062591 3 11.854750999999993 0 974212 0.2636 0.00043023255813956496
1645232066549 3 11.842701000000005 0 867483 0.2351 0.00043023255813956496
1645232070824 3 11.582378000000006 0 987232 0.2671 0.00043023255813956496
1645232074919 3 11.560304000000002 0 921956 0.2496 0.00043023255813956496
1645232078994 3 11.543698000000006 0 913803 0.24700000000000003 0.00043023255813956496
1645232082685 3 11.775206999999995 0 958215 0.2592 0.00043023255813956496
1645232088282 3 10.058746000000014 0 832934 0.55 0.00043023255813956496
1645232091257 3 11.089337999999998 0 1005593 0.2778 0.00043023255813956496
1645232094389 3 11.995477999999991 0 935985 0.2524 0.00043023255813956496
1645232098669 3 11.733944000000008 0 802415 0.217 0.00043023255813956496
1645232102481 3 11.972298999999992 0 999009 0.2712 0.00043023255813956496
1645232106437 3 11.960127 0 869418 0.2352 0.00043023255813956496
1645232110470 3 11.947248000000002 0 897686 0.2432 0.00043023255813956496
1645232114675 3 11.687161000000003 0 960141 0.25939999999999996 0.00043023255813956496
1645232118758 3 11.67603600000001 0 914618 0.24780000000000002 0.00043023255813956496
1645232122436 3 11.915875 0 949031 0.2571 0.00043023255813956496
1645232128403 3 9.937134000000015 0 919929 0.5863 0.00043023255813956496
1645232131168 3 11.173682000000014 0 930570 0.2575 0.00043023255813956496
1645232134692 3 11.870563000000004 0 894188 0.24209999999999998 0.00043023255813956496
1645232138554 3 11.863488000000018 0 835562 0.2254 0.00043023255813956496
1645232142826 3 11.59848599999998 0 986170 0.26680000000000004 0.00043023255813956496
1645232146522 3 11.829820999999981 0 955812 0.25870000000000004 0.00043023255813956496
1645232150881 3 11.559146999999996 0 837688 0.2264 0.00043023255813956496
1645232154615 3 11.794331 0 972932 0.2633 0.00043023255813956496
1645232158899 3 11.530845999999997 0 807690 0.2182 0.00043023255813956496
1645232162619 3 11.770305000000008 0 968173 0.262 0.00043023255813956496
1645232168374 3 9.966696000000013 0 872734 0.5658000000000001 0.00043023255813956496
1645232171306 3 11.034873000000005 0 991679 0.274 0.00043023255813956496
1645232174428 3 11.987831000000028 0 930061 0.2515 0.00043023255813956496
1645232178430 3 11.971226000000001 0 884740 0.2395 0.00043023255813956496
1645232182664 3 11.710810999999978 0 968599 0.2625 0.00043023255813956496
1645232186557 3 11.939992000000018 0 848189 0.2291 0.00043023255813956496
1645232190841 3 11.679552999999999 0 989262 0.26749999999999996 0.00043023255813956496
1645232194462 3 11.916532000000018 0 929927 0.2515 0.00043023255813956496
1645232198850 3 11.65903400000002 0 845977 0.2293 0.00043023255813956496
1645232202689 3 11.899359000000004 0 1009703 0.2731 0.00043023255813956496
1645232206625 3 11.885804000000007 0 861836 0.2331 0.00043023255813956496

