1645245668854 1 3.999999 886 346799 0.077 -3.8097999999999996
1645245671984 4 4.88477 0 1312552 0.2923 0.000174418604651283
1645245675167 4 5.700704000000001 0 1383123 0.308 0.000662790697674609
1645245678505 4 6.3633500000000005 0 1451767 0.32330000000000003 0.000662790697674609
1645245681533 4 7.3367689999999985 0 1308083 0.2913 0.000662790697674609
1645245684525 4 8.342844999999999 0 1299338 0.2884 0.000662790697674609
1645245687874 4 8.995362999999998 0 1453833 0.324 0.000662790697674609
1645245690819 4 10.047235 0 1280990 0.28500000000000003 0.000662790697674609
1645245694524 4 10.344278000000003 0 1612910 0.35960000000000003 0.000662790697674609
1645245699985 4 8.881922000000003 0 1213987 0.5362 0.000662790697674609
1645245702316 3 10.551454 0 884625 0.2045 0.0006627906976743869
1645245705432 3 11.562115000000006 0 904952 0.20129999999999998 0.00043023255813956496
1645245709155 3 11.804031000000002 0 954418 0.2124 0.00043023255813956496
1645245713312 3 11.797802000000004 0 910446 0.2057 0.00043023255813956496
1645245717477 3 11.540536000000003 0 922454 0.20670000000000002 0.00043023255813956496
1645245721272 4 11.776515000000003 0 1425347 0.3174 0.00043023255813956496
1645245725414 4 11.528967000000002 0 1366001 0.3039 0.000662790697674609
1645245729368 4 11.518252000000004 0 1281785 0.28559999999999997 0.000662790697674609
1645245733346 4 11.762143000000009 0 1514044 0.3365 0.000662790697674609
1645245737164 4 11.755282000000008 0 1432783 0.3198 0.000662790697674609
1645245740887 4 11.994079 0 1401397 0.3117 0.000662790697674609
1645245745227 4 11.731509000000003 0 1450362 0.3229 0.000662790697674609
1645245749150 4 11.721495000000004 0 1266375 0.2821 0.000662790697674609
1645245753084 4 11.964915000000005 0 1497932 0.3335 0.000662790697674609
1645245757106 4 11.958926000000005 0 1308773 0.2912 0.000662790697674609
1645245761086 4 11.944350999999997 0 1516715 0.3382 0.000662790697674609
1645245765318 4 11.684233000000006 0 1407805 0.31320000000000003 0.000662790697674609
1645245769043 4 11.929208000000003 0 1394624 0.31070000000000003 0.000662790697674609
1645245772994 4 11.916031000000004 0 1502056 0.33399999999999996 0.000662790697674609
1645245777473 4 11.642057000000008 0 1276395 0.2842 0.000662790697674609
1645245780874 4 11.999170000000007 0 1480768 0.3296 0.000662790697674609
1645245785269 4 11.627767000000006 0 1473992 0.32799999999999996 0.000662790697674609
1645245789273 4 11.619674000000003 0 1306146 0.2907 0.000662790697674609
1645245793365 4 11.610991999999996 0 1565699 0.348 0.000662790697674609
1645245797293 4 11.601934999999997 0 1268922 0.28250000000000003 0.000662790697674609
1645245801028 4 11.84725499999999 0 1406335 0.313 0.000662790697674609
1645245805202 4 11.83416600000001 0 1381377 0.3076 0.000662790697674609
1645245809097 4 11.82046600000001 0 1475162 0.3287 0.000662790697674609
1645245813379 4 11.563700000000011 0 1430482 0.3184 0.000662790697674609
1645245817193 4 11.805869999999999 0 1439994 0.32080000000000003 0.000662790697674609
1645245821420 4 11.549886000000015 0 1405476 0.3125 0.000662790697674609
1645245825102 4 11.789289999999994 0 1382866 0.3083 0.000662790697674609
1645245829101 4 11.781893999999994 0 1303196 0.2903 0.000662790697674609
1645245833133 4 11.772975000000002 0 1538814 0.343 0.000662790697674609
1645245837405 4 11.51329100000001 0 1423261 0.317 0.000662790697674609
1645245841077 4 11.98339200000001 0 1377859 0.3068 0.000662790697674609
1645245845284 4 11.719515999999999 0 1396488 0.311 0.000662790697674609
1645245849207 4 11.713839000000007 0 1265878 0.2823 0.000662790697674609
1645245853093 4 11.953532999999993 0 1474721 0.3283 0.000662790697674609
1645245857210 4 11.689954999999998 0 1357016 0.3014 0.000662790697674609
1645245861175 4 11.902118000000002 0 1508969 0.3359 0.000662790697674609
1645245865443 4 11.670844000000017 0 1420161 0.3161 0.000662790697674609
1645245869147 4 11.916067999999996 0 1394798 0.3105 0.000662790697674609
1645245873093 4 11.908035000000012 0 1499654 0.3339 0.000662790697674609
1645245877154 4 11.90183300000001 0 1323592 0.29460000000000003 0.000662790697674609
1645245881060 4 11.898800999999992 0 1477260 0.32989999999999997 0.000662790697674609
1645245885445 4 11.640805999999998 0 1474833 0.32839999999999997 0.000662790697674609
1645245889437 4 11.634337000000016 0 1299401 0.2891 0.000662790697674609
1645245893109 4 11.769668999999993 0 1595638 0.35550000000000004 0.000662790697674609
1645245897089 4 11.869171999999992 0 1282380 0.2853 0.000662790697674609
1645245901313 4 11.606229000000013 0 1402228 0.3121 0.000662790697674609
1645245905043 4 11.850966 0 1404885 0.313 0.000662790697674609
1645245909376 4 11.589833999999996 0 1453425 0.3237 0.000662790697674609
1645245913213 4 11.824556000000001 0 1453998 0.3237 0.000662790697674609
1645245917485 4 11.569877999999989 0 1424197 0.3171 0.000662790697674609
1645245921227 4 11.807165999999995 0 1409895 0.3137 0.000662790697674609
1645245925406 4 11.547881000000018 0 1381516 0.3075 0.000662790697674609
1645245929395 4 11.538110000000017 0 1298461 0.2888 0.000662790697674609
1645245932909 4 11.957932000000028 0 1530017 0.3407 0.000662790697674609
1645245937210 4 11.772444000000007 0 1437352 0.31989999999999996 0.000662790697674609
1645245941305 4 11.762472000000002 0 1344879 0.2989 0.000662790697674609
1645245945225 4 11.752603000000022 0 1490910 0.3323 0.000662790697674609
1645245949143 4 11.741394000000014 0 1264017 0.2818 0.000662790697674609
1645245952994 4 11.987572999999998 0 1458446 0.3247 0.000662790697674609
1645245957149 4 11.726062000000013 0 1366050 0.3044 0.000662790697674609
1645245961186 4 11.720496000000026 0 1540108 0.3426 0.000662790697674609
1645245964951 4 11.96324199999998 0 1421303 0.3166 0.000662790697674609
1645245969076 4 11.95568000000003 0 1359213 0.3028 0.000662790697674609
1645245973041 4 11.945109000000002 0 1514199 0.3368 0.000662790697674609
1645245977031 4 11.940072999999984 0 1296661 0.2884 0.000662790697674609
1645245981125 4 11.924656000000027 0 1340186 0.2981 0.000662790697674609
1645245985020 4 11.918214999999975 0 1478975 0.3294 0.000662790697674609
1645245989115 4 11.90950300000003 0 1342511 0.2988 0.000662790697674609
1645245993119 4 11.905714999999987 0 1527618 0.34049999999999997 0.000662790697674609
1645245997109 4 11.89471500000002 0 1297467 0.2888 0.000662790697674609

