1645237596826 1 3.999999 4140 346799 0.404 -17.802
1645237599538 0 5.297653 0 213385 0.2494 0.00017441860465117198
1645237601306 0 7.5300210000000005 0 141806 0.16599999999999998 0.00006976744186043549
1645237602709 0 10.126615000000001 0 112578 0.1288 0.00006976744186043549
1645237605244 0 11.612765999999999 0 80671 0.0921 0.00006976744186043549
1645237609147 0 11.852450999999999 0 68729 0.0792 0.00006976744186043549
1645237614011 1 10.824864999999999 0 406206 0.47430000000000005 0.000069767441860491
1645237617660 1 11.175967 0 303135 0.3543 0.00017441860465117198
1645237622606 1 10.229732000000002 0 414092 0.4835 0.00017441860465117198
1645237626650 1 10.184835000000003 0 337705 0.3932 0.00017441860465117198
1645237631040 1 9.795927000000006 0 366374 0.42779999999999996 0.00017441860465117198
1645237635267 1 9.568481000000006 0 352030 0.41159999999999997 0.00017441860465117198
1645237639735 1 9.108944000000001 0 371605 0.4337 0.00017441860465117198
1645237644364 1 8.473052000000003 0 385670 0.4502 0.00017441860465117198
1645237646909 0 9.926363000000002 0 206455 0.2419 0.00017441860465117198
1645237649439 0 11.501665000000003 0 121534 0.142 0.00006976744186043549
1645237653272 0 11.745434000000003 0 105092 0.1216 0.00006976744186043549
1645237657092 0 11.984192 0 63086 0.0718 0.00006976744186043549
1645237661735 1 11.100733000000005 0 388939 0.4523 0.000069767441860491
1645237666419 1 10.416319000000001 0 392939 0.4579 0.00017441860465117198
1645237670759 1 10.077814000000004 0 362131 0.4225 0.00017441860465117198
1645237675554 1 9.281928000000008 0 402712 0.4688 0.00017441860465117198
1645237679485 1 9.351945999999998 0 327400 0.3819 0.00017441860465117198
1645237684266 1 8.573439000000008 0 401133 0.4669 0.00017441860465117198
1645237685812 0 11.025162000000009 0 123058 0.1441 0.00017441860465117198
1645237689258 0 11.662300000000002 0 198856 0.2326 0.00006976744186043549
1645237692977 0 11.90431000000001 0 223061 0.2622 0.00006976744186043549
1645237697263 0 11.645505999999997 0 143385 0.1679 0.00006976744186043549
1645237701217 0 11.635469 0 117021 0.1347 0.00006976744186043549
1645237705277 0 11.628667000000007 0 83595 0.09559999999999999 0.00006976744186043549
1645237709176 0 11.868795000000006 0 68011 0.0795 0.00006976744186043549
1645237714068 1 10.769016000000008 0 409513 0.47779999999999995 0.000069767441860491
1645237717757 1 11.078686000000005 0 307174 0.358 0.00017441860465117198
1645237722780 1 10.054991999999999 0 420407 0.4911 0.00017441860465117198
1645237727044 1 9.79433800000001 0 340231 0.3969 0.00017441860465117198
1645237731544 1 9.291043000000002 0 374730 0.4375 0.00017441860465117198
1645237735788 1 9.047609999999992 0 353022 0.41159999999999997 0.00017441860465117198
1645237740502 1 8.333357000000007 0 393253 0.4582 0.00017441860465117198
1645237743185 0 9.649674000000005 0 219852 0.2564 0.00017441860465117198
1645237745587 0 11.24803700000001 0 196864 0.2286 0.00006976744186043549
1645237749546 0 11.52305100000001 0 116610 0.1346 0.00006976744186043549
1645237753403 0 11.513802999999996 0 107223 0.125 0.00006976744186043549
1645237757265 0 11.754446000000002 0 64332 0.0758 0.00006976744186043549
1645237760916 0 11.997374000000008 0 88753 0.1032 0.00006976744186043549
1645237765708 1 11.132539000000008 0 400632 0.4666 0.000069767441860491
1645237769797 1 11.037992000000003 0 342596 0.3984 0.00017441860465117198
1645237774653 1 10.183577000000014 0 407655 0.4742 0.00017441860465117198
1645237778693 1 10.143122000000005 0 337450 0.3927 0.00017441860465117198
1645237783533 1 9.301949000000008 0 404220 0.4728 0.00017441860465117198
1645237787518 1 9.317365999999993 0 331794 0.3877 0.00017441860465117198
1645237792185 1 8.651578 0 390086 0.45549999999999996 0.00017441860465117198
1645237794887 0 9.953097000000014 0 220759 0.25830000000000003 0.00017441860465117198
1645237797229 0 11.64976999999999 0 149511 0.1736 0.00006976744186043549
1645237801217 0 11.64061799999999 0 118879 0.1383 0.00006976744186043549
1645237805317 0 11.634996000000001 0 85418 0.0995 0.00006976744186043549
1645237809211 0 11.627724 0 68807 0.0792 0.00006976744186043549
1645237813350 0 11.619813999999991 0 132565 0.153 0.00006976744186043549
1645237817326 0 11.610455000000002 0 117262 0.13620000000000002 0.00006976744186043549
1645237821279 0 11.599676000000017 0 116418 0.1347 0.00006976744186043549
1645237825482 0 11.588837000000012 0 223024 0.2602 0.00006976744186043549
1645237829095 0 11.832739000000004 0 214538 0.2509 0.00006976744186043549
1645237833540 1 11.29528400000001 0 372261 0.4335 0.000069767441860491
1645237838249 1 10.586052999999993 0 394237 0.45940000000000003 0.00017441860465117198
1645237842673 1 10.162082999999996 0 368311 0.43019999999999997 0.00017441860465117198
1645237847222 1 9.615988000000016 0 381418 0.4445 0.00017441860465117198
1645237851630 1 9.207349999999991 0 368451 0.4295 0.00017441860465117198
1645237856078 1 8.758173999999997 0 371908 0.43360000000000004 0.00017441860465117198
1645237860007 1 8.827989000000002 0 328352 0.38180000000000003 0.00017441860465117198
1645237864530 1 8.30588499999999 0 379027 0.4415 0.00017441860465117198
1645237866443 0 10.391886 0 155607 0.1809 0.00017441860465117198
1645237869199 0 11.740030999999988 0 100404 0.1163 0.00006976744186043549
1645237872927 0 11.979419000000007 0 183614 0.2122 0.00006976744186043549
1645237877322 0 11.724284000000011 0 197686 0.2286 0.00006976744186043549
1645237882114 1 10.721649000000014 0 401613 0.4686 0.000069767441860491
1645237886179 1 10.65802500000001 0 337330 0.3948 0.00017441860465117198
1645237890859 1 9.976376000000016 0 391244 0.45759999999999995 0.00017441860465117198
1645237895510 1 9.325713000000007 0 387864 0.45389999999999997 0.00017441860465117198
1645237899854 1 8.980616999999995 0 363813 0.425 0.00017441860465117198
1645237904517 1 8.318210000000022 0 391839 0.4554 0.00017441860465117198
1645237905621 0 11.213796000000002 0 86503 0.0997 0.00017441860465117198
1645237909014 0 11.862317000000019 0 67335 0.0786 0.00006976744186043549
1645237913168 0 11.850787000000025 0 132169 0.1533 0.00006976744186043549
1645237917349 1 11.48925700000001 0 347396 0.40590000000000004 0.000069767441860491
1645237922031 1 10.804712999999992 0 392538 0.4577 0.00017441860465117198

