1645230841692 1 3.999999 1086 346799 0.0964 -4.6698
1645230843506 1 6.19733 0 363755 0.1011 0.00017441860465117198
1645230844644 1 9.057873 0 362842 0.10089999999999999 0.00017441860465117198
1645230845844 1 11.858418 0 384791 0.1072 0.00017441860465117198
1645230850304 3 11.518531 0 804438 0.2242 0.000174418604651283
1645230854246 3 11.509621999999998 0 828659 0.2323 0.00043023255813956496
1645230857984 3 11.755855999999998 0 937332 0.2606 0.00043023255813956496
1645230861780 3 11.964900999999998 0 776416 0.2164 0.00043023255813956496
1645230865806 3 11.957862000000002 0 1025687 0.28559999999999997 0.00043023255813956496
1645230870212 3 11.703095000000001 0 815426 0.22759999999999997 0.00043023255813956496
1645230873831 3 11.925107000000004 0 884625 0.2468 0.00043023255813956496
1645230877963 3 11.910987000000006 0 904952 0.25179999999999997 0.00043023255813956496
1645230882257 3 11.654939000000006 0 954418 0.2662 0.00043023255813956496
1645230887996 3 9.706611000000002 0 910446 0.5627 0.00043023255813956496
1645230890846 3 10.858121000000004 0 922454 0.2626 0.00043023255813956496
1645230894095 3 11.626561000000002 0 942842 0.2625 0.00043023255813956496
1645230898185 3 11.621625000000002 0 884128 0.2467 0.00043023255813956496
1645230902142 3 11.614387 0 828263 0.23020000000000002 0.00043023255813956496
1645230906009 3 11.855592000000001 0 981175 0.2734 0.00043023255813956496
1645230910257 3 11.599356 0 939007 0.2617 0.00043023255813956496
1645230914236 3 11.592156000000003 0 841370 0.23500000000000001 0.00043023255813956496
1645230917998 3 11.837140000000005 0 947658 0.2638 0.00043023255813956496
1645230921944 3 11.825902999999997 0 828958 0.23090000000000002 0.00043023255813956496
1645230926299 3 11.56859 0 977791 0.273 0.00043023255813956496
1645230930282 3 11.562382 0 847215 0.23610000000000003 0.00043023255813956496
1645230934133 3 11.807962000000003 0 978032 0.273 0.00043023255813956496
1645230938381 3 11.521557000000001 0 934237 0.2611 0.00043023255813956496
1645230941977 3 11.759822 0 889600 0.24830000000000002 0.00043023255813956496
1645230946360 3 11.501885999999999 0 988774 0.2762 0.00043023255813956496
1645230949745 3 11.992683999999997 0 808061 0.2254 0.00043023255813956496
1645230954149 3 11.731160000000003 0 995677 0.2771 0.00043023255813956496
1645230957844 3 11.970067999999998 0 924757 0.2577 0.00043023255813956496
1645230962211 3 11.706822000000003 0 808228 0.2251 0.00043023255813956496
1645230966162 3 11.696515000000005 0 1014212 0.282 0.00043023255813956496
1645230970148 3 11.687695999999988 0 845218 0.2358 0.00043023255813956496
1645230973809 3 11.923342999999988 0 910767 0.2535 0.00043023255813956496
1645230977970 3 11.914367999999996 0 901777 0.2512 0.00043023255813956496
1645230981823 3 11.904516000000001 0 967347 0.2697 0.00043023255813956496
1645230986061 3 11.643153000000012 0 935273 0.26080000000000003 0.00043023255813956496
1645230990254 3 11.632932000000011 0 916928 0.2556 0.00043023255813956496
1645230993992 3 11.866388 0 940743 0.2621 0.00043023255813956496
1645230998071 3 11.860636999999997 0 877888 0.2445 0.00043023255813956496
1645231002062 3 11.833308000000017 0 839766 0.2344 0.00043023255813956496
1645231005924 3 11.826256999999998 0 976062 0.272 0.00043023255813956496
1645231010220 3 11.563023000000015 0 958353 0.2671 0.00043023255813956496
1645231014175 3 11.558119000000005 0 836268 0.2333 0.00043023255813956496
1645231018002 3 11.798024999999996 0 968967 0.2701 0.00043023255813956496
1645231021918 3 11.792979000000003 0 825839 0.23010000000000003 0.00043023255813956496
1645231026293 3 11.529854999999998 0 974212 0.2717 0.00043023255813956496
1645231030407 0 11.515918 0 128759 0.036 0.00043023255813956496
1645231034070 0 11.759274000000005 0 199367 0.055600000000000004 0.00006976744186043549
1645231037803 0 11.998223999999993 0 220759 0.0616 0.00006976744186043549
1645231041841 0 11.989671000000016 0 149511 0.0414 0.00006976744186043549
1645231045842 0 11.978263999999996 0 118879 0.0373 0.00006976744186043549
1645231049753 0 11.971257000000008 0 85418 0.0293 0.00006976744186043549
1645231054143 0 11.716433999999992 0 68807 0.023799999999999998 0.00006976744186043549
1645231058182 0 11.710059999999999 0 132565 0.041499999999999995 0.00006976744186043549
1645231062172 0 11.702741000000003 0 117262 0.0375 0.00006976744186043549
1645231066163 0 11.698101000000008 0 116418 0.0374 0.00006976744186043549
1645231069974 0 11.944403999999992 0 223024 0.0671 0.00006976744186043549
1645231074260 0 11.683186000000006 0 214538 0.0644 0.00006976744186043549
1645231077933 0 11.902039000000002 0 178191 0.055200000000000006 0.00006976744186043549
1645231082055 0 11.895532000000003 0 161454 0.0498 0.00006976744186043549
1645231086319 0 11.606905000000012 0 212225 0.0643 0.00006976744186043549
1645231090039 0 11.841633999999999 0 195858 0.0598 0.00006976744186043549
1645231094051 0 11.831636000000003 0 119665 0.038 0.00006976744186043549
1645231098035 0 11.826706999999999 0 108667 0.035699999999999996 0.00006976744186043549
1645231101887 0 11.819042000000024 0 64782 0.0225 0.00006976744186043549
1645231106293 0 11.56051500000001 0 87523 0.029699999999999997 0.00006976744186043549
1645231110391 0 11.556603999999993 0 155607 0.0475 0.00006976744186043549
1645231114339 0 11.529005999999981 0 100404 0.0329 0.00006976744186043549
1645231118012 0 11.769654000000003 0 183614 0.055600000000000004 0.00006976744186043549
1645231122231 0 11.513408000000027 0 197686 0.0602 0.00006976744186043549
1645231125999 0 11.754984999999976 0 217520 0.0658 0.00006976744186043549
1645231130036 0 11.749014999999986 0 132353 0.0419 0.00006976744186043549
1645231133771 0 11.987461999999994 0 199853 0.0612 0.00006976744186043549
1645231138093 0 11.733419000000026 0 225614 0.0674 0.00006976744186043549
1645231142183 0 11.723492000000022 0 150477 0.0472 0.00006976744186043549
1645231146172 0 11.715493999999978 0 117995 0.0369 0.00006976744186043549
1645231150084 0 11.705422999999996 0 86503 0.0295 0.00006976744186043549
1645231153949 0 11.948846000000003 0 67335 0.024 0.00006976744186043549
1645231157987 0 11.940845000000024 0 132169 0.041999999999999996 0.00006976744186043549
1645231161988 0 11.92771700000003 0 118800 0.0383 0.00006976744186043549
1645231166008 0 11.902646000000004 0 116618 0.0373 0.00006976744186043549

