1645246481382 1 3.999999 974 346799 0.0866 -4.1882
1645246482408 1 6.990284 0 363755 0.0911 0.00017441860465117198
1645246483417 1 9.981190000000002 0 362842 0.0908 0.00017441860465117198
1645246485477 1 11.984278 0 384791 0.096 0.00017441860465117198
1645246489699 3 11.725192999999999 0 804438 0.20179999999999998 0.000174418604651283
1645246493439 3 11.964961999999998 0 828659 0.2136 0.00043023255813956496
1645246497888 3 11.710058999999998 0 937332 0.2352 0.00043023255813956496
1645246501939 3 11.707155 0 776416 0.1945 0.00043023255813956496
1645246505613 3 11.947507000000002 0 1025687 0.25680000000000003 0.00043023255813956496
1645246509754 3 11.691978000000002 0 815426 0.2042 0.00043023255813956496
1645246513574 3 11.933368000000002 0 884625 0.22160000000000002 0.00043023255813956496
1645246517941 3 11.676507 0 904952 0.2265 0.00043023255813956496
1645246521936 3 11.673432000000005 0 954418 0.2391 0.00043023255813956496
1645246525803 3 11.663002000000006 0 910446 0.22719999999999999 0.00043023255813956496
1645246529714 3 11.907553 0 922454 0.2307 0.00043023255813956496
1645246533680 3 11.893920000000001 0 942842 0.2364 0.00043023255813956496
1645246537990 3 11.636865 0 884128 0.2211 0.00043023255813956496
1645246541663 3 11.879419000000006 0 828263 0.207 0.00043023255813956496
1645246545714 3 11.872396000000009 0 981175 0.2447 0.00043023255813956496
1645246549666 3 11.863792000000004 0 939007 0.2346 0.00043023255813956496
1645246553871 3 11.607501999999997 0 841370 0.2105 0.00043023255813956496
1645246557851 3 11.597617 0 947658 0.2373 0.00043023255813956496
1645246562032 3 11.591779000000002 0 828958 0.20750000000000002 0.00043023255813956496
1645246565578 3 11.830340000000007 0 977791 0.24409999999999998 0.00043023255813956496
1645246569798 3 11.814555999999996 0 847215 0.2118 0.00043023255813956496
1645246573844 3 11.556978 0 978032 0.2446 0.00043023255813956496
1645246577795 3 11.798840999999996 0 934237 0.23349999999999999 0.00043023255813956496
1645246581621 3 11.793778000000003 0 889600 0.2225 0.00043023255813956496
1645246585696 3 11.782964000000007 0 988774 0.2468 0.00043023255813956496
1645246589819 3 11.776083 0 808061 0.20190000000000002 0.00043023255813956496
1645246593915 3 11.513734 0 995677 0.2492 0.00043023255813956496
1645246597828 3 11.759591999999998 0 924757 0.2312 0.00043023255813956496
1645246601951 3 11.500146 0 808228 0.2022 0.00043023255813956496
1645246605584 3 11.996243000000007 0 1014212 0.2531 0.00043023255813956496
1645246609801 3 11.738891999999993 0 845218 0.2113 0.00043023255813956496
1645246613686 3 11.731929000000008 0 910767 0.2278 0.00043023255813956496
1645246617544 3 11.97666799999999 0 901777 0.22469999999999998 0.00043023255813956496
1645246621572 3 11.962106000000006 0 967347 0.2419 0.00043023255813956496
1645246625512 3 11.954208999999992 0 935273 0.23420000000000002 0.00043023255813956496
1645246629925 3 11.696861000000013 0 916928 0.2294 0.00043023255813956496
1645246633868 3 11.684456000000011 0 940743 0.2351 0.00043023255813956496
1645246637673 3 11.923541 0 877888 0.21960000000000002 0.00043023255813956496
1645246641873 3 11.667597999999998 0 839766 0.21000000000000002 0.00043023255813956496
1645246645918 3 11.658755000000014 0 976062 0.24430000000000002 0.00043023255813956496
1645246649916 3 11.643530999999996 0 958353 0.2399 0.00043023255813956496
1645246653610 3 11.883167000000014 0 836268 0.20929999999999999 0.00043023255813956496
1645246657640 3 11.877755000000008 0 968967 0.24230000000000002 0.00043023255813956496
1645246661812 3 11.617525999999998 0 825839 0.20659999999999998 0.00043023255813956496
1645246665844 3 11.608022000000005 0 974212 0.2435 0.00043023255813956496
1645246669613 3 11.850166000000002 0 867483 0.2173 0.00043023255813956496
1645246673683 3 11.845044000000001 0 987232 0.24689999999999998 0.00043023255813956496
1645246677600 3 11.830678000000006 0 921956 0.2292 0.00043023255813956496
1645246681994 3 11.570050000000009 0 913803 0.22879999999999998 0.00043023255813956496
1645246685987 3 11.566069999999996 0 958215 0.2391 0.00043023255813956496
1645246689677 3 11.805265999999989 0 832934 0.2083 0.00043023255813956496
1645246693793 3 11.80041700000001 0 1005593 0.2521 0.00043023255813956496
1645246697743 3 11.790561999999994 0 935985 0.23359999999999997 0.00043023255813956496
1645246701847 3 11.783491999999995 0 802415 0.20070000000000002 0.00043023255813956496
1645246705961 3 11.523888999999997 0 999009 0.2502 0.00043023255813956496
1645246709731 3 11.763497999999998 0 869418 0.21739999999999998 0.00043023255813956496
1645246714080 3 11.499018000000007 0 897686 0.22480000000000003 0.00043023255813956496
1645246717596 3 11.990887000000015 0 960141 0.2404 0.00043023255813956496
1645246721541 3 11.981947999999988 0 914618 0.2327 0.00043023255813956496
1645246725513 3 11.971463999999997 0 949031 0.23769999999999997 0.00043023255813956496
1645246731089 3 10.313299 0 919929 0.546 0.00043023255813956496
1645246733795 1 11.702523000000014 0 368451 0.0979 0.00043023255813956496
1645246737715 3 11.694711999999981 0 894188 0.2278 0.000174418604651283
1645246741946 3 11.685009999999977 0 835562 0.21259999999999998 0.00043023255813956496
1645246745583 3 11.92618600000003 0 986170 0.25270000000000004 0.00043023255813956496
1645246749580 3 11.918256999999983 0 955812 0.2391 0.00043023255813956496
1645246753818 3 11.658119 0 837688 0.2096 0.00043023255813956496
1645246757864 3 11.65119900000002 0 972932 0.2439 0.00043023255813956496
1645246761993 3 11.640975000000026 0 807690 0.20249999999999999 0.00043023255813956496
1645246765524 3 11.882790999999997 0 968173 0.24180000000000001 0.00043023255813956496
1645246769814 3 11.622703000000001 0 872734 0.21789999999999998 0.00043023255813956496
1645246773903 3 11.61791599999998 0 991679 0.2479 0.00043023255813956496
1645246777844 3 11.603769 0 930061 0.23290000000000002 0.00043023255813956496
1645246781662 3 11.845573000000002 0 884740 0.22149999999999997 0.00043023255813956496
1645246785711 3 11.83965599999999 0 968599 0.24300000000000002 0.00043023255813956496
1645246789930 3 11.58104000000003 0 848189 0.2121 0.00043023255813956496
1645246794021 3 11.570348000000024 0 989262 0.2474 0.00043023255813956496
1645246797945 3 11.565586999999994 0 929927 0.23290000000000002 0.00043023255813956496
1645246801667 3 11.805049999999994 0 845977 0.2118 0.00043023255813956496
1645246805794 3 11.789940999999999 0 1009703 0.2528 0.00043023255813956496
1645246810054 3 11.534656999999982 0 861836 0.21600000000000003 0.00043023255813956496

