1645240002499 1 3.999999 768 346799 0.0665 -3.3023999999999996
1645240003096 0 7.416212 0 213385 0.040799999999999996 0.00017441860465117198
1645240003461 0 11.051034000000001 0 141806 0.0273 0.00006976744186043549
1645240006779 0 11.773995000000001 0 112578 0.0213 0.00006976744186043549
1645240011142 0 11.518771 0 80671 0.0246 0.00006976744186043549
1645240014971 0 11.765045999999998 0 68729 0.0219 0.00006976744186043549
1645240018929 0 11.757670999999998 0 137895 0.036 0.00006976744186043549
1645240022832 0 11.749562999999998 0 114138 0.0306 0.00006976744186043549
1645240026774 0 11.743683 0 126013 0.033800000000000004 0.00006976744186043549
1645240030886 0 11.735217000000002 0 217236 0.0503 0.00006976744186043549
1645240034991 0 11.729754 0 219398 0.0508 0.00006976744186043549
1645240039011 0 11.721046000000001 0 177648 0.0424 0.00006976744186043549
1645240043010 0 11.706749000000002 0 166856 0.0403 0.00006976744186043549
1645240046621 0 11.948229000000005 0 223685 0.0514 0.00006976744186043549
1645240050697 0 11.940133000000003 0 206455 0.0479 0.00006976744186043549
1645240054614 0 11.931748000000006 0 121534 0.0315 0.00006976744186043549
1645240058999 0 11.676538 0 105092 0.0289 0.00006976744186043549
1645240062797 0 11.918011 0 63086 0.020399999999999998 0.00006976744186043549
1645240066641 0 11.911439999999999 0 87739 0.0249 0.00006976744186043549
1645240070624 0 11.900695999999996 0 152905 0.0379 0.00006976744186043549
1645240074999 0 11.641991000000004 0 100587 0.028000000000000004 0.00006976744186043549
1645240079056 0 11.637408000000008 0 186001 0.045 0.00006976744186043549
1645240083127 0 11.63030400000001 0 201620 0.046700000000000005 0.00006976744186043549
1645240086744 0 11.873537999999996 0 218012 0.0517 0.00006976744186043549
1645240090673 0 11.866760999999997 0 123058 0.0319 0.00006976744186043549
1645240094743 0 11.861705 0 198856 0.0468 0.00006976744186043549
1645240098559 0 11.954503000000003 0 223061 0.051500000000000004 0.00006976744186043549
1645240103029 0 11.69914 0 143385 0.036 0.00006976744186043549
1645240106945 0 11.689115000000001 0 117021 0.0312 0.00006976744186043549
1645240110788 0 11.935412 0 83595 0.0245 0.00006976744186043549
1645240114602 0 11.925083999999998 0 68011 0.0214 0.00006976744186043549
1645240119048 0 11.666505999999998 0 134264 0.0342 0.00006976744186043549
1645240122962 0 11.659316000000004 0 113722 0.0308 0.00006976744186043549
1645240126882 0 11.644847999999996 0 122694 0.0319 0.00006976744186043549
1645240130985 0 11.634852999999993 0 215146 0.05 0.00006976744186043549
1645240135084 0 11.632038999999992 0 213339 0.0492 0.00006976744186043549
1645240139108 0 11.619605000000007 0 176949 0.0427 0.00006976744186043549
1645240143103 0 11.600842 0 158356 0.0391 0.00006976744186043549
1645240146710 0 11.839315999999997 0 219852 0.0509 0.00006976744186043549
1645240150786 0 11.834693000000016 0 196864 0.047099999999999996 0.00006976744186043549
1645240154700 0 11.823978000000011 0 116610 0.0314 0.00006976744186043549
1645240159094 0 11.56845100000001 0 107223 0.0293 0.00006976744186043549
1645240162905 0 11.815508999999992 0 64332 0.0208 0.00006976744186043549
1645240166761 0 11.806938000000002 0 88753 0.0258 0.00006976744186043549
1645240170742 0 11.803208000000012 0 153489 0.0383 0.00006976744186043549
1645240175120 0 11.540730999999994 0 101805 0.027600000000000003 0.00006976744186043549
1645240179169 0 11.535784000000007 0 186822 0.0446 0.00006976744186043549
1645240182738 0 11.776141999999993 0 200149 0.047299999999999995 0.00006976744186043549
1645240186839 0 11.769968000000006 0 215305 0.0492 0.00006976744186043549
1645240190778 0 11.759623000000005 0 128759 0.0334 0.00006976744186043549
1645240194841 0 11.75168099999999 0 199367 0.046700000000000005 0.00006976744186043549
1645240198942 0 11.741656000000006 0 220759 0.0505 0.00006976744186043549
1645240202914 0 11.737284000000017 0 149511 0.0371 0.00006976744186043549
1645240206828 0 11.732675 0 118879 0.0311 0.00006976744186043549
1645240210672 0 11.975202999999993 0 85418 0.0251 0.00006976744186043549
1645240214992 0 11.720784000000009 0 68807 0.0221 0.00006976744186043549
1645240218934 0 11.71257 0 132565 0.0337 0.00006976744186043549
1645240222844 0 11.702489000000014 0 117262 0.0315 0.00006976744186043549
1645240226754 0 11.943176999999991 0 116418 0.0314 0.00006976744186043549
1645240230884 0 11.686666000000002 0 223024 0.052000000000000005 0.00006976744186043549
1645240234981 0 11.678321000000011 0 214538 0.0498 0.00006976744186043549
1645240239008 0 11.673944000000006 0 178191 0.0426 0.00006976744186043549
1645240243003 0 11.669751999999988 0 161454 0.0397 0.00006976744186043549
1645240247089 0 11.663284000000004 0 212225 0.0491 0.00006976744186043549
1645240250658 0 11.903902000000016 0 195858 0.0465 0.00006976744186043549
1645240255074 0 11.645956000000012 0 119665 0.0317 0.00006976744186043549
1645240258974 0 11.638581999999985 0 108667 0.029599999999999998 0.00006976744186043549
1645240262789 0 11.879836000000012 0 64782 0.020999999999999998 0.00006976744186043549
1645240266644 0 11.873730000000023 0 87523 0.0253 0.00006976744186043549
1645240271126 0 11.613672000000008 0 155607 0.038400000000000004 0.00006976744186043549
1645240275001 0 11.604604999999992 0 100404 0.027700000000000002 0.00006976744186043549
1645240279031 0 11.59501899999998 0 183614 0.0433 0.00006976744186043549
1645240283090 0 11.584694000000013 0 197686 0.0461 0.00006976744186043549
1645240286702 0 11.828868 0 217520 0.0512 0.00006976744186043549
1645240291137 0 11.569927000000007 0 132353 0.0333 0.00006976744186043549
1645240294707 0 11.81410900000003 0 199853 0.0465 0.00006976744186043549
1645240298820 0 11.809402999999975 0 225614 0.0514 0.00006976744186043549
1645240302798 0 11.800326999999982 0 150477 0.0373 0.00006976744186043549
1645240307207 0 11.545327999999984 0 117995 0.0314 0.00006976744186043549
1645240311054 0 11.539564999999982 0 86503 0.025 0.00006976744186043549
1645240314872 0 11.781883999999991 0 67335 0.0221 0.00006976744186043549
1645240318814 0 11.777158999999983 0 132169 0.0342 0.00006976744186043549
1645240323226 0 11.522436000000027 0 118800 0.0316 0.00006976744186043549
1645240327129 0 11.515079000000014 0 116618 0.030699999999999998 0.00006976744186043549
1645240331235 0 11.508461000000011 0 222296 0.051000000000000004 0.00006976744186043549

