1645254130522 1 3.999999 1225 346799 0.11200000000000002 -5.2675
1645254133164 3 5.368002 0 755039 0.2427 0.000174418604651283
1645254135961 3 6.574237000000001 0 835161 0.2694 0.00043023255813956496
1645254139016 3 7.528992000000001 0 908792 0.2932 0.00043023255813956496
1645254141745 3 8.787453999999999 0 804438 0.25939999999999996 0.00043023255813956496
1645254144521 3 10.014107999999998 0 828659 0.26739999999999997 0.00043023255813956496
1645254147645 3 10.886875 0 937332 0.302 0.00043023255813956496
1645254150750 3 11.919576 0 776416 0.2506 0.00043023255813956496
1645254154662 3 11.906270000000003 0 1025687 0.3305 0.00043023255813956496
1645254158898 3 11.648870000000002 0 815426 0.26339999999999997 0.00043023255813956496
1645254162856 3 11.890923 0 884625 0.28559999999999997 0.00043023255813956496
1645254168649 3 9.883105 0 904952 0.5695 0.00043023255813956496
1645254171964 3 10.567758000000005 0 954418 0.3122 0.00043023255813956496
1645254174996 3 11.535690000000002 0 910446 0.2931 0.00043023255813956496
1645254179076 3 11.606641000000003 0 922454 0.2975 0.00043023255813956496
1645254182710 3 11.846243000000001 0 942842 0.3034 0.00043023255813956496
1645254187165 3 11.587072 0 884128 0.2847 0.00043023255813956496
1645254190943 3 11.831922000000006 0 828263 0.26749999999999996 0.00043023255813956496
1645254194712 3 11.820356000000004 0 981175 0.31589999999999996 0.00043023255813956496
1645254200672 3 9.860629000000003 0 939007 0.5852999999999999 0.00043023255813956496
1645254203619 3 10.934460999999999 0 841370 0.27599999999999997 0.00043023255813956496
1645254206773 3 11.777569999999997 0 947658 0.3052 0.00043023255813956496
1645254211061 3 11.71794700000001 0 828958 0.2664 0.00043023255813956496
1645254214811 3 11.96100700000001 0 977791 0.315 0.00043023255813956496
1645254218642 3 11.952480000000008 0 847215 0.2731 0.00043023255813956496
1645254222891 3 11.691317999999995 0 978032 0.3153 0.00043023255813956496
1645254227002 3 11.684781000000001 0 934237 0.3014 0.00043023255813956496
1645254230972 3 11.675652999999997 0 889600 0.2872 0.00043023255813956496
1645254234773 3 11.921806000000004 0 988774 0.3196 0.00043023255813956496
1645254238979 3 11.665681000000006 0 808061 0.26080000000000003 0.00043023255813956496
1645254242793 3 11.908412999999996 0 995677 0.32120000000000004 0.00043023255813956496
1645254246875 3 11.903542999999999 0 924757 0.2978 0.00043023255813956496
1645254252440 3 10.109791999999999 0 808228 0.5462 0.00043023255813956496
1645254255946 3 10.605444000000006 0 1014212 0.3312 0.00043023255813956496
1645254258782 3 11.771906000000001 0 845218 0.2722 0.00043023255813956496
1645254262826 3 11.865782999999993 0 910767 0.2941 0.00043023255813956496
1645254266833 3 11.857659000000012 0 901777 0.2902 0.00043023255813956496
1645254271054 3 11.597550000000012 0 967347 0.3119 0.00043023255813956496
1645254275180 3 11.592555000000004 0 935273 0.3021 0.00043023255813956496
1645254278753 3 11.833303999999998 0 916928 0.2963 0.00043023255813956496
1645254282887 3 11.82620399999999 0 940743 0.3035 0.00043023255813956496
1645254286822 3 11.815692000000013 0 877888 0.2832 0.00043023255813956496
1645254291138 3 11.560281000000003 0 839766 0.27090000000000003 0.00043023255813956496
1645254294891 3 11.805713999999995 0 976062 0.315 0.00043023255813956496
1645254300443 3 10.10899599999999 0 958353 0.5439 0.00043023255813956496
1645254303373 3 11.177318000000014 0 836268 0.2736 0.00043023255813956496
1645254306602 3 11.947757999999993 0 968967 0.3124 0.00043023255813956496
1645254310873 3 11.773699999999991 0 825839 0.2665 0.00043023255813956496
1645254315121 3 11.51531399999999 0 974212 0.31389999999999996 0.00043023255813956496
1645254319023 3 11.757691999999992 0 867483 0.2797 0.00043023255813956496
1645254322806 3 11.744686999999999 0 987232 0.3186 0.00043023255813956496
1645254328643 3 9.906912000000005 0 921956 0.5734 0.00043023255813956496
1645254331821 3 10.729006999999996 0 913803 0.2985 0.00043023255813956496
1645254335003 3 11.547544000000016 0 958215 0.3081 0.00043023255813956496
1645254338789 3 11.948645999999997 0 832934 0.2685 0.00043023255813956496
1645254342632 3 11.941625000000016 0 1005593 0.32389999999999997 0.00043023255813956496
1645254346752 3 11.93383 0 935985 0.302 0.00043023255813956496
1645254350943 3 11.672607 0 802415 0.2593 0.00043023255813956496
1645254354769 3 11.91018600000001 0 999009 0.3221 0.00043023255813956496
1645254358674 3 11.900229999999993 0 869418 0.2806 0.00043023255813956496
1645254362683 3 11.883679 0 897686 0.2899 0.00043023255813956496
1645254366920 3 11.878961000000004 0 960141 0.313 0.00043023255813956496
1645254370969 3 11.61765299999999 0 914618 0.29460000000000003 0.00043023255813956496
1645254375133 3 11.610264999999998 0 949031 0.30619999999999997 0.00043023255813956496
1645254378703 3 11.848454000000004 0 919929 0.2968 0.00043023255813956496
1645254382805 3 11.839755999999994 0 930570 0.3007 0.00043023255813956496
1645254386789 3 11.826898000000028 0 894188 0.2886 0.00043023255813956496
1645254391087 3 11.568343000000027 0 835562 0.2697 0.00043023255813956496
1645254394868 3 11.808685000000025 0 986170 0.3182 0.00043023255813956496
1645254399059 3 11.548505999999975 0 955812 0.3089 0.00043023255813956496
1645254402858 3 11.792685000000006 0 837688 0.27040000000000003 0.00043023255813956496
1645254407102 3 11.528606000000025 0 972932 0.3145 0.00043023255813956496
1645254410801 3 11.770907000000022 0 807690 0.2606 0.00043023255813956496
1645254415019 3 11.764065000000016 0 968173 0.3122 0.00043023255813956496
1645254418938 3 11.75617699999998 0 872734 0.2814 0.00043023255813956496
1645254423241 3 11.500051999999982 0 991679 0.3202 0.00043023255813956496
1645254426839 3 11.743626000000006 0 930061 0.30019999999999997 0.00043023255813956496
1645254430795 3 11.982258999999999 0 884740 0.2858 0.00043023255813956496
1645254435022 3 11.726223000000005 0 968599 0.3129 0.00043023255813956496
1645254438860 3 11.712356 0 848189 0.2738 0.00043023255813956496
1645254442650 3 11.959234999999978 0 989262 0.3191 0.00043023255813956496
1645254446755 3 11.949523999999997 0 929927 0.29969999999999997 0.00043023255813956496
1645254452572 3 9.978908999999987 0 845977 0.5684 0.00043023255813956496
1645254456077 3 10.47681399999999 0 1009703 0.3296 0.00043023255813956496
1645254458954 3 11.599357999999995 0 861836 0.2773 0.00043023255813956496

