1645243088537 1 3.999999 8079 346799 0.7918000000000001 -34.7397
1645243094296 0 4.251296999999999 1981 213385 0.488 -8.518125581395347
1645243097695 0 4.854923 0 141806 0.32389999999999997 0.00006976744186043549
1645243100411 0 6.134912 0 112578 0.2562 0.00006976744186043549
1645243102371 0 8.175515999999998 0 80671 0.1839 0.00006976744186043549
1645243104052 0 10.494715999999999 0 68729 0.156 0.00006976744186043549
1645243107335 0 11.212633999999998 0 137895 0.3161 0.00006976744186043549
1645243111096 0 11.666153999999999 0 114138 0.2643 0.00006976744186043549
1645243115094 0 11.658016000000003 0 126013 0.28809999999999997 0.00006976744186043549
1645243120254 0 10.293207000000002 0 217236 0.49989999999999996 0.00006976744186043549
1645243125493 0 9.053526000000005 0 219398 0.4997 0.00006976744186043549
1645243129695 0 8.851165000000002 0 177648 0.4041 0.00006976744186043549
1645243133653 0 8.894587000000001 0 166856 0.38 0.00006976744186043549
1645243138893 0 7.654486000000006 0 223685 0.5074 0.00006976744186043549
1645243143894 0 6.652493 0 206455 0.4723 0.00006976744186043549
1645243146813 0 7.7328019999999995 0 121534 0.2762 0.00006976744186043549
1645243149334 0 9.213601000000004 0 105092 0.2359 0.00006976744186043549
1645243150891 0 11.655479 0 63086 0.1399 0.00006976744186043549
1645243155012 0 11.553103000000007 0 87739 0.19990000000000002 0.00006976744186043549
1645243158653 0 11.894999999999996 0 152905 0.352 0.00006976744186043549
1645243163093 0 11.534698000000006 0 100587 0.23210000000000003 0.00006976744186043549
1645243167494 0 11.052757 0 186001 0.4279 0.00006976744186043549
1645243172251 0 10.296631000000005 0 201620 0.46340000000000003 0.00006976744186043549
1645243177491 0 9.055374 0 218012 0.4998 0.00006976744186043549
1645243180571 0 9.974837000000008 0 123058 0.2801 0.00006976744186043549
1645243185299 0 9.247460000000004 0 198856 0.4561 0.00006976744186043549
1645243190577 0 7.973335000000006 0 223061 0.508 0.00006976744186043549
1645243194170 0 8.376738000000003 0 143385 0.32799999999999996 0.00006976744186043549
1645243197013 0 9.533214000000001 0 117021 0.26789999999999997 0.00006976744186043549
1645243199089 0 11.456502 0 83595 0.1917 0.00006976744186043549
1645243202773 0 11.861066000000008 0 68011 0.15209999999999999 0.00006976744186043549
1645243207013 0 11.603887999999998 0 134264 0.3079 0.00006976744186043549
1645243210729 0 11.84128100000001 0 113722 0.2599 0.00006976744186043549
1645243215155 0 11.581775000000007 0 122694 0.2799 0.00006976744186043549
1645243220217 0 10.331919 0 215146 0.49160000000000004 0.00006976744186043549
1645243225451 0 9.094897000000003 0 213339 0.48760000000000003 0.00006976744186043549
1645243229694 0 8.852830000000012 0 176949 0.40759999999999996 0.00006976744186043549
1645243233449 0 9.097183999999999 0 158356 0.3598 0.00006976744186043549
1645243238653 0 7.893344000000013 0 219852 0.5035000000000001 0.00006976744186043549
1645243243495 0 7.0520290000000045 0 196864 0.45199999999999996 0.00006976744186043549
1645243246291 0 8.255360999999994 0 116610 0.26 0.00006976744186043549
1645243248892 0 9.656823000000003 0 107223 0.2439 0.00006976744186043549
1645243250993 0 11.723907999999994 0 64332 0.13999999999999999 0.00006976744186043549
1645243254671 0 11.965795000000014 0 88753 0.20400000000000001 0.00006976744186043549
1645243258829 0 11.959474999999998 0 153489 0.352 0.00006976744186043549
1645243262793 0 11.933186000000006 0 101805 0.23220000000000002 0.00006976744186043549
1645243267262 0 11.28382400000001 0 186822 0.43200000000000005 0.00006976744186043549
1645243272012 0 10.535162000000014 0 200149 0.45990000000000003 0.00006976744186043549
1645243277095 0 9.453453999999994 0 215305 0.4958 0.00006976744186043549
1645243280329 0 10.217276999999996 0 128759 0.2919 0.00006976744186043549
1645243285012 0 9.535036999999988 0 199367 0.4516 0.00006976744186043549
1645243290212 0 8.333928000000014 0 220759 0.5039 0.00006976744186043549
1645243293893 0 8.653908999999999 0 149511 0.33999999999999997 0.00006976744186043549
1645243296732 0 9.814988999999997 0 118879 0.2678 0.00006976744186043549
1645243298849 0 11.697427000000005 0 85418 0.1956 0.00006976744186043549
1645243303072 0 11.607630999999998 0 68807 0.15189999999999998 0.00006976744186043549
1645243306749 0 11.851472000000001 0 132565 0.3039 0.00006976744186043549
1645243311071 0 11.596228999999994 0 117262 0.268 0.00006976744186043549
1645243314893 0 11.83569 0 116418 0.268 0.00006976744186043549
1645243320173 0 10.372636999999997 0 223024 0.512 0.00006976744186043549
1645243325332 0 9.214741000000004 0 214538 0.488 0.00006976744186043549
1645243329575 0 8.971464999999995 0 178191 0.40750000000000003 0.00006976744186043549
1645243333372 0 9.176421000000005 0 161454 0.368 0.00006976744186043549
1645243338411 0 8.13551799999999 0 212225 0.488 0.00006976744186043549
1645243343295 0 7.25134700000001 0 195858 0.44800000000000006 0.00006976744186043549
1645243346170 0 8.376506000000006 0 119665 0.2677 0.00006976744186043549
1645243348774 0 9.771841999999992 0 108667 0.24780000000000002 0.00006976744186043549
1645243350829 0 11.737468999999976 0 64782 0.1437 0.00006976744186043549
1645243354971 0 11.729565999999977 0 87523 0.19970000000000002 0.00006976744186043549
1645243358658 0 11.889999999999986 0 155607 0.3559 0.00006976744186043549
1645243362594 0 11.966285000000028 0 100404 0.2319 0.00006976744186043549
1645243366932 0 11.616235000000017 0 183614 0.42000000000000004 0.00006976744186043549
1645243371610 0 10.936109999999985 0 197686 0.4518 0.00006976744186043549
1645243376774 0 9.772573000000023 0 217520 0.4998 0.00006976744186043549
1645243380090 0 10.456087000000025 0 132353 0.29969999999999997 0.00006976744186043549
1645243384810 0 9.736137999999983 0 199853 0.4559 0.00006976744186043549
1645243390130 0 8.41676000000001 0 225614 0.5158 0.00006976744186043549
1645243393855 0 8.695199000000002 0 150477 0.344 0.00006976744186043549
1645243396690 0 9.857022000000029 0 117995 0.268 0.00006976744186043549
1645243398771 0 11.775588000000027 0 86503 0.1921 0.00006976744186043549

