1645238249660 1 3.999999 1128 346799 0.10189999999999999 -4.8504
1645238252085 3 5.602333 0 755039 0.2218 0.000174418604651283
1645238254650 3 7.037184000000001 0 835161 0.2447 0.00043023255813956496
1645238257425 3 8.260276000000001 0 908792 0.267 0.00043023255813956496
1645238259893 3 9.798912 0 804438 0.2359 0.00043023255813956496
1645238262430 3 11.260561 0 828659 0.24359999999999998 0.00043023255813956496
1645238266284 3 11.604651 0 937332 0.2751 0.00043023255813956496
1645238270166 3 11.600693 0 776416 0.2277 0.00043023255813956496
1645238274281 3 11.589330000000004 0 1025687 0.3009 0.00043023255813956496
1645238278279 3 11.584729000000003 0 815426 0.23929999999999998 0.00043023255813956496
1645238281988 3 11.829633000000001 0 884625 0.2598 0.00043023255813956496
1645238286263 3 11.569068000000001 0 904952 0.2661 0.00043023255813956496
1645238290170 3 11.564736000000003 0 954418 0.2805 0.00043023255813956496
1645238293960 3 11.809738000000003 0 910446 0.2672 0.00043023255813956496
1645238299832 3 9.853377000000002 0 922454 0.5776 0.00043023255813956496
1645238302866 3 10.819507000000002 0 942842 0.281 0.00043023255813956496
1645238306071 3 11.769328000000002 0 884128 0.2577 0.00043023255813956496
1645238310119 3 11.75965 0 828263 0.24359999999999998 0.00043023255813956496
1645238314098 3 11.755100999999996 0 981175 0.2874 0.00043023255813956496
1645238317968 3 11.741673000000006 0 939007 0.27559999999999996 0.00043023255813956496
1645238322066 3 11.737153000000006 0 841370 0.2473 0.00043023255813956496
1645238325975 3 11.711371 0 947658 0.2779 0.00043023255813956496
1645238330071 3 11.706181 0 828958 0.2434 0.00043023255813956496
1645238334045 3 11.695138 0 977791 0.28690000000000004 0.00043023255813956496
1645238338139 3 11.686834000000005 0 847215 0.2488 0.00043023255813956496
1645238342125 3 11.681643000000008 0 978032 0.28700000000000003 0.00043023255813956496
1645238345967 3 11.921799000000007 0 934237 0.27440000000000003 0.00043023255813956496
1645238350179 3 11.664654999999996 0 889600 0.2612 0.00043023255813956496
1645238355829 3 9.856167999999997 0 988774 0.5534 0.00043023255813956496
1645238358439 3 11.246328000000005 0 808061 0.24169999999999997 0.00043023255813956496
1645238361973 3 11.854661000000007 0 995677 0.29209999999999997 0.00043023255813956496
1645238366296 3 11.594441000000003 0 924757 0.2717 0.00043023255813956496
1645238370276 3 11.588206999999997 0 808228 0.2371 0.00043023255813956496
1645238374347 3 11.579276000000007 0 1014212 0.2979 0.00043023255813956496
1645238377937 3 11.805229999999995 0 845218 0.2484 0.00043023255813956496
1645238382228 3 11.543797000000012 0 910767 0.2682 0.00043023255813956496
1645238385978 3 11.78762900000001 0 901777 0.2645 0.00043023255813956496
1645238389921 3 11.772746000000012 0 967347 0.2838 0.00043023255813956496
1645238394276 3 11.517735000000016 0 935273 0.27480000000000004 0.00043023255813956496
1645238398070 3 11.756563999999997 0 916928 0.26890000000000003 0.00043023255813956496
1645238403830 3 9.855252000000007 0 940743 0.5660000000000001 0.00043023255813956496
1645238406662 3 11.026173 0 877888 0.26230000000000003 0.00043023255813956496
1645238409743 3 11.987432000000013 0 839766 0.24630000000000002 0.00043023255813956496
1645238413722 3 11.972437000000014 0 976062 0.2872 0.00043023255813956496
1645238418139 3 11.716970000000003 0 958353 0.2812 0.00043023255813956496
1645238422193 3 11.70348100000001 0 836268 0.24559999999999998 0.00043023255813956496
1645238426142 3 11.69685899999999 0 968967 0.2848 0.00043023255813956496
1645238430169 3 11.68710999999999 0 825839 0.2426 0.00043023255813956496
1645238434129 3 11.671327999999988 0 974212 0.286 0.00043023255813956496
1645238437786 3 11.905462 0 867483 0.25529999999999997 0.00043023255813956496
1645238441790 3 11.896278999999993 0 987232 0.2902 0.00043023255813956496
1645238446101 3 11.638915999999995 0 921956 0.2706 0.00043023255813956496
1645238451855 3 9.831170000000014 0 913803 0.5648 0.00043023255813956496
1645238454927 3 10.758096999999992 0 958215 0.2863 0.00043023255813956496
1645238457967 3 11.834191000000004 0 832934 0.24369999999999997 0.00043023255813956496
1645238462029 3 11.82191800000001 0 1005593 0.29510000000000003 0.00043023255813956496
1645238465880 3 11.811054000000013 0 935985 0.274 0.00043023255813956496
1645238470341 3 11.547922 0 802415 0.2359 0.00043023255813956496
1645238474380 3 11.526271000000008 0 999009 0.2938 0.00043023255813956496
1645238478033 3 11.761246999999997 0 869418 0.2552 0.00043023255813956496
1645238481925 3 11.978740000000016 0 897686 0.2636 0.00043023255813956496
1645238487851 3 9.8382 0 960141 0.5817 0.00043023255813956496
1645238490769 3 10.915603000000004 0 914618 0.27290000000000003 0.00043023255813956496
1645238494151 3 11.69253900000001 0 949031 0.27759999999999996 0.00043023255813956496
1645238497967 3 11.927277000000004 0 919929 0.2698 0.00043023255813956496
1645238501807 3 11.910405999999995 0 930570 0.2736 0.00043023255813956496
1645238506037 3 11.897791999999981 0 894188 0.26280000000000003 0.00043023255813956496
1645238510093 3 11.634104999999977 0 835562 0.2451 0.00043023255813956496
1645238514101 3 11.623110999999994 0 986170 0.28959999999999997 0.00043023255813956496
1645238518018 3 11.864571000000012 0 955812 0.2807 0.00043023255813956496
1645238522085 3 11.606318999999985 0 837688 0.2446 0.00043023255813956496
1645238526041 3 11.847620000000006 0 972932 0.2853 0.00043023255813956496
1645238530018 3 11.841222000000016 0 807690 0.23690000000000003 0.00043023255813956496
1645238533972 3 11.832772999999975 0 968173 0.2841 0.00043023255813956496
1645238539540 3 10.145240000000001 0 872734 0.5468 0.00043023255813956496
1645238542690 3 10.99574100000001 0 991679 0.2956 0.00043023255813956496
1645238546038 3 11.79743400000001 0 930061 0.2731 0.00043023255813956496
1645238550242 3 11.53477300000003 0 884740 0.26 0.00043023255813956496
1645238554191 3 11.525239 0 968599 0.2842 0.00043023255813956496
1645238558287 3 11.51436000000001 0 848189 0.2493 0.00043023255813956496
1645238562290 3 11.509012999999982 0 989262 0.29009999999999997 0.00043023255813956496
1645238566130 3 11.745044000000007 0 929927 0.27290000000000003 0.00043023255813956496
1645238569722 3 11.982763999999975 0 845977 0.24820000000000003 0.00043023255813956496
1645238573791 3 11.97814900000003 0 1009703 0.2969 0.00043023255813956496
1645238577928 3 11.968304999999987 0 861836 0.2535 0.00043023255813956496

