1645253786418 1 3.999999 1888 346799 0.1774 -8.1184
1645253790612 3 4.423374 547 755039 0.3867 -2.351925581395349
1645253795072 3 4.427329000000001 495 835161 0.42910000000000004 -2.1280697674418603
1645253799844 3 4.404477 753 908792 0.4669 -3.2374697674418607
1645253804080 3 4.3980999999999995 231 804438 0.4136 -0.9928697674418604
1645253808443 3 4.368962 334 828659 0.42610000000000003 -1.4357697674418606
1645253813360 3 4.446346999999999 995 937332 0.4812 -4.278069767441861
1645253817469 3 4.4283280000000005 84 776416 0.3991 -0.3607697674418604
1645253822957 3 4.252780000000001 1315 1025687 0.5378000000000001 -5.65406976744186
1645253827390 3 4.3097370000000055 476 815426 0.42140000000000005 -2.0463697674418606
1645253832062 3 4.259774 630 884625 0.45439999999999997 -2.7085697674418605
1645253836832 3 4.378259 886 904952 0.46449999999999997 -3.80936976744186
1645253841843 3 4.249746999999999 885 954418 0.4899 -3.8050697674418603
1645253846808 3 4.378613000000001 1094 910446 0.46820000000000006 -4.703769767441861
1645253851653 3 4.460460000000005 928 922454 0.47350000000000003 -3.98996976744186
1645253856605 3 4.372285000000005 861 942842 0.4838 -3.70186976744186
1645253861247 3 4.475481000000002 744 884128 0.453 -3.1987697674418603
1645253865608 3 4.446671000000009 334 828263 0.4258 -1.4357697674418606
1645253870744 3 4.273718000000002 966 981175 0.5035999999999999 -4.153369767441861
1645253875775 3 4.476210000000009 1229 939007 0.4826 -5.28426976744186
1645253880199 3 4.442575000000005 397 841370 0.4307 -1.7066697674418603
1645253885166 3 4.333791000000005 857 947658 0.48550000000000004 -3.6846697674418603
1645253889523 3 4.431595999999999 456 828958 0.4248 -1.9603697674418603
1645253894656 3 4.377516999999997 1081 977791 0.5027 -4.64786976744186
1645253899219 3 4.448540000000008 633 847215 0.43579999999999997 -2.7214697674418606
1645253904354 3 4.317039000000008 1001 978032 0.5025000000000001 -4.303869767441861
1645253909274 3 4.315639000000004 914 934237 0.4796 -3.92976976744186
1645253913945 3 4.4726360000000085 834 889600 0.4561 -3.5857697674418603
1645253920393 3 4.292156000000006 2271 988774 0.6346 -9.76486976744186
1645253922328 1 6.357408000000007 0 333821 0.173 0.00043023255813956496
1645253927553 3 5.133250000000004 0 995677 0.5117 0.000174418604651283
1645253932405 3 4.280284000000009 0 924757 0.4746 0.00043023255813956496
1645253936668 3 4.277704 258 808228 0.41529999999999995 -1.1089697674418604
1645253941997 3 4.278074000000004 1324 1014212 0.5211 -5.6927697674418605
1645253946546 3 4.343128000000007 618 845218 0.43520000000000003 -2.6569697674418604
1645253951325 3 4.451606999999996 888 910767 0.46699999999999997 -3.81796976744186
1645253956063 3 4.319545000000005 609 901777 0.4629 -2.6182697674418605
1645253961132 3 4.417428000000001 1166 967347 0.49610000000000004 -5.01336976744186
1645253966164 3 4.316721999999999 932 935273 0.48129999999999995 -4.0071697674418605
1645253970975 3 4.48293799999999 978 916928 0.4708 -4.2049697674418605
1645253975915 3 4.450659000000002 909 940743 0.4828 -3.90826976744186
1645253980544 3 4.348518000000013 521 877888 0.4514 -2.23986976744186
1645253986259 3 4.361649999999997 1734 839766 0.5606 -7.4557697674418595
1645253988439 1 6.180430999999999 0 383127 0.198 0.00043023255813956496
1645253993484 3 5.134973000000002 0 958353 0.4925 0.000174418604651283
1645253997887 3 4.732912999999996 0 836268 0.4293 0.00043023255813956496
1645254002980 3 4.304766999999998 667 968967 0.4976 -2.8676697674418605
1645254007440 3 4.462251000000009 617 825839 0.42569999999999997 -2.6526697674418602
1645254012554 3 4.319034000000016 969 974212 0.5001 -4.16626976744186
1645254017125 3 4.25459699999999 504 867483 0.4452 -2.1667697674418602
1645254022309 3 4.498796999999996 1431 987232 0.5073000000000001 -6.15286976744186
1645254027261 3 4.409458999999998 859 921956 0.4747 -3.69326976744186
1645254032061 3 4.2558190000000025 654 913803 0.46909999999999996 -2.8117697674418602
1645254037085 3 4.399133000000006 1168 958215 0.49169999999999997 -5.02196976744186
1645254041479 3 4.302415999999994 300 832934 0.4283 -1.2895697674418605
1645254046754 3 4.344944999999996 1316 1005593 0.5168999999999999 -5.658369767441861
1645254051777 3 4.393146999999999 1073 935985 0.4833 -4.61346976744186
1645254055996 3 4.452202 277 802415 0.41109999999999997 -1.1906697674418603
1645254061231 3 4.4719180000000165 1254 999009 0.5124 -5.39176976744186
1645254065801 3 4.46787599999999 565 869418 0.44589999999999996 -2.4290697674418604
1645254070527 3 4.274094999999988 531 897686 0.4617 -2.28286976744186
1645254075562 3 4.297593000000006 1063 960141 0.4932 -4.57046976744186
1645254080523 3 4.349626000000001 1011 914618 0.4708 -4.346869767441861
1645254085506 3 4.391817000000003 1024 949031 0.48769999999999997 -4.40276976744186
1645254090344 3 4.366468999999995 814 919929 0.4723 -3.4997697674418604
1645254095231 3 4.421472999999992 942 930570 0.4768 -4.050169767441861
1645254099978 3 4.322246000000007 648 894188 0.4593 -2.7859697674418604
1645254105820 3 4.459194000000025 1979 835562 0.5730999999999999 -8.50926976744186
1645254108054 1 6.308060000000012 0 379027 0.2 0.00043023255813956496
1645254113081 3 5.280437000000006 0 955812 0.4918 0.000174418604651283

