1645236833057 1 3.999999 1263 346799 0.11080000000000001 -5.430899999999999
1645236835701 3 5.354108999999999 0 755039 0.2366 0.000174418604651283
1645236838445 3 6.605398000000001 0 835161 0.2645 0.00043023255813956496
1645236841438 3 7.612694000000001 0 908792 0.2868 0.00043023255813956496
1645236844090 3 8.962675999999998 0 804438 0.2546 0.00043023255813956496
1645236846826 3 10.225442 0 828659 0.263 0.00043023255813956496
1645236849905 3 11.145802 0 937332 0.29660000000000003 0.00043023255813956496
1645236853481 3 11.689688 0 776416 0.2472 0.00043023255813956496
1645236857335 3 11.930957000000003 0 1025687 0.32480000000000003 0.00043023255813956496
1645236861522 3 11.676401000000002 0 815426 0.2584 0.00043023255813956496
1645236865437 3 11.666729000000004 0 884625 0.2808 0.00043023255813956496
1645236871228 3 9.830511000000001 0 904952 0.5604 0.00043023255813956496
1645236874513 3 10.538186000000003 0 954418 0.30670000000000003 0.00043023255813956496
1645236877498 3 11.55666 0 910446 0.2879 0.00043023255813956496
1645236881534 3 11.645569000000002 0 922454 0.2922 0.00043023255813956496
1645236885631 3 11.639559000000006 0 942842 0.2989 0.00043023255813956496
1645236889533 3 11.631567000000004 0 884128 0.2792 0.00043023255813956496
1645236893265 3 11.863898000000006 0 828263 0.2625 0.00043023255813956496
1645236897505 3 11.604696000000004 0 981175 0.3116 0.00043023255813956496
1645236901595 3 11.596868 0 939007 0.2982 0.00043023255813956496
1645236905497 3 11.654221000000007 0 841370 0.268 0.00043023255813956496
1645236911497 3 9.653143999999998 0 947658 0.5887 0.00043023255813956496
1645236914456 3 10.693292999999997 0 828958 0.26549999999999996 0.00043023255813956496
1645236917669 3 11.477098999999995 0 977791 0.3096 0.00043023255813956496
1645236921465 3 11.769480999999999 0 847215 0.2686 0.00043023255813956496
1645236925677 3 11.512297000000004 0 978032 0.3093 0.00043023255813956496
1645236929746 3 11.507782000000006 0 934237 0.2952 0.00043023255813956496
1645236933673 3 11.503349999999998 0 889600 0.2815 0.00043023255813956496
1645236937432 3 11.727044000000006 0 988774 0.31429999999999997 0.00043023255813956496
1645236942805 3 10.339308000000003 0 808061 0.5276 0.00043023255813956496
1645236946199 3 10.950308000000007 0 995677 0.3197 0.00043023255813956496
1645236949240 3 11.907111999999998 0 924757 0.2926 0.00043023255813956496
1645236953482 3 11.670461000000003 0 808228 0.2559 0.00043023255813956496
1645236957295 3 11.912573000000009 0 1014212 0.3211 0.00043023255813956496
1645236961611 3 11.657373000000007 0 845218 0.2707 0.00043023255813956496
1645236965618 3 11.647570000000002 0 910767 0.2891 0.00043023255813956496
1645236969590 3 11.634679000000006 0 901777 0.2848 0.00043023255813956496
1645236975642 3 9.503187999999994 0 967347 0.5940000000000001 0.00043023255813956496
1645236979007 3 10.146985 0 935273 0.3046 0.00043023255813956496
1645236982012 3 11.133285999999998 0 916928 0.2899 0.00043023255813956496
1645236985590 3 11.58250799999999 0 940743 0.2973 0.00043023255813956496
1645236989477 3 11.82856000000001 0 877888 0.2777 0.00043023255813956496
1645236993764 3 11.573095999999993 0 839766 0.2656 0.00043023255813956496
1645236997463 3 11.811641000000009 0 976062 0.30870000000000003 0.00043023255813956496
1645237001608 3 11.557242000000002 0 958353 0.3036 0.00043023255813956496
1645237005367 3 11.792022000000003 0 836268 0.2643 0.00043023255813956496
1645237009555 3 11.784807 0 968967 0.3069 0.00043023255813956496
1645237013769 3 11.521773999999994 0 825839 0.2615 0.00043023255813956496
1645237017453 3 11.764640000000014 0 974212 0.3088 0.00043023255813956496
1645237021819 3 11.509794999999997 0 867483 0.2751 0.00043023255813956496
1645237025563 3 11.754266000000001 0 987232 0.3124 0.00043023255813956496
1645237029596 3 11.743491000000006 0 921956 0.2923 0.00043023255813956496
1645237033599 3 11.733981999999997 0 913803 0.29 0.00043023255813956496
1645237037241 3 11.974864999999994 0 958215 0.3032 0.00043023255813956496
1645237041498 3 11.717361000000011 0 832934 0.2645 0.00043023255813956496
1645237045289 3 11.952860000000015 0 1005593 0.3186 0.00043023255813956496
1645237049364 3 11.942009000000013 0 935985 0.296 0.00043023255813956496
1645237053510 3 11.680205999999998 0 802415 0.253 0.00043023255813956496
1645237057277 3 11.924379000000016 0 999009 0.3165 0.00043023255813956496
1645237061681 3 11.592048000000005 0 869418 0.2758 0.00043023255813956496
1645237065640 3 11.579363999999998 0 897686 0.2841 0.00043023255813956496
1645237069793 3 11.568332999999996 0 960141 0.3029 0.00043023255813956496
1645237073801 3 11.563114000000013 0 914618 0.2895 0.00043023255813956496
1645237077414 3 11.80043599999999 0 949031 0.3006 0.00043023255813956496
1645237081448 3 11.793801000000002 0 919929 0.2912 0.00043023255813956496
1645237085502 3 11.780597999999998 0 930570 0.2945 0.00043023255813956496
1645237089458 3 11.775004000000024 0 894188 0.2824 0.00043023255813956496
1645237093734 3 11.516863999999998 0 835562 0.2649 0.00043023255813956496
1645237097464 3 11.762462000000028 0 986170 0.3124 0.00043023255813956496
1645237101603 3 11.755695000000003 0 955812 0.3034 0.00043023255813956496
1645237105366 3 11.99615 0 837688 0.2658 0.00043023255813956496
1645237109563 3 11.726933000000031 0 972932 0.3086 0.00043023255813956496
1645237113232 3 11.969281000000024 0 807690 0.25539999999999996 0.00043023255813956496
1645237117417 3 11.95999599999999 0 968173 0.3068 0.00043023255813956496
1645237121294 3 11.947156000000007 0 872734 0.27599999999999997 0.00043023255813956496
1645237125549 3 11.677584000000024 0 991679 0.3146 0.00043023255813956496
1645237129602 3 11.66267700000003 0 930061 0.29510000000000003 0.00043023255813956496
1645237133512 3 11.646048000000008 0 884740 0.2806 0.00043023255813956496
1645237137700 3 11.621951000000024 0 968599 0.3069 0.00043023255813956496
1645237141490 3 11.858292000000006 0 848189 0.26880000000000004 0.00043023255813956496
1645237145730 3 11.586512000000027 0 989262 0.3129 0.00043023255813956496
1645237149792 3 11.559327999999994 0 929927 0.2945 0.00043023255813956496
1645237153579 3 11.770770000000027 0 845977 0.2684 0.00043023255813956496
1645237157390 3 11.987959999999987 0 1009703 0.3198 0.00043023255813956496
1645237161229 3 11.96475700000002 0 861836 0.27280000000000004 0.00043023255813956496

