1645229071633 1 3.999999 981 346799 0.0878 -4.2183
1645229073760 3 5.887631 0 755039 0.1905 0.000174418604651283
1645229075994 3 7.662259000000001 0 835161 0.21200000000000002 0.00043023255813956496
1645229078413 3 9.234475 0 908792 0.23020000000000002 0.00043023255813956496
1645229080561 3 11.086789 0 804438 0.20390000000000003 0.00043023255813956496
1645229083764 3 11.937183 0 828659 0.20990000000000003 0.00043023255813956496
1645229087738 3 11.927494 0 937332 0.2373 0.00043023255813956496
1645229091805 3 11.917714999999998 0 776416 0.1968 0.00043023255813956496
1645229096007 3 11.661420000000003 0 1025687 0.26 0.00043023255813956496
1645229100179 3 11.649526000000002 0 815426 0.2069 0.00043023255813956496
1645229104017 3 11.64396 0 884625 0.2232 0.00043023255813956496
1645229107929 3 11.885155000000005 0 904952 0.2292 0.00043023255813956496
1645229111951 3 11.879038000000001 0 954418 0.2415 0.00043023255813956496
1645229115866 3 11.869125000000004 0 910446 0.23090000000000002 0.00043023255813956496
1645229119803 3 11.862273000000002 0 922454 0.23359999999999997 0.00043023255813956496
1645229123801 3 11.851252000000002 0 942842 0.2394 0.00043023255813956496
1645229128145 3 11.594449000000004 0 884128 0.2234 0.00043023255813956496
1645229131849 3 11.830881000000005 0 828263 0.2101 0.00043023255813956496
1645229135935 3 11.825446 0 981175 0.2485 0.00043023255813956496
1645229139923 3 11.818306000000007 0 939007 0.238 0.00043023255813956496
1645229144149 3 11.563502 0 841370 0.2132 0.00043023255813956496
1645229148150 3 11.552704000000006 0 947658 0.23959999999999998 0.00043023255813956496
1645229151865 3 11.793907000000004 0 828958 0.2102 0.00043023255813956496
1645229155950 3 11.780014000000008 0 977791 0.2474 0.00043023255813956496
1645229160203 3 11.518776000000003 0 847215 0.2152 0.00043023255813956496
1645229164283 3 11.503640000000004 0 978032 0.248 0.00043023255813956496
1645229168266 3 11.499886000000004 0 934237 0.2372 0.00043023255813956496
1645229172129 3 11.740184 0 889600 0.22519999999999998 0.00043023255813956496
1645229175757 3 11.976667000000006 0 988774 0.2509 0.00043023255813956496
1645229181499 3 10.148930000000007 0 808061 0.5645 0.00043023255813956496
1645229184270 3 11.377794000000009 0 995677 0.2584 0.00043023255813956496
1645229187727 3 11.94614 0 924757 0.2343 0.00043023255813956496
1645229191869 3 11.935660999999996 0 808228 0.2044 0.00043023255813956496
1645229196067 3 11.680372000000006 0 1014212 0.2595 0.00043023255813956496
1645229199800 3 11.921525000000003 0 845218 0.21389999999999998 0.00043023255813956496
1645229204211 3 11.662067000000008 0 910767 0.2313 0.00043023255813956496
1645229208090 3 11.65123299999999 0 901777 0.2278 0.00043023255813956496
1645229212145 3 11.646096999999997 0 967347 0.2452 0.00043023255813956496
1645229216123 3 11.635097000000002 0 935273 0.2372 0.00043023255813956496
1645229220046 3 11.625641000000002 0 916928 0.23290000000000002 0.00043023255813956496
1645229224025 3 11.869914999999992 0 940743 0.23769999999999997 0.00043023255813956496
1645229227853 3 11.866162000000003 0 877888 0.2222 0.00043023255813956496
1645229232089 3 11.607810999999998 0 839766 0.2129 0.00043023255813956496
1645229236161 3 11.600154000000003 0 976062 0.2473 0.00043023255813956496
1645229240189 3 11.583793000000014 0 958353 0.24289999999999998 0.00043023255813956496
1645229243905 3 11.823016999999993 0 836268 0.21230000000000002 0.00043023255813956496
1645229247961 3 11.817068000000006 0 968967 0.24580000000000002 0.00043023255813956496
1645229252152 3 11.55111500000001 0 825839 0.2091 0.00043023255813956496
1645229256220 3 11.540138000000013 0 974212 0.2468 0.00043023255813956496
1645229260027 3 11.775206999999995 0 867483 0.21989999999999998 0.00043023255813956496
1645229264128 3 11.767470000000003 0 987232 0.24969999999999998 0.00043023255813956496
1645229268063 3 11.750991999999997 0 921956 0.2331 0.00043023255813956496
1645229271990 3 11.740614999999991 0 913803 0.23210000000000003 0.00043023255813956496
1645229276012 3 11.733858999999995 0 958215 0.2426 0.00043023255813956496
1645229279724 3 11.975893000000013 0 832934 0.2112 0.00043023255813956496
1645229283874 3 11.970951000000014 0 1005593 0.2545 0.00043023255813956496
1645229287843 3 11.962812000000014 0 935985 0.23679999999999998 0.00043023255813956496
1645229291975 3 11.704665000000006 0 802415 0.2032 0.00043023255813956496
1645229296111 3 11.697528000000005 0 999009 0.2532 0.00043023255813956496
1645229299912 3 11.938805000000002 0 869418 0.2203 0.00043023255813956496
1645229303816 3 11.930559000000017 0 897686 0.2293 0.00043023255813956496
1645229307856 3 11.919986999999992 0 960141 0.2435 0.00043023255813956496
1645229311773 3 11.91368 0 914618 0.23159999999999997 0.00043023255813956496
1645229315775 3 11.908935000000014 0 949031 0.2404 0.00043023255813956496
1645229320212 3 11.649157000000002 0 919929 0.2334 0.00043023255813956496
1645229324173 3 11.636378000000008 0 930570 0.23620000000000002 0.00043023255813956496
1645229328041 3 11.623443000000009 0 894188 0.2266 0.00043023255813956496
1645229332257 3 11.620769999999993 0 835562 0.21190000000000003 0.00043023255813956496
1645229335857 3 11.865175000000022 0 986170 0.2496 0.00043023255813956496
1645229339887 3 11.858675000000005 0 955812 0.242 0.00043023255813956496
1645229344103 3 11.602796000000012 0 837688 0.21200000000000002 0.00043023255813956496
1645229348169 3 11.59202700000003 0 972932 0.24700000000000003 0.00043023255813956496
1645229352318 3 11.57860599999998 0 807690 0.20459999999999998 0.00043023255813956496
1645229355874 3 11.822789 0 968173 0.2453 0.00043023255813956496
1645229360187 3 11.56495000000001 0 872734 0.2209 0.00043023255813956496
1645229364306 3 11.558301000000029 0 991679 0.25179999999999997 0.00043023255813956496
1645229368260 3 11.552272000000016 0 930061 0.23559999999999998 0.00043023255813956496
1645229372106 3 11.54089700000003 0 884740 0.22440000000000002 0.00043023255813956496
1645229376159 3 11.534031000000027 0 968599 0.24569999999999997 0.00043023255813956496
1645229379906 3 11.777066999999988 0 848189 0.215 0.00043023255813956496
1645229384015 3 11.772942999999998 0 989262 0.2506 0.00043023255813956496
1645229387973 3 11.763296000000025 0 929927 0.2358 0.00043023255813956496
1645229392221 3 11.507855000000006 0 845977 0.2142 0.00043023255813956496
1645229395875 3 11.998724999999979 0 1009703 0.25539999999999996 0.00043023255813956496
1645229399658 3 11.995475999999996 0 861836 0.2186 0.00043023255813956496

