1645229061961 1 3.999999 989 346799 0.0879 -4.2527
1645229065484 4 4.485889 0 1312552 0.3324 0.000174418604651283
1645229069096 4 4.881105000000001 0 1383123 0.3504 0.000662790697674609
1645229072886 4 5.084288000000001 0 1451767 0.3678 0.000662790697674609
1645229076306 4 5.6649329999999996 0 1308083 0.3319 0.000662790697674609
1645229079706 4 6.381838999999999 0 1299338 0.3296 0.000662790697674609
1645229083562 4 6.530082 0 1453833 0.369 0.000662790697674609
1645229086914 4 7.169919999999998 0 1280990 0.3246 0.000662790697674609
1645229091098 4 6.983843000000004 0 1612910 0.4085 0.000662790697674609
1645229094376 4 7.7154780000000045 0 1213987 0.3153 0.000662790697674609
1645229097983 4 8.099307000000003 0 1380918 0.3497 0.000662790697674609
1645229101472 4 8.614488000000001 0 1334467 0.3377 0.000662790697674609
1645229105293 4 8.788651999999999 0 1463126 0.3698 0.000662790697674609
1645229109000 4 9.081304000000003 0 1421742 0.3613 0.000662790697674609
1645229112750 4 9.333343 0 1436771 0.3637 0.000662790697674609
1645229116480 4 9.606282 0 1425347 0.3617 0.000662790697674609
1645229120046 4 10.036705000000005 0 1366001 0.3462 0.000662790697674609
1645229123399 4 10.683802 0 1281785 0.325 0.000662790697674609
1645229127343 4 10.746912000000009 0 1514044 0.3835 0.000662790697674609
1645229131083 4 10.999605000000003 0 1432783 0.3624 0.000662790697674609
1645229134735 4 11.347045000000008 0 1401397 0.35459999999999997 0.000662790697674609
1645229138529 4 11.553167000000002 0 1450362 0.368 0.000662790697674609
1645229142343 4 11.899715999999998 0 1266375 0.32080000000000003 0.000662790697674609
1645229146241 4 11.843207000000007 0 1497932 0.37970000000000004 0.000662790697674609
1645229150166 4 11.930430000000001 0 1308773 0.3318 0.000662790697674609
1645229154115 4 11.968124000000003 0 1516715 0.3845 0.000662790697674609
1645229158311 4 11.909926999999996 0 1407805 0.35750000000000004 0.000662790697674609
1645229162450 4 11.649158999999997 0 1394624 0.3539 0.000662790697674609
1645229166381 4 11.702140999999997 0 1502056 0.381 0.000662790697674609
1645229170238 4 11.874229 0 1276395 0.32330000000000003 0.000662790697674609
1645229174103 4 11.979036000000008 0 1480768 0.37570000000000003 0.000662790697674609
1645229178456 4 11.846204999999998 0 1473992 0.3742 0.000662790697674609
1645229182361 4 11.832543999999999 0 1306146 0.3312 0.000662790697674609
1645229186439 4 11.649572000000006 0 1565699 0.3972 0.000662790697674609
1645229190765 4 11.562851999999992 0 1268922 0.3218 0.000662790697674609
1645229194430 4 11.651592999999991 0 1406335 0.3565 0.000662790697674609
1645229198544 4 11.787871999999993 0 1381377 0.3507 0.000662790697674609
1645229202390 4 11.692127 0 1475162 0.37429999999999997 0.000662790697674609
1645229206115 4 11.966713999999996 0 1430482 0.3629 0.000662790697674609
1645229210376 4 11.75773000000001 0 1439994 0.3645 0.000662790697674609
1645229214545 4 11.749452999999988 0 1405476 0.3567 0.000662790697674609
1645229218161 4 11.932753999999989 0 1382866 0.3507 0.000662790697674609
1645229222581 4 11.722260000000006 0 1303196 0.3305 0.000662790697674609
1645229226591 4 11.490939999999995 0 1538814 0.3902 0.000662790697674609
1645229230307 4 11.77700200000001 0 1423261 0.3613 0.000662790697674609
1645229234417 4 11.685440999999997 0 1377859 0.34950000000000003 0.000662790697674609
1645229238564 4 11.67468500000001 0 1396488 0.3543 0.000662790697674609
1645229242375 4 11.920127000000008 0 1265878 0.32120000000000004 0.000662790697674609
1645229246218 4 11.866877000000017 0 1474721 0.3738 0.000662790697674609
1645229250256 4 11.904584 0 1357016 0.3439 0.000662790697674609
1645229254181 4 11.900846000000001 0 1508969 0.3827 0.000662790697674609
1645229258422 4 11.824251000000004 0 1420161 0.361 0.000662790697674609
1645229262560 4 11.626340999999996 0 1394798 0.3537 0.000662790697674609
1645229266473 4 11.617942999999997 0 1499654 0.38 0.000662790697674609
1645229270425 4 11.862730999999997 0 1323592 0.3352 0.000662790697674609
1645229274273 4 11.811229999999995 0 1477260 0.37429999999999997 0.000662790697674609
1645229278125 4 11.958158999999995 0 1474833 0.37360000000000004 0.000662790697674609
1645229282529 4 11.591208999999992 0 1299401 0.3295 0.000662790697674609
1645229286677 4 11.408363000000008 0 1595638 0.40469999999999995 0.000662790697674609
1645229290536 4 11.569423 0 1282380 0.325 0.000662790697674609
1645229294194 4 11.888136000000003 0 1402228 0.3558 0.000662790697674609
1645229298367 4 11.804942000000011 0 1404885 0.3565 0.000662790697674609
1645229302150 4 11.93530100000001 0 1453425 0.3684 0.000662790697674609
1645229306453 4 11.773966999999999 0 1453998 0.3691 0.000662790697674609
1645229310170 4 11.920904000000007 0 1424197 0.3612 0.000662790697674609
1645229314346 4 11.756506000000002 0 1409895 0.3572 0.000662790697674609
1645229318451 4 11.743965000000003 0 1381516 0.35009999999999997 0.000662790697674609
1645229322346 4 11.738993999999991 0 1298461 0.3292 0.000662790697674609
1645229326323 4 11.758759999999995 0 1530017 0.3879 0.000662790697674609
1645229330565 4 11.725868999999989 0 1437352 0.364 0.000662790697674609
1645229334574 4 11.718299000000002 0 1344879 0.3411 0.000662790697674609
1645229338456 4 11.626604999999984 0 1490910 0.3781 0.000662790697674609
1645229342260 4 11.955241000000001 0 1264017 0.3209 0.000662790697674609
1645229346558 4 11.689055999999994 0 1458446 0.36970000000000003 0.000662790697674609
1645229350124 4 11.957997999999975 0 1366050 0.34700000000000003 0.000662790697674609
1645229354138 4 11.944416999999987 0 1540108 0.3902 0.000662790697674609
1645229358342 4 11.912419999999997 0 1421303 0.36 0.000662790697674609
1645229362387 4 11.894856000000004 0 1359213 0.3446 0.000662790697674609
1645229366324 4 11.75870900000001 0 1514199 0.3835 0.000662790697674609
1645229370213 4 11.878858999999977 0 1296661 0.3289 0.000662790697674609
1645229374709 4 11.621915999999999 0 1340186 0.3395 0.000662790697674609
1645229378557 4 11.525622999999996 0 1478975 0.375 0.000662790697674609
1645229382571 4 11.600587000000019 0 1342511 0.3407 0.000662790697674609
1645229386552 4 11.530856000000028 0 1527618 0.3876 0.000662790697674609
1645229390452 4 11.83650799999998 0 1297467 0.3287 0.000662790697674609

