1645243174997 1 3.999999 1491 346799 0.1392 -6.4113
1645243178251 3 4.770796 0 755039 0.3035 0.000174418604651283
1645243181709 3 5.292552000000001 0 835161 0.3352 0.00043023255813956496
1645243185469 3 5.533949000000002 0 908792 0.3653 0.00043023255813956496
1645243188817 3 6.184147999999999 0 804438 0.3245 0.00043023255813956496
1645243192251 3 6.750499999999999 0 828659 0.3335 0.00043023255813956496
1645243196130 3 6.8720529999999975 0 937332 0.3773 0.00043023255813956496
1645243199373 3 7.628966999999999 0 776416 0.31110000000000004 0.00043023255813956496
1645243203602 3 7.399154000000003 0 1025687 0.41289999999999993 0.00043023255813956496
1645243206985 3 8.016761000000002 0 815426 0.3277 0.00043023255813956496
1645243210653 3 8.347172 0 884625 0.3559 0.00043023255813956496
1645243214502 3 8.497904000000005 0 904952 0.375 0.00043023255813956496
1645243218447 3 8.554008000000003 0 954418 0.384 0.00043023255813956496
1645243222218 3 8.783155 0 910446 0.36619999999999997 0.00043023255813956496
1645243226034 3 8.965704000000002 0 922454 0.3714 0.00043023255813956496
1645243229923 3 9.079092000000003 0 942842 0.3786 0.00043023255813956496
1645243233581 3 9.420501999999999 0 884128 0.3552 0.00043023255813956496
1645243237013 3 9.988912 0 828263 0.3326 0.00043023255813956496
1645243241065 3 9.936192000000005 0 981175 0.39390000000000003 0.00043023255813956496
1645243244950 3 10.050478999999996 0 939007 0.3771 0.00043023255813956496
1645243248439 3 10.563457 0 841370 0.3383 0.00043023255813956496
1645243252347 3 10.652742000000003 0 947658 0.381 0.00043023255813956496
1645243255788 3 11.212823999999998 0 828958 0.333 0.00043023255813956496
1645243259822 3 11.179496 0 977791 0.393 0.00043023255813956496
1645243263336 3 11.664451999999997 0 847215 0.3402 0.00043023255813956496
1645243267368 3 11.633228000000003 0 978032 0.3931 0.00043023255813956496
1645243271236 3 11.764221000000006 0 934237 0.3761 0.00043023255813956496
1645243275413 3 11.751785999999996 0 889600 0.3578 0.00043023255813956496
1645243279490 3 11.510396 0 988774 0.3975 0.00043023255813956496
1645243283341 3 11.740674999999996 0 808061 0.3252 0.00043023255813956496
1645243287446 3 11.553933999999998 0 995677 0.4003 0.00043023255813956496
1645243292917 3 10.084636000000003 0 924757 0.5365 0.00043023255813956496
1645243296376 3 10.623541000000003 0 808228 0.3275 0.00043023255813956496
1645243300558 3 10.444125999999997 0 1014212 0.40759999999999996 0.00043023255813956496
1645243304063 3 10.93828400000001 0 845218 0.3397 0.00043023255813956496
1645243307832 3 11.168155000000013 0 910767 0.36629999999999996 0.00043023255813956496
1645243311552 3 11.447839000000016 0 901777 0.3613 0.00043023255813956496
1645243315561 3 11.441599999999994 0 967347 0.3895 0.00043023255813956496
1645243319449 3 11.551406000000014 0 935273 0.3782 0.00043023255813956496
1645243323247 3 11.755786 0 916928 0.36869999999999997 0.00043023255813956496
1645243327133 3 11.868346000000003 0 940743 0.37839999999999996 0.00043023255813956496
1645243331265 3 11.887078000000002 0 877888 0.3532 0.00043023255813956496
1645243335247 3 11.877471000000014 0 839766 0.33809999999999996 0.00043023255813956496
1645243339279 3 11.722249000000005 0 976062 0.39289999999999997 0.00043023255813956496
1645243345592 3 9.410413000000005 0 958353 0.6201 0.00043023255813956496
1645243347202 1 11.797980999999993 0 342596 0.1397 0.00043023255813956496
1645243351213 3 11.789514999999994 0 968967 0.39 0.000174418604651283
1645243355637 3 11.59229400000001 0 825839 0.3322 0.00043023255813956496
1645243359658 3 11.342619000000013 0 974212 0.39180000000000004 0.00043023255813956496
1645243363240 3 11.760325999999992 0 867483 0.348 0.00043023255813956496
1645243367311 3 11.689937000000015 0 987232 0.3973 0.00043023255813956496
1645243371118 3 11.882089000000008 0 921956 0.3708 0.00043023255813956496
1645243376979 3 10.021559999999994 0 913803 0.5753 0.00043023255813956496
1645243381096 3 9.923709000000002 0 958215 0.38730000000000003 0.00043023255813956496
1645243384540 3 10.460803999999996 0 832934 0.3347 0.00043023255813956496
1645243388683 3 10.318934000000013 0 1005593 0.4039 0.00043023255813956496
1645243392555 3 10.447384999999997 0 935985 0.3767 0.00043023255813956496
1645243395886 3 11.119242000000014 0 802415 0.32280000000000003 0.00043023255813956496
1645243400009 3 10.993156999999997 0 999009 0.40190000000000003 0.00043023255813956496
1645243403612 3 11.38905600000001 0 869418 0.3496 0.00043023255813956496
1645243407327 3 11.674135000000007 0 897686 0.3614 0.00043023255813956496
1645243411296 3 11.705224000000015 0 960141 0.3863 0.00043023255813956496
1645243415117 3 11.883511999999996 0 914618 0.3674 0.00043023255813956496
1645243421274 3 9.72636399999999 0 949031 0.6061 0.00043023255813956496
1645243425199 3 9.802183000000014 0 919929 0.3729 0.00043023255813956496
1645243429044 3 9.957244000000003 0 930570 0.37429999999999997 0.00043023255813956496
1645243432753 3 10.253849000000002 0 894188 0.3594 0.00043023255813956496
1645243436223 3 10.77892700000001 0 835562 0.33599999999999997 0.00043023255813956496
1645243440294 3 10.705696999999986 0 986170 0.3967 0.00043023255813956496
1645243444245 3 10.75805600000001 0 955812 0.3848 0.00043023255813956496
1645243447711 3 11.289670000000001 0 837688 0.3366 0.00043023255813956496
1645243453972 3 9.027601000000004 0 972932 0.6152 0.00043023255813956496
1645243455553 1 11.44699300000002 0 335171 0.1379 0.00043023255813956496
1645243459560 3 11.441532999999993 0 968173 0.3887 0.000174418604651283
1645243463175 3 11.82881100000003 0 872734 0.35019999999999996 0.00043023255813956496
1645243467273 3 11.727911000000006 0 991679 0.3986 0.00043023255813956496
1645243471121 3 11.879652000000021 0 930061 0.3742 0.00043023255813956496
1645243475287 3 11.807735999999977 0 884740 0.35609999999999997 0.00043023255813956496
1645243479283 3 11.716451000000006 0 968599 0.3899 0.00043023255813956496
1645243484864 3 10.139762000000019 0 848189 0.5469 0.00043023255813956496
1645243489062 3 9.939184000000012 0 989262 0.40049999999999997 0.00043023255813956496
1645243492908 3 10.092895999999996 0 929927 0.37429999999999997 0.00043023255813956496
1645243496422 3 10.57910400000003 0 845977 0.3408 0.00043023255813956496
1645243500587 3 10.415205000000014 0 1009703 0.4056 0.00043023255813956496

