1645241142925 1 3.999999 906 346799 0.0804 -3.8958
1645241143875 1 7.074924 0 363755 0.0844 0.00017441860465117198
1645241144812 1 10.131552000000001 0 362842 0.0842 0.00017441860465117198
1645241147302 1 11.667892000000002 0 384791 0.0889 0.00017441860465117198
1645241151378 3 11.661750999999999 0 804438 0.1879 0.000174418604651283
1645241155440 3 11.654768999999998 0 828659 0.1963 0.00043023255813956496
1645241159248 3 11.897251999999998 0 937332 0.2203 0.00043023255813956496
1645241163153 3 11.891579 0 776416 0.1806 0.00043023255813956496
1645241167144 3 11.885019000000003 0 1025687 0.2384 0.00043023255813956496
1645241171137 3 11.878531000000002 0 815426 0.1897 0.00043023255813956496
1645241175291 3 11.865266000000005 0 884625 0.2049 0.00043023255813956496
1645241179499 3 11.605765000000005 0 904952 0.2105 0.00043023255813956496
1645241183318 3 11.847934000000002 0 954418 0.22160000000000002 0.00043023255813956496
1645241187535 3 11.592324000000005 0 910446 0.21190000000000003 0.00043023255813956496
1645241191286 3 11.831711000000006 0 922454 0.21469999999999997 0.00043023255813956496
1645241195580 3 11.575093000000003 0 942842 0.2191 0.00043023255813956496
1645241199233 3 11.813753000000005 0 884128 0.2049 0.00043023255813956496
1645241203328 3 11.801585000000003 0 828263 0.1927 0.00043023255813956496
1645241207218 3 11.793385 0 981175 0.2277 0.00043023255813956496
1645241211503 3 11.538486000000006 0 939007 0.21810000000000002 0.00043023255813956496
1645241215560 3 11.529686999999996 0 841370 0.1954 0.00043023255813956496
1645241219364 3 11.773252999999997 0 947658 0.21989999999999998 0.00043023255813956496
1645241223386 3 11.760702000000009 0 828958 0.1921 0.00043023255813956496
1645241227259 3 11.750377 0 977791 0.2274 0.00043023255813956496
1645241231325 3 11.744781000000003 0 847215 0.19690000000000002 0.00043023255813956496
1645241235199 3 11.988607000000002 0 978032 0.22759999999999997 0.00043023255813956496
1645241238984 3 11.974911000000006 0 934237 0.2173 0.00043023255813956496
1645241243150 3 11.964853000000005 0 889600 0.20659999999999998 0.00043023255813956496
1645241247059 3 11.945183999999998 0 988774 0.2299 0.00043023255813956496
1645241251032 3 11.939898999999997 0 808061 0.1876 0.00043023255813956496
1645241255449 3 11.679316999999998 0 995677 0.2314 0.00043023255813956496
1645241259197 3 11.916061999999997 0 924757 0.21459999999999999 0.00043023255813956496
1645241263171 3 11.903114000000002 0 808228 0.1871 0.00043023255813956496
1645241267133 3 11.898683000000005 0 1014212 0.236 0.00043023255813956496
1645241271193 3 11.893132000000008 0 845218 0.1965 0.00043023255813956496
1645241275408 3 11.631463999999994 0 910767 0.2118 0.00043023255813956496
1645241279100 3 11.876949999999994 0 901777 0.20950000000000002 0.00043023255813956496
1645241283449 3 11.611806000000001 0 967347 0.22490000000000002 0.00043023255813956496
1645241287229 3 11.853721000000007 0 935273 0.21760000000000002 0.00043023255813956496
1645241291458 3 11.597273000000001 0 916928 0.21280000000000002 0.00043023255813956496
1645241295239 3 11.83902599999999 0 940743 0.2183 0.00043023255813956496
1645241299379 3 11.577488000000017 0 877888 0.2042 0.00043023255813956496
1645241303438 3 11.567687000000006 0 839766 0.1951 0.00043023255813956496
1645241307309 3 11.812274000000002 0 976062 0.2265 0.00043023255813956496
1645241311640 3 11.548541 0 958353 0.2226 0.00043023255813956496
1645241315184 3 11.78859700000001 0 836268 0.19419999999999998 0.00043023255813956496
1645241319539 3 11.528639999999996 0 968967 0.2253 0.00043023255813956496
1645241323561 3 11.517970999999989 0 825839 0.1918 0.00043023255813956496
1645241327426 3 11.765332999999998 0 974212 0.22610000000000002 0.00043023255813956496
1645241331541 3 11.502972 0 867483 0.20179999999999998 0.00043023255813956496
1645241335442 3 11.745874000000015 0 987232 0.2294 0.00043023255813956496
1645241339186 3 11.986827000000005 0 921956 0.2141 0.00043023255813956496
1645241343417 3 11.729264999999998 0 913803 0.21230000000000002 0.00043023255813956496
1645241347247 3 11.718489000000005 0 958215 0.22280000000000003 0.00043023255813956496
1645241351278 3 11.712454000000008 0 832934 0.1934 0.00043023255813956496
1645241355209 3 11.952491000000009 0 1005593 0.2334 0.00043023255813956496
1645241359481 3 11.696602000000013 0 935985 0.21739999999999998 0.00043023255813956496
1645241363442 3 11.685198000000014 0 802415 0.1864 0.00043023255813956496
1645241367360 3 11.676624000000004 0 999009 0.23199999999999998 0.00043023255813956496
1645241371483 3 11.670113000000015 0 869418 0.2021 0.00043023255813956496
1645241375171 3 11.914007999999995 0 897686 0.2085 0.00043023255813956496
1645241379522 3 11.650304000000006 0 960141 0.22360000000000002 0.00043023255813956496
1645241383241 3 11.893711999999994 0 914618 0.2121 0.00043023255813956496
1645241387544 3 11.636899 0 949031 0.2203 0.00043023255813956496
1645241391296 3 11.879106000000007 0 919929 0.21389999999999998 0.00043023255813956496
1645241395561 3 11.621055000000013 0 930570 0.2164 0.00043023255813956496
1645241399247 3 11.86488700000001 0 894188 0.2077 0.00043023255813956496
1645241403295 3 11.854668000000004 0 835562 0.1945 0.00043023255813956496
1645241407191 3 11.848118999999997 0 986170 0.2294 0.00043023255813956496
1645241411522 3 11.59137400000003 0 955812 0.22210000000000002 0.00043023255813956496
1645241415569 3 11.584937000000025 0 837688 0.1947 0.00043023255813956496
1645241419432 3 11.577877999999998 0 972932 0.2263 0.00043023255813956496
1645241423411 3 11.571064999999976 0 807690 0.1875 0.00043023255813956496
1645241427258 3 11.809586000000024 0 968173 0.2246 0.00043023255813956496
1645241431399 3 11.552092000000016 0 872734 0.20270000000000002 0.00043023255813956496
1645241435319 3 11.795044000000019 0 991679 0.23020000000000002 0.00043023255813956496
1645241439590 3 11.534950999999978 0 930061 0.2163 0.00043023255813956496
1645241443257 3 11.891048000000012 0 884740 0.20390000000000003 0.00043023255813956496
1645241447137 3 11.882541000000003 0 968599 0.22549999999999998 0.00043023255813956496
1645241451221 3 11.877587000000005 0 848189 0.197 0.00043023255813956496
1645241455128 3 11.865350999999976 0 989262 0.23020000000000002 0.00043023255813956496
1645241459391 3 11.604512999999997 0 929927 0.2162 0.00043023255813956496
1645241463466 3 11.599294999999984 0 845977 0.1968 0.00043023255813956496
1645241467423 3 11.586979999999983 0 1009703 0.2352 0.00043023255813956496
1645241471542 3 11.575174000000004 0 861836 0.2003 0.00043023255813956496

