1645251299775 1 3.999999 1323 346799 0.12010000000000001 -5.688899999999999
1645251302651 3 5.142065 0 755039 0.2638 0.000174418604651283
1645251305701 3 6.0938740000000005 0 835161 0.2919 0.00043023255813956496
1645251308980 3 6.8131520000000005 0 908792 0.31779999999999997 0.00043023255813956496
1645251311909 3 7.890628999999999 0 804438 0.2821 0.00043023255813956496
1645251314972 3 8.827869999999999 0 828659 0.2903 0.00043023255813956496
1645251318371 3 9.421637999999998 0 937332 0.32839999999999997 0.00043023255813956496
1645251321193 3 10.599305999999999 0 776416 0.2719 0.00043023255813956496
1645251327026 3 8.767998000000002 0 1025687 0.5727 0.00043023255813956496
1645251330122 3 9.674831000000001 0 815426 0.2893 0.00043023255813956496
1645251333327 3 10.46613 0 884625 0.3095 0.00043023255813956496
1645251336596 3 11.196371 0 904952 0.3169 0.00043023255813956496
1645251340047 3 11.746518000000002 0 954418 0.3348 0.00043023255813956496
1645251343843 3 11.964157 0 910446 0.3189 0.00043023255813956496
1645251348177 3 11.703551000000004 0 922454 0.32280000000000003 0.00043023255813956496
1645251352078 3 11.948122000000005 0 942842 0.3306 0.00043023255813956496
1645251356277 3 11.688503000000004 0 884128 0.3097 0.00043023255813956496
1645251360270 3 11.671871000000003 0 828263 0.2898 0.00043023255813956496
1645251363805 3 11.987403 0 981175 0.34340000000000004 0.00043023255813956496
1645251368193 3 11.65728200000001 0 939007 0.3286 0.00043023255813956496
1645251372242 3 11.652867999999998 0 841370 0.29460000000000003 0.00043023255813956496
1645251376162 3 11.647142000000002 0 947658 0.33199999999999996 0.00043023255813956496
1645251380186 3 11.638832000000008 0 828958 0.2904 0.00043023255813956496
1645251384209 3 11.631450999999998 0 977791 0.34249999999999997 0.00043023255813956496
1645251388279 3 11.621687000000009 0 847215 0.2964 0.00043023255813956496
1645251391804 3 11.988067000000001 0 978032 0.3428 0.00043023255813956496
1645251396172 3 11.857769000000005 0 934237 0.32599999999999996 0.00043023255813956496
1645251400388 3 11.599642000000003 0 889600 0.3119 0.00043023255813956496
1645251403954 3 11.83808400000001 0 988774 0.3467 0.00043023255813956496
1645251408387 3 11.584180000000003 0 808061 0.2826 0.00043023255813956496
1645251411972 3 11.820327000000006 0 995677 0.3487 0.00043023255813956496
1645251416331 3 11.57002 0 924757 0.32330000000000003 0.00043023255813956496
1645251420258 3 11.563899000000006 0 808228 0.2832 0.00043023255813956496
1645251423914 3 11.882688000000002 0 1014212 0.3553 0.00043023255813956496
1645251428493 3 11.538670999999994 0 845218 0.2961 0.00043023255813956496
1645251432291 3 11.534220000000005 0 910767 0.319 0.00043023255813956496
1645251436047 3 11.77537000000001 0 901777 0.3154 0.00043023255813956496
1645251440062 3 11.770636999999994 0 967347 0.34009999999999996 0.00043023255813956496
1645251444448 3 11.506321000000014 0 935273 0.32799999999999996 0.00043023255813956496
1645251448268 3 11.744597999999996 0 916928 0.32130000000000003 0.00043023255813956496
1645251452163 3 11.736548999999997 0 940743 0.3295 0.00043023255813956496
1645251455838 3 11.977992 0 877888 0.3076 0.00043023255813956496
1645251459882 3 11.973510000000005 0 839766 0.2947 0.00043023255813956496
1645251463904 3 11.967881000000006 0 976062 0.34140000000000004 0.00043023255813956496
1645251467871 3 11.961209999999994 0 958353 0.3363 0.00043023255813956496
1645251471897 3 11.956533000000007 0 836268 0.2924 0.00043023255813956496
1645251475886 3 11.947056000000003 0 968967 0.3392 0.00043023255813956496
1645251479878 3 11.93517 0 825839 0.2893 0.00043023255813956496
1645251483889 3 11.926434999999998 0 974212 0.3412 0.00043023255813956496
1645251488034 3 11.91652400000001 0 867483 0.304 0.00043023255813956496
1645251492091 3 11.905366000000015 0 987232 0.3456 0.00043023255813956496
1645251495922 3 11.898896000000008 0 921956 0.32320000000000004 0.00043023255813956496
1645251500223 3 11.640457999999995 0 913803 0.31989999999999996 0.00043023255813956496
1645251504179 3 11.635559 0 958215 0.3355 0.00043023255813956496
1645251508199 3 11.621950999999996 0 832934 0.29209999999999997 0.00043023255813956496
1645251511820 3 11.973804000000001 0 1005593 0.35259999999999997 0.00043023255813956496
1645251516201 3 11.604424999999992 0 935985 0.32789999999999997 0.00043023255813956496
1645251520113 3 11.848620000000011 0 802415 0.281 0.00043023255813956496
1645251524218 3 11.591678000000002 0 999009 0.3504 0.00043023255813956496
1645251528363 3 11.585903000000002 0 869418 0.3041 0.00043023255813956496
1645251532105 3 11.827411000000012 0 897686 0.3141 0.00043023255813956496
1645251536079 3 11.821090999999996 0 960141 0.3368 0.00043023255813956496
1645251540392 3 11.559608999999995 0 914618 0.3201 0.00043023255813956496
1645251543806 3 11.98667900000001 0 949031 0.33199999999999996 0.00043023255813956496
1645251549382 3 10.409940000000006 0 919929 0.5471 0.00043023255813956496
1645251552866 3 10.927446000000003 0 930570 0.3294 0.00043023255813956496
1645251556095 3 11.696714999999983 0 894188 0.3129 0.00043023255813956496
1645251560132 3 11.775419 0 835562 0.2928 0.00043023255813956496
1645251564186 3 11.769025 0 986170 0.34500000000000003 0.00043023255813956496
1645251568138 3 11.761169999999993 0 955812 0.3352 0.00043023255813956496
1645251572164 3 11.756333999999981 0 837688 0.2929 0.00043023255813956496
1645251576182 3 11.75024400000001 0 972932 0.3406 0.00043023255813956496
1645251580108 3 11.737043000000028 0 807690 0.2821 0.00043023255813956496
1645251586274 3 9.524305000000027 0 968173 0.6057 0.00043023255813956496
1645251589562 3 10.22974800000003 0 872734 0.3089 0.00043023255813956496
1645251593146 3 10.65018600000002 0 991679 0.3473 0.00043023255813956496
1645251596517 3 11.281296999999995 0 930061 0.3258 0.00043023255813956496
1645251600232 3 11.68845600000003 0 884740 0.31070000000000003 0.00043023255813956496
1645251604232 3 11.68005199999999 0 968599 0.3396 0.00043023255813956496
1645251608299 3 11.669574000000011 0 848189 0.2965 0.00043023255813956496
1645251611866 3 11.926283000000012 0 989262 0.3464 0.00043023255813956496
1645251616231 3 11.650414000000012 0 929927 0.3258 0.00043023255813956496
1645251626996 3 4.797276000000011 0 845977 1.0655 0.00043023255813956496

