1645236574003 1 3.999999 1056 346799 0.0902 -4.5408
1645236576655 1 5.460701 0 363755 0.1 0.00017441860465117198
1645236577739 1 8.375898000000001 0 362842 0.09419999999999999 0.00017441860465117198
1645236578881 1 11.234424 0 384791 0.1004 0.00017441860465117198
1645236582737 3 11.546933 0 804438 0.21030000000000001 0.000174418604651283
1645236586531 3 11.779279999999998 0 828659 0.21680000000000002 0.00043023255813956496
1645236590632 3 11.516130999999998 0 937332 0.24500000000000002 0.00043023255813956496
1645236594820 3 11.511743 0 776416 0.20299999999999999 0.00043023255813956496
1645236598219 3 11.916192000000002 0 1025687 0.2681 0.00043023255813956496
1645236602566 3 11.658549000000004 0 815426 0.21280000000000002 0.00043023255813956496
1645236606520 3 11.646886000000002 0 884625 0.23210000000000003 0.00043023255813956496
1645236610541 3 11.638574000000006 0 904952 0.2372 0.00043023255813956496
1645236614266 3 11.879849 0 954418 0.2495 0.00043023255813956496
1645236618430 3 11.864647000000005 0 910446 0.2384 0.00043023255813956496
1645236622492 3 11.850502000000006 0 922454 0.24100000000000002 0.00043023255813956496
1645236626658 3 11.514459000000002 0 942842 0.2473 0.00043023255813956496
1645236630630 3 11.504612999999999 0 884128 0.2312 0.00043023255813956496
1645236634501 3 11.748713000000002 0 828263 0.21680000000000002 0.00043023255813956496
1645236638290 3 11.965612000000007 0 981175 0.25680000000000003 0.00043023255813956496
1645236642409 3 11.938108999999997 0 939007 0.2453 0.00043023255813956496
1645236646354 3 11.828113000000002 0 841370 0.22010000000000002 0.00043023255813956496
1645236650595 3 11.564261000000002 0 947658 0.24710000000000001 0.00043023255813956496
1645236654433 3 11.809595999999999 0 828958 0.2169 0.00043023255813956496
1645236658679 3 11.532634000000002 0 977791 0.25579999999999997 0.00043023255813956496
1645236662571 3 11.764842999999999 0 847215 0.22080000000000002 0.00043023255813956496
1645236666276 3 11.997200000000007 0 978032 0.2552 0.00043023255813956496
1645236670374 3 11.982775000000004 0 934237 0.2444 0.00043023255813956496
1645236674367 3 11.912931999999998 0 889600 0.2303 0.00043023255813956496
1645236678681 3 11.611615999999998 0 988774 0.25870000000000004 0.00043023255813956496
1645236682476 3 11.846823 0 808061 0.21190000000000003 0.00043023255813956496
1645236686754 3 11.533457999999996 0 995677 0.2602 0.00043023255813956496
1645236690810 3 11.520458000000005 0 924757 0.2419 0.00043023255813956496
1645236694558 3 11.758001000000007 0 808228 0.2117 0.00043023255813956496
1645236698413 3 11.934120000000007 0 1014212 0.26539999999999997 0.00043023255813956496
1645236702267 3 11.900892999999996 0 845218 0.2213 0.00043023255813956496
1645236706290 3 11.892313000000001 0 910767 0.2374 0.00043023255813956496
1645236710372 3 11.884521000000007 0 901777 0.2358 0.00043023255813956496
1645236714575 3 11.608227999999997 0 967347 0.253 0.00043023255813956496
1645236718746 3 11.600851000000006 0 935273 0.2446 0.00043023255813956496
1645236722840 3 11.518722999999994 0 916928 0.23969999999999997 0.00043023255813956496
1645236726525 3 11.665118000000007 0 940743 0.2453 0.00043023255813956496
1645236731963 3 10.154539 0 877888 0.5272 0.00043023255813956496
1645236734498 3 11.626746999999995 0 839766 0.2263 0.00043023255813956496
1645236738265 3 11.96804499999999 0 976062 0.2552 0.00043023255813956496
1645236742464 3 11.708077000000003 0 958353 0.2502 0.00043023255813956496
1645236746289 3 11.952798999999999 0 836268 0.2184 0.00043023255813956496
1645236750481 3 11.689503000000002 0 968967 0.254 0.00043023255813956496
1645236754271 3 11.928332000000012 0 825839 0.2164 0.00043023255813956496
1645236758470 3 11.67038500000001 0 974212 0.2552 0.00043023255813956496
1645236762575 0 11.662884999999989 0 128759 0.0335 0.00043023255813956496
1645236766243 0 11.905637000000013 0 199367 0.0518 0.00006976744186043549
1645236770446 0 11.898303999999996 0 220759 0.057499999999999996 0.00006976744186043549
1645236774512 0 11.612939000000011 0 149511 0.0428 0.00006976744186043549
1645236778500 0 11.855955999999992 0 118879 0.036699999999999997 0.00006976744186043549
1645236782428 0 11.812653000000012 0 85418 0.0289 0.00006976744186043549
1645236786806 0 11.551273000000009 0 68807 0.023100000000000002 0.00006976744186043549
1645236790836 0 11.519086000000016 0 132565 0.0403 0.00006976744186043549
1645236794331 0 11.982593000000008 0 117262 0.0363 0.00006976744186043549
1645236798324 0 11.976654999999994 0 116418 0.0359 0.00006976744186043549
1645236802591 0 11.721777000000003 0 223024 0.0628 0.00006976744186043549
1645236806342 0 11.968104000000011 0 214538 0.0615 0.00006976744186043549
1645236810504 0 11.706795999999997 0 178191 0.052500000000000005 0.00006976744186043549
1645236814624 0 11.696185000000014 0 161454 0.0474 0.00006976744186043549
1645236818374 0 11.940719000000001 0 212225 0.0613 0.00006976744186043549
1645236822595 0 11.682708999999988 0 195858 0.05689999999999999 0.00006976744186043549
1645236826587 0 11.675578000000002 0 119665 0.0369 0.00006976744186043549
1645236830565 0 11.661422000000016 0 108667 0.0346 0.00006976744186043549
1645236834469 0 11.898161000000016 0 64782 0.0237 0.00006976744186043549
1645236838470 0 11.774802000000022 0 87523 0.028599999999999997 0.00006976744186043549
1645236842601 0 11.519139999999993 0 155607 0.0455 0.00006976744186043549
1645236846556 0 11.759305999999981 0 100404 0.0325 0.00006976744186043549
1645236850742 0 11.496312999999986 0 183614 0.0539 0.00006976744186043549
1645236854555 0 11.737390000000005 0 197686 0.059 0.00006976744186043549
1645236858350 0 11.973354000000029 0 217520 0.0611 0.00006976744186043549
1645236862383 0 11.962265000000002 0 132353 0.040100000000000004 0.00006976744186043549
1645236866604 0 11.679153999999983 0 199853 0.058499999999999996 0.00006976744186043549
1645236870401 0 11.92654600000003 0 225614 0.0648 0.00006976744186043549
1645236874532 0 11.622910999999988 0 150477 0.045700000000000005 0.00006976744186043549
1645236878557 0 11.617509999999982 0 117995 0.0363 0.00006976744186043549
1645236882474 0 11.85924399999999 0 86503 0.028100000000000003 0.00006976744186043549
1645236886338 0 11.84090900000001 0 67335 0.023200000000000002 0.00006976744186043549
1645236890405 0 11.824591999999996 0 132169 0.040100000000000004 0.00006976744186043549
1645236894566 0 11.740529999999978 0 118800 0.0353 0.00006976744186043549
1645236898654 0 11.673239000000024 0 116618 0.0358 0.00006976744186043549

