1645236541653 1 3.999999 1021 346799 0.091 -4.3903
1645236542733 1 6.990633 0 363755 0.09509999999999999 0.00017441860465117198
1645236543778 1 9.947672 0 362842 0.09459999999999999 0.00017441860465117198
1645236545913 1 11.815963 0 384791 0.1004 0.00017441860465117198
1645236550212 3 11.551542 0 804438 0.21070000000000003 0.000174418604651283
1645236554037 3 11.796033999999999 0 828659 0.2226 0.00043023255813956496
1645236558095 3 11.787274999999998 0 937332 0.2453 0.00043023255813956496
1645236562232 3 11.528058999999999 0 776416 0.2032 0.00043023255813956496
1645236566023 3 11.768498000000001 0 1025687 0.268 0.00043023255813956496
1645236570255 3 11.508936000000002 0 815426 0.2133 0.00043023255813956496
1645236574177 3 11.735448000000005 0 884625 0.23149999999999998 0.00043023255813956496
1645236578151 3 11.725049000000006 0 904952 0.23679999999999998 0.00043023255813956496
1645236581765 3 11.955345000000001 0 954418 0.2499 0.00043023255813956496
1645236586249 3 11.695699000000005 0 910446 0.2384 0.00043023255813956496
1645236590266 3 11.688261000000004 0 922454 0.2415 0.00043023255813956496
1645236593839 3 11.934353000000002 0 942842 0.2472 0.00043023255813956496
1645236599694 3 10.028997000000004 0 884128 0.5751000000000001 0.00043023255813956496
1645236601809 1 11.913987000000006 0 326924 0.0907 0.00043023255813956496
1645236606022 3 11.901547000000008 0 981175 0.26 0.000174418604651283
1645236610149 3 11.636837 0 939007 0.2516 0.00043023255813956496
1645236613997 3 11.865216000000004 0 841370 0.2234 0.00043023255813956496
1645236618093 3 11.856729000000001 0 947658 0.248 0.00043023255813956496
1645236621894 3 11.836470000000006 0 828958 0.217 0.00043023255813956496
1645236626061 3 11.826102000000006 0 977791 0.256 0.00043023255813956496
1645236630395 3 11.543580000000006 0 847215 0.2217 0.00043023255813956496
1645236634050 3 11.785074000000009 0 978032 0.25579999999999997 0.00043023255813956496
1645236638109 3 11.775203000000005 0 934237 0.24420000000000003 0.00043023255813956496
1645236642041 3 11.769810000000007 0 889600 0.233 0.00043023255813956496
1645236646292 3 11.507087999999996 0 988774 0.259 0.00043023255813956496
1645236650016 3 11.737549999999999 0 808061 0.2117 0.00043023255813956496
1645236653757 3 11.972735999999998 0 995677 0.2604 0.00043023255813956496
1645236657785 3 11.956674000000007 0 924757 0.2419 0.00043023255813956496
1645236662017 3 11.951662999999996 0 808228 0.21150000000000002 0.00043023255813956496
1645236665817 3 11.903419 0 1014212 0.2656 0.00043023255813956496
1645236670131 3 11.645869000000005 0 845218 0.2205 0.00043023255813956496
1645236674130 3 11.641256999999996 0 910767 0.2383 0.00043023255813956496
1645236678097 3 11.874180999999993 0 901777 0.2355 0.00043023255813956496
1645236682247 3 11.608438000000007 0 967347 0.2536 0.00043023255813956496
1645236686309 3 11.59751 0 935273 0.244 0.00043023255813956496
1645236690318 3 11.588135999999992 0 916928 0.2399 0.00043023255813956496
1645236694383 3 11.575181000000015 0 940743 0.24630000000000002 0.00043023255813956496
1645236698283 3 11.562926000000004 0 877888 0.23020000000000002 0.00043023255813956496
1645236702102 3 11.808288000000005 0 839766 0.21989999999999998 0.00043023255813956496
1645236706288 3 11.547399000000013 0 976062 0.2552 0.00043023255813956496
1645236710405 3 11.537714999999992 0 958353 0.251 0.00043023255813956496
1645236714209 3 11.524568000000016 0 836268 0.2191 0.00043023255813956496
1645236718362 3 11.504110999999995 0 968967 0.2531 0.00043023255813956496
1645236722131 3 11.739523999999989 0 825839 0.21669999999999998 0.00043023255813956496
1645236725796 3 11.975431000000015 0 974212 0.2549 0.00043023255813956496
1645236730175 3 11.715267000000011 0 867483 0.2271 0.00043023255813956496
1645236733877 3 11.956702000000007 0 987232 0.258 0.00043023255813956496
1645236739745 3 9.988392000000005 0 921956 0.5753 0.00043023255813956496
1645236742163 1 11.807235999999989 0 365827 0.1018 0.00043023255813956496
1645236746289 3 11.546103000000016 0 958215 0.2505 0.000174418604651283
1645236750115 3 11.781484000000006 0 832934 0.22200000000000003 0.00043023255813956496
1645236754381 3 11.523819000000003 0 1005593 0.2667 0.00043023255813956496
1645236758427 3 11.512959999999993 0 935985 0.2446 0.00043023255813956496
1645236762126 3 11.744054000000006 0 802415 0.20939999999999998 0.00043023255813956496
1645236765857 3 11.982593000000008 0 999009 0.2615 0.00043023255813956496
1645236770227 3 11.725222000000002 0 869418 0.2273 0.00043023255813956496
1645236774177 3 11.716188000000017 0 897686 0.2344 0.00043023255813956496
1645236777796 3 11.960585000000009 0 960141 0.2516 0.00043023255813956496
1645236781794 3 11.949612000000002 0 914618 0.2394 0.00043023255813956496
1645236785878 3 11.94513599999999 0 949031 0.24830000000000002 0.00043023255813956496
1645236789888 3 11.935469000000012 0 919929 0.24089999999999998 0.00043023255813956496
1645236793925 3 11.930126999999999 0 930570 0.2433 0.00043023255813956496
1645236797861 3 11.918475999999998 0 894188 0.2332 0.00043023255813956496
1645236802145 3 11.660408000000018 0 835562 0.2185 0.00043023255813956496
1645236805829 3 11.904046999999991 0 986170 0.2581 0.00043023255813956496
1645236809934 3 11.899057000000028 0 955812 0.2501 0.00043023255813956496
1645236814223 3 11.641474000000017 0 837688 0.2193 0.00043023255813956496
1645236817872 3 11.883537999999987 0 972932 0.2544 0.00043023255813956496
1645236822081 3 11.88028700000001 0 807690 0.2109 0.00043023255813956496
1645236826213 3 11.620165999999983 0 968173 0.2531 0.00043023255813956496
1645236830102 3 11.863157000000001 0 872734 0.2285 0.00043023255813956496
1645236834318 3 11.596159999999998 0 991679 0.2593 0.00043023255813956496
1645236838360 3 11.582468000000006 0 930061 0.2431 0.00043023255813956496
1645236842274 3 11.572091999999998 0 884740 0.23159999999999997 0.00043023255813956496
1645236845926 3 11.815523999999982 0 968599 0.2539 0.00043023255813956496
1645236850251 3 11.55902500000002 0 848189 0.2217 0.00043023255813956496
1645236853949 3 11.79950100000002 0 989262 0.258 0.00043023255813956496
1645236860041 3 9.683676999999989 0 929927 0.5956 0.00043023255813956496
1645236862278 1 11.529471000000001 0 347396 0.09659999999999999 0.00043023255813956496
1645236866033 3 11.770376999999996 0 1009703 0.2642 0.000174418604651283
1645236870392 3 11.510103000000015 0 861836 0.22490000000000002 0.00043023255813956496

