1645243199289 1 3.999999 1514 346799 0.1394 -6.5102
1645243202535 3 4.767993 0 755039 0.3035 0.000174418604651283
1645243205987 3 5.3152740000000005 0 835161 0.3351 0.00043023255813956496
1645243209747 3 5.559180000000001 0 908792 0.3653 0.00043023255813956496
1645243213082 3 6.220820999999999 0 804438 0.3236 0.00043023255813956496
1645243216516 3 6.785532 0 828659 0.3335 0.00043023255813956496
1645243220386 3 6.915376999999999 0 937332 0.3772 0.00043023255813956496
1645243223615 3 7.688141999999999 0 776416 0.3125 0.00043023255813956496
1645243227844 3 7.462138000000003 0 1025687 0.4124 0.00043023255813956496
1645243233515 3 5.787091000000004 0 815426 0.5575 0.00043023255813956496
1645243236184 2 7.118079999999999 0 588952 0.2385 0.00043023255813956496
1645243238599 2 8.704239000000001 0 575427 0.23079999999999998 0.00027906976744174194
1645243241040 2 10.264087000000004 0 582800 0.2333 0.00027906976744174194
1645243243634 2 11.669258 0 619183 0.2496 0.00027906976744174194
1645243247624 2 11.900851000000003 0 592095 0.2383 0.00027906976744174194
1645243251516 3 11.787493000000005 0 942842 0.379 0.000279069767441964
1645243255670 3 11.638384000000002 0 884128 0.3552 0.00043023255813956496
1645243259606 3 11.874116 0 828263 0.3336 0.00043023255813956496
1645243263655 3 11.646766 0 981175 0.395 0.00043023255813956496
1645243269287 3 10.015479999999997 0 939007 0.5533 0.00043023255813956496
1645243271749 2 11.553998000000007 0 557793 0.227 0.00043023255813956496
1645243275911 2 11.587004000000007 0 635530 0.256 0.00027906976744174194
1645243279612 2 11.827698999999996 0 520041 0.20859999999999998 0.00027906976744174194
1645243283849 2 11.570851000000005 0 656205 0.2633 0.00027906976744174194
1645243287525 2 11.810962000000004 0 516287 0.20750000000000002 0.00027906976744174194
1645243291565 3 11.736861000000005 0 978032 0.3942 0.000279069767441964
1645243295429 3 11.873345999999998 0 934237 0.3762 0.00043023255813956496
1645243299614 3 11.789724000000007 0 889600 0.3579 0.00043023255813956496
1645243303699 3 11.607511000000002 0 988774 0.398 0.00043023255813956496
1645243307563 3 11.760902000000002 0 808061 0.32530000000000003 0.00043023255813956496
1645243311667 3 11.635924000000003 0 995677 0.4003 0.00043023255813956496
1645243315480 3 11.822151000000005 0 924757 0.3713 0.00043023255813956496
1645243320969 3 10.332174000000009 0 808228 0.5388 0.00043023255813956496
1645243323850 2 11.451976000000002 0 661250 0.2684 0.00043023255813956496
1645243327657 2 11.707580000000007 0 547682 0.2193 0.00027906976744174194
1645243331651 2 11.695727000000005 0 594286 0.23929999999999998 0.00027906976744174194
1645243335666 2 11.685766999999998 0 599508 0.2411 0.00027906976744174194
1645243339682 2 11.676198999999997 0 599347 0.24100000000000002 0.00027906976744174194
1645243343554 3 11.753067000000016 0 935273 0.3767 0.000279069767441964
1645243347345 3 11.957028000000008 0 916928 0.3684 0.00043023255813956496
1645243351740 3 11.639035000000007 0 940743 0.3781 0.00043023255813956496
1645243355374 3 11.928023999999994 0 877888 0.3533 0.00043023255813956496
1645243361039 3 10.263047999999998 0 839766 0.5565 0.00043023255813956496
1645243363744 2 11.557580000000002 0 618775 0.2517 0.00043023255813956496
1645243367935 2 11.610422 0 642262 0.2581 0.00027906976744174194
1645243371760 2 11.604074999999995 0 553119 0.22240000000000001 0.00027906976744174194
1645243375935 2 11.59190799999999 0 640678 0.2571 0.00027906976744174194
1645243379680 2 11.834032000000008 0 535087 0.21480000000000002 0.00027906976744174194
1645243383704 3 11.598006999999996 0 974212 0.39180000000000004 0.000279069767441964
1645243387791 3 11.562947000000008 0 867483 0.348 0.00043023255813956496
1645243391867 3 11.438553000000013 0 987232 0.3963 0.00043023255813956496
1645243395675 3 11.628005000000002 0 921956 0.3702 0.00043023255813956496
1645243401305 3 10.003645000000006 0 913803 0.5525 0.00043023255813956496
1645243403974 2 11.329042000000015 0 605033 0.2472 0.00043023255813956496
1645243407711 2 11.629469999999998 0 530643 0.21339999999999998 0.00027906976744174194
1645243411932 2 11.521553000000011 0 652691 0.2616 0.00027906976744174194
1645243416005 2 11.510649999999998 0 609815 0.2444 0.00027906976744174194
1645243419797 2 11.749244000000004 0 544612 0.2186 0.00027906976744174194
1645243423943 3 11.359526000000017 0 999009 0.40199999999999997 0.000279069767441964
1645243427543 3 11.759242999999998 0 869418 0.3498 0.00043023255813956496
1645243431756 3 11.719270999999992 0 897686 0.361 0.00043023255813956496
1645243435728 3 11.574687000000011 0 960141 0.3862 0.00043023255813956496
1645243441407 3 9.894546999999989 0 914618 0.5575 0.00043023255813956496
1645243444072 2 11.229750999999993 0 608720 0.24780000000000002 0.00043023255813956496
1645243447609 2 11.935117999999989 0 606705 0.2435 0.00027906976744174194
1645243451598 2 11.927098 0 593343 0.23820000000000002 0.00027906976744174194
1645243455556 2 11.914904999999976 0 587405 0.23490000000000003 0.00027906976744174194
1645243459706 2 11.656430999999998 0 509910 0.2049 0.00027906976744174194
1645243463778 3 11.525359999999978 0 986170 0.397 0.000279069767441964
1645243467725 3 11.578232000000014 0 955812 0.38439999999999996 0.00043023255813956496
1645243471691 3 11.630224999999996 0 837688 0.3365 0.00043023255813956496
1645243475711 3 11.592795000000024 0 972932 0.3917 0.00043023255813956496
1645243479555 3 11.861694999999997 0 807690 0.3246 0.00043023255813956496
1645243483551 3 11.751312999999982 0 968173 0.389 0.00043023255813956496
1645243487659 3 11.79521299999999 0 872734 0.3508 0.00043023255813956496
1645243491742 3 11.559956999999997 0 991679 0.3987 0.00043023255813956496
1645243495590 3 11.71240899999998 0 930061 0.3745 0.00043023255813956496
1645243499753 3 11.56299899999999 0 884740 0.35619999999999996 0.00043023255813956496
1645243503757 3 11.548375000000021 0 968599 0.3901 0.00043023255813956496
1645243507785 3 11.550396999999975 0 848189 0.3406 0.00043023255813956496
1645243511869 3 11.43341300000003 0 989262 0.3981 0.00043023255813956496
1645243515715 3 11.589271999999994 0 929927 0.3744 0.00043023255813956496
1645243519724 3 11.774968000000001 0 845977 0.34049999999999997 0.00043023255813956496
1645243523890 3 11.413579000000027 0 1009703 0.4064 0.00043023255813956496
1645243527458 3 11.844229999999982 0 861836 0.3463 0.00043023255813956496

