1645242480319 1 3.999999 2584 346799 0.2473 -11.111199999999998
1645242482076 0 6.259247 0 213385 0.1528 0.00017441860465117198
1645242483184 0 9.151326000000001 0 141806 0.1011 0.00006976744186043549
1645242484578 0 11.837274 0 112578 0.0795 0.00006976744186043549
1645242488761 0 11.578484 0 80671 0.057999999999999996 0.00006976744186043549
1645242492859 0 11.565622999999999 0 68729 0.0477 0.00006976744186043549
1645242496963 0 11.556376 0 137895 0.099 0.00006976744186043549
1645242500883 0 11.540471 0 114138 0.08159999999999999 0.00006976744186043549
1645242504881 0 11.529199000000002 0 126013 0.0892 0.00006976744186043549
1645242509049 0 11.523420000000002 0 217236 0.15589999999999998 0.00006976744186043549
1645242512716 0 11.769949000000004 0 219398 0.15660000000000002 0.00006976744186043549
1645242516585 0 11.763144000000004 0 177648 0.1262 0.00006976744186043549
1645242520879 0 11.506084000000001 0 166856 0.11879999999999999 0.00006976744186043549
1645242524580 0 11.994937 0 223685 0.1591 0.00006976744186043549
1645242528645 0 11.734569 0 206455 0.1469 0.00006976744186043549
1645242532602 0 11.974510000000002 0 121534 0.0857 0.00006976744186043549
1645242536455 0 11.967605000000006 0 105092 0.0751 0.00006976744186043549
1645242540498 0 11.95993 0 63086 0.0446 0.00006976744186043549
1645242544727 0 11.704808 0 87739 0.0625 0.00006976744186043549
1645242548423 0 11.944591000000003 0 152905 0.1092 0.00006976744186043549
1645242552747 0 11.689341999999996 0 100587 0.0716 0.00006976744186043549
1645242556682 0 11.681877 0 186001 0.133 0.00006976744186043549
1645242560730 0 11.668795000000003 0 201620 0.14379999999999998 0.00006976744186043549
1645242564886 0 11.662095000000008 0 218012 0.155 0.00006976744186043549
1645242568869 0 11.654556999999997 0 123058 0.0883 0.00006976744186043549
1645242572894 0 11.643338999999997 0 198856 0.14150000000000001 0.00006976744186043549
1645242576604 0 11.886303999999996 0 223061 0.15889999999999999 0.00006976744186043549
1645242580734 0 11.625134000000003 0 143385 0.10229999999999999 0.00006976744186043549
1645242584666 0 11.862497000000005 0 117021 0.0829 0.00006976744186043549
1645242588862 0 11.601608999999996 0 83595 0.0586 0.00006976744186043549
1645242592945 0 11.595028999999997 0 68011 0.0479 0.00006976744186043549
1645242597002 0 11.58229 0 134264 0.0948 0.00006976744186043549
1645242600911 0 11.560735000000008 0 113722 0.0801 0.00006976744186043549
1645242604885 0 11.551641000000004 0 122694 0.087 0.00006976744186043549
1645242609027 0 11.547117000000014 0 215146 0.1537 0.00006976744186043549
1645242612655 0 11.790254000000004 0 213339 0.1524 0.00006976744186043549
1645242617024 0 11.533243999999996 0 176949 0.1264 0.00006976744186043549
1645242620753 0 11.772558000000004 0 158356 0.1125 0.00006976744186043549
1645242624921 0 11.507719000000009 0 219852 0.1565 0.00006976744186043549
1645242628943 0 11.499022999999994 0 196864 0.14179999999999998 0.00006976744186043549
1645242632374 0 11.989574000000005 0 116610 0.08259999999999999 0.00006976744186043549
1645242636744 0 11.732296999999988 0 107223 0.07730000000000001 0.00006976744186043549
1645242640805 0 11.724416999999988 0 64332 0.045700000000000005 0.00006976744186043549
1645242644544 0 11.96476899999999 0 88753 0.0632 0.00006976744186043549
1645242648738 0 11.707436000000001 0 153489 0.1089 0.00006976744186043549
1645242652571 0 11.950094000000007 0 101805 0.0731 0.00006976744186043549
1645242656507 0 11.941158000000001 0 186822 0.1329 0.00006976744186043549
1645242660537 0 11.931217000000004 0 200149 0.1426 0.00006976744186043549
1645242664679 0 11.668979000000007 0 215305 0.1534 0.00006976744186043549
1645242668710 0 11.663881000000003 0 128759 0.0926 0.00006976744186043549
1645242672727 0 11.65709799999999 0 199367 0.1416 0.00006976744186043549
1645242676905 0 11.649858999999992 0 220759 0.1581 0.00006976744186043549
1645242680576 0 11.894092 0 149511 0.1069 0.00006976744186043549
1645242684516 0 11.886230000000012 0 118879 0.0838 0.00006976744186043549
1645242688735 0 11.628464000000008 0 85418 0.0612 0.00006976744186043549
1645242692834 0 11.619411000000014 0 68807 0.0492 0.00006976744186043549
1645242696882 0 11.613523000000015 0 132565 0.0945 0.00006976744186043549
1645242700824 0 11.603827999999993 0 117262 0.0839 0.00006976744186043549
1645242704762 0 11.598319000000004 0 116418 0.0829 0.00006976744186043549
1645242708953 0 11.593942999999996 0 223024 0.15889999999999999 0.00006976744186043549
1645242712573 0 11.837496000000016 0 214538 0.1526 0.00006976744186043549
1645242717018 0 11.550407000000007 0 178191 0.128 0.00006976744186043549
1645242720796 0 11.780649000000011 0 161454 0.11499999999999999 0.00006976744186043549
1645242724426 0 11.994921000000005 0 212225 0.15 0.00006976744186043549
1645242728422 0 11.972261000000003 0 195858 0.1394 0.00006976744186043549
1645242732380 0 11.960561000000013 0 119665 0.0829 0.00006976744186043549
1645242736778 0 11.693426999999986 0 108667 0.0774 0.00006976744186043549
1645242740846 0 11.66377399999999 0 64782 0.0456 0.00006976744186043549
1645242744588 0 11.892313999999999 0 87523 0.0624 0.00006976744186043549
1645242748815 0 11.613765 0 155607 0.11080000000000001 0.00006976744186043549
1645242752645 0 11.834279999999978 0 100404 0.0711 0.00006976744186043549
1645242756565 0 11.802065000000027 0 183614 0.1308 0.00006976744186043549
1645242760594 0 11.77240999999998 0 197686 0.14150000000000001 0.00006976744186043549
1645242764761 0 11.748492999999996 0 217520 0.155 0.00006976744186043549
1645242768803 0 11.734473999999977 0 132353 0.09409999999999999 0.00006976744186043549
1645242772843 0 11.710215000000005 0 199853 0.1431 0.00006976744186043549
1645242776561 0 11.940976999999975 0 225614 0.1602 0.00006976744186043549
1645242780769 0 11.666371000000026 0 150477 0.1085 0.00006976744186043549
1645242784712 0 11.64015599999999 0 117995 0.0827 0.00006976744186043549
1645242788948 0 11.625568999999984 0 86503 0.0611 0.00006976744186043549
1645242792549 0 11.851411999999982 0 67335 0.0477 0.00006976744186043549
1645242796595 0 11.839795999999978 0 132169 0.09340000000000001 0.00006976744186043549
1645242800561 0 11.821409000000017 0 118800 0.0849 0.00006976744186043549
1645242805015 0 11.563496999999984 0 116618 0.08349999999999999 0.00006976744186043549

