1645247773985 1 3.999999 3271 346799 0.315 -14.065299999999999
1645247781087 3 4.27083 3367 755039 0.6876 -14.477925581395347
1645247788792 3 4.3720680000000005 3807 835161 0.7592 -16.36966976744186
1645247797268 3 4.413345000000001 4516 908792 0.8257999999999999 -19.41836976744186
1645247804695 3 4.4054829999999985 3415 804438 0.73 -14.68406976744186
1645247812441 3 4.303349999999998 3648 828659 0.7525000000000001 -15.68596976744186
1645247821086 3 4.436996000000001 4777 937332 0.851 -20.54066976744186
1645247828365 3 4.446209 3288 776416 0.7075 -14.13796976744186
1645247837819 3 4.462825000000002 5476 1025687 0.9327 -23.546369767441856
1645247845459 3 4.415487000000006 3590 815426 0.7412 -15.43656976744186
1645247853633 3 4.486800000000002 4250 884625 0.8044 -18.274569767441857
1645247862081 3 4.472440000000006 4434 904952 0.8230000000000001 -19.06576976744186
1645247870892 3 4.390615000000004 4728 954418 0.8692 -20.329969767441856
1645247879383 3 4.3549640000000025 4456 910446 0.827 -19.160369767441857
1645247887922 3 4.286448 4467 922454 0.8406 -19.207669767441857
1645247896685 3 4.478947000000005 4961 942842 0.8566 -21.33186976744186
1645247904849 3 4.426290000000002 4108 884128 0.8032 -17.66396976744186
1645247912606 3 4.264229 3593 828263 0.7527 -15.44946976744186
1645247921652 3 4.335604000000004 5122 981175 0.893 -22.024169767441858
1645247930391 3 4.439560999999998 4844 939007 0.8538 -20.82876976744186
1645247938152 3 4.260222999999996 3583 841370 0.7639 -15.40646976744186
1645247946988 3 4.327334000000008 4903 947658 0.8635999999999999 -21.082469767441857
1645247954654 3 4.4584059999999965 3796 828958 0.7523 -16.322369767441863
1645247963756 3 4.483610999999996 5131 977791 0.8903000000000001 -22.062869767441857
1645247971576 3 4.3267780000000045 3662 847215 0.7708 -15.74616976744186
1645247980676 3 4.4646570000000025 5240 978032 0.8891 -22.53156976744186
1645247989286 3 4.434086000000008 4580 934237 0.8494999999999999 -19.693569767441858
1645247997589 3 4.4927860000000095 4361 889600 0.8103 -18.751869767441857
1645248006708 3 4.333814000000004 4959 988774 0.8989 -21.32326976744186
1645248014268 3 4.428793999999996 3655 808061 0.7356 -15.71606976744186
1645248023458 3 4.408704999999998 5156 995677 0.9061999999999999 -22.17036976744186
1645248032074 3 4.293850000000006 4518 924757 0.8397 -19.426969767441857
1645248039540 3 4.2921989999999965 3464 808228 0.7341 -14.89476976744186
1645248048974 3 4.471238999999997 5612 1014212 0.9226000000000001 -24.131169767441857
1645248056771 3 4.313028000000003 3632 845218 0.7666000000000001 -15.617169767441858
1645248065273 3 4.42160100000001 4619 910767 0.8299 -19.861269767441858
1645248073589 3 4.267128000000014 4160 901777 0.8195 -17.88756976744186
1645248082612 3 4.411062000000015 5166 967347 0.8807 -22.213369767441858
1645248091242 3 4.299595000000011 4524 935273 0.8512000000000001 -19.45276976744186
1645248099783 3 4.290233000000001 4531 916928 0.8324 -19.48286976744186

