1645241927080 1 3.999999 843 346799 0.0731 -3.6249
1645241928869 1 6.220488 0 363755 0.0799 0.00017441860465117198
1645241929769 1 9.318432000000001 0 362842 0.0763 0.00017441860465117198
1645241931906 3 11.180980000000002 0 908792 0.1917 0.000174418604651283
1645241935731 3 11.597017 0 804438 0.1692 0.00043023255813956496
1645241939689 3 11.563457 0 828659 0.18280000000000002 0.00043023255813956496
1645241943338 3 11.803829999999998 0 937332 0.1988 0.00043023255813956496
1645241947606 3 11.549889999999998 0 776416 0.1645 0.00043023255813956496
1645241951413 3 11.788781000000004 0 1025687 0.2166 0.00043023255813956496
1645241955788 3 11.532761000000004 0 815426 0.1721 0.00043023255813956496
1645241959776 3 11.508388000000004 0 884625 0.1867 0.00043023255813956496
1645241963319 3 11.995835 0 904952 0.1911 0.00043023255813956496
1645241967454 3 11.730827000000005 0 954418 0.2016 0.00043023255813956496
1645241971503 3 11.721889000000004 0 910446 0.19219999999999998 0.00043023255813956496
1645241975570 3 11.716822 0 922454 0.19519999999999998 0.00043023255813956496
1645241979175 3 11.953143000000004 0 942842 0.199 0.00043023255813956496
1645241983154 3 11.946768000000006 0 884128 0.18680000000000002 0.00043023255813956496
1645241987521 3 11.684685000000002 0 828263 0.17529999999999998 0.00043023255813956496
1645241991216 3 11.930019999999999 0 981175 0.2072 0.00043023255813956496
1645241995338 3 11.922365 0 939007 0.1983 0.00043023255813956496
1645241999233 3 11.917071000000007 0 841370 0.1776 0.00043023255813956496
1645242003352 3 11.908104000000009 0 947658 0.2003 0.00043023255813956496
1645242007231 3 11.89931 0 828958 0.175 0.00043023255813956496
1645242011411 3 11.886942000000005 0 977791 0.20659999999999998 0.00043023255813956496
1645242015328 3 11.880837999999997 0 847215 0.1789 0.00043023255813956496
1645242019501 3 11.621599000000003 0 978032 0.20659999999999998 0.00043023255813956496
1645242023600 3 11.616410000000002 0 934237 0.1972 0.00043023255813956496
1645242027596 3 11.609234 0 889600 0.1879 0.00043023255813956496
1645242031299 3 11.854424000000009 0 988774 0.209 0.00043023255813956496
1645242035661 3 11.594487999999998 0 808061 0.1705 0.00043023255813956496
1645242039379 3 11.838524000000007 0 995677 0.21059999999999998 0.00043023255813956496
1645242043445 3 11.82905000000001 0 924757 0.1951 0.00043023255813956496
1645242047265 3 11.822718000000009 0 808228 0.1706 0.00043023255813956496
1645242051528 3 11.568712000000005 0 1014212 0.2142 0.00043023255813956496
1645242055438 3 11.810514000000012 0 845218 0.17809999999999998 0.00043023255813956496
1645242059485 3 11.800574000000012 0 910767 0.1926 0.00043023255813956496
1645242063514 3 11.79315299999999 0 901777 0.19039999999999999 0.00043023255813956496
1645242067680 3 11.535303999999996 0 967347 0.2042 0.00043023255813956496
1645242071766 3 11.525957000000005 0 935273 0.1973 0.00043023255813956496
1645242075350 3 11.767341000000016 0 916928 0.1945 0.00043023255813956496
1645242079460 3 11.75687400000001 0 940743 0.1982 0.00043023255813956496
1645242083433 3 11.750536000000011 0 877888 0.18560000000000001 0.00043023255813956496
1645242087338 3 11.991409000000004 0 839766 0.17709999999999998 0.00043023255813956496
1645242091521 3 11.708487999999988 0 976062 0.2064 0.00043023255813956496
1645242095182 3 11.948599999999999 0 958353 0.20259999999999997 0.00043023255813956496
1645242099563 3 11.689239000000015 0 836268 0.1769 0.00043023255813956496
1645242103245 3 11.931670999999994 0 968967 0.2048 0.00043023255813956496
1645242107609 3 11.675355999999994 0 825839 0.174 0.00043023255813956496
1645242111280 3 11.91841500000001 0 974212 0.20579999999999998 0.00043023255813956496
1645242115290 0 11.908653000000015 0 128759 0.0274 0.00043023255813956496
1645242119326 0 11.903062000000006 0 199367 0.0418 0.00006976744186043549
1645242123425 0 11.896685999999988 0 220759 0.046700000000000005 0.00006976744186043549
1645242127429 0 11.879531000000014 0 149511 0.0392 0.00006976744186043549
1645242131383 0 11.87320600000001 0 118879 0.032100000000000004 0.00006976744186043549
1645242135313 0 11.865633000000003 0 85418 0.0264 0.00006976744186043549
1645242139746 0 11.582299000000006 0 68807 0.0224 0.00006976744186043549
1645242143735 0 11.548434000000015 0 132565 0.0351 0.00006976744186043549
1645242147696 0 11.544008999999988 0 117262 0.032600000000000004 0.00006976744186043549
1645242151665 0 11.536996000000016 0 116418 0.0325 0.00006976744186043549
1645242155350 0 11.775090000000006 0 223024 0.054900000000000004 0.00006976744186043549
1645242159541 0 11.766044999999991 0 214538 0.0528 0.00006976744186043549
1645242163629 0 11.502441000000005 0 178191 0.0456 0.00006976744186043549
1645242167263 0 11.824446999999992 0 161454 0.0418 0.00006976744186043549
1645242171416 0 11.739216999999996 0 212225 0.0526 0.00006976744186043549
1645242175551 0 11.731393999999995 0 195858 0.05 0.00006976744186043549
1645242179514 0 11.724047000000013 0 119665 0.032600000000000004 0.00006976744186043549
1645242183443 0 11.717528000000016 0 108667 0.030699999999999998 0.00006976744186043549
1645242187277 0 11.963767000000018 0 64782 0.0208 0.00006976744186043549
1645242191165 0 11.958060999999987 0 87523 0.0256 0.00006976744186043549
1645242195191 0 11.949748 0 155607 0.040999999999999995 0.00006976744186043549
1645242199603 0 11.68647199999998 0 100404 0.028699999999999996 0.00006976744186043549
1645242203187 0 11.931213000000014 0 183614 0.046200000000000005 0.00006976744186043549
1645242207306 0 11.916809 0 197686 0.0493 0.00006976744186043549
1645242211483 0 11.660038999999983 0 217520 0.054000000000000006 0.00006976744186043549
1645242215462 0 11.650824 0 132353 0.0356 0.00006976744186043549
1645242219661 0 11.645114999999976 0 199853 0.0508 0.00006976744186043549
1645242223348 0 11.876206000000025 0 225614 0.054900000000000004 0.00006976744186043549
1645242227369 0 11.813348000000019 0 150477 0.0397 0.00006976744186043549
1645242231314 0 11.860654000000011 0 117995 0.0323 0.00006976744186043549
1645242235689 0 11.601951999999983 0 86503 0.025500000000000002 0.00006976744186043549
1645242239539 0 11.595184000000017 0 67335 0.022 0.00006976744186043549
1645242243542 0 11.586137000000008 0 132169 0.0358 0.00006976744186043549
1645242247507 0 11.831119999999999 0 118800 0.034100000000000005 0.00006976744186043549
1645242251463 0 11.785661000000005 0 116618 0.032600000000000004 0.00006976744186043549

