1645244476901 1 3.999999 799 346799 0.06889999999999999 -3.4356999999999998
1645244478430 1 6.4897599999999995 0 363755 0.0723 0.00017441860465117198
1645244480321 3 8.593915 0 835161 0.16599999999999998 0.000174418604651283
1645244482260 3 10.658844000000002 0 908792 0.1799 0.00043023255813956496
1645244485472 3 11.542793999999999 0 804438 0.15860000000000002 0.00043023255813956496
1645244489238 3 11.781318999999998 0 828659 0.16419999999999998 0.00043023255813956496
1645244493238 3 11.776696999999999 0 937332 0.1871 0.00043023255813956496
1645244497398 3 11.517139 0 776416 0.1537 0.00043023255813956496
1645244501566 3 11.509372000000003 0 1025687 0.20339999999999997 0.00043023255813956496
1645244505297 3 11.749227000000001 0 815426 0.1611 0.00043023255813956496
1645244509167 3 11.994980000000005 0 884625 0.1746 0.00043023255813956496
1645244513085 3 11.962092000000005 0 904952 0.1794 0.00043023255813956496
1645244517118 3 11.958143 0 954418 0.1887 0.00043023255813956496
1645244521057 3 11.944326000000004 0 910446 0.18 0.00043023255813956496
1645244525017 3 11.933299000000005 0 922454 0.1827 0.00043023255813956496
1645244529000 3 11.926108 0 942842 0.1865 0.00043023255813956496
1645244533375 3 11.667405000000002 0 884128 0.17509999999999998 0.00043023255813956496
1645244537146 3 11.911074 0 828263 0.16419999999999998 0.00043023255813956496
1645244541218 3 11.898269999999997 0 981175 0.1945 0.00043023255813956496
1645244545192 3 11.893089000000003 0 939007 0.1862 0.00043023255813956496
1645244549472 3 11.630229 0 841370 0.1666 0.00043023255813956496
1645244553470 3 11.61360400000001 0 947658 0.1878 0.00043023255813956496
1645244557240 3 11.859013000000004 0 828958 0.1644 0.00043023255813956496
1645244561285 3 11.848319000000004 0 977791 0.1936 0.00043023255813956496
1645244565095 3 11.834662000000009 0 847215 0.1679 0.00043023255813956496
1645244569156 3 11.816378999999998 0 978032 0.1938 0.00043023255813956496
1645244573146 3 11.810798000000005 0 934237 0.1853 0.00043023255813956496
1645244577539 3 11.549633999999998 0 889600 0.1758 0.00043023255813956496
1645244581614 3 11.541855999999996 0 988774 0.1961 0.00043023255813956496
1645244585348 3 11.759332999999998 0 808061 0.16 0.00043023255813956496
1645244588962 3 11.985501 0 995677 0.197 0.00043023255813956496
1645244593417 3 11.73070700000001 0 924757 0.18309999999999998 0.00043023255813956496
1645244597149 3 11.951414999999997 0 808228 0.1602 0.00043023255813956496
1645244601285 3 11.694856000000001 0 1014212 0.2015 0.00043023255813956496
1645244605082 3 11.934551999999996 0 845218 0.1676 0.00043023255813956496
1645244609009 3 11.929543999999993 0 910767 0.1807 0.00043023255813956496
1645244613439 3 11.653199999999998 0 901777 0.1783 0.00043023255813956496
1645244617481 3 11.649823999999995 0 967347 0.1915 0.00043023255813956496
1645244621479 3 11.627538000000015 0 935273 0.18560000000000001 0.00043023255813956496
1645244625431 3 11.617591000000004 0 916928 0.1813 0.00043023255813956496
1645244629457 3 11.57779099999999 0 940743 0.1867 0.00043023255813956496
1645244633344 3 11.821708999999998 0 877888 0.1739 0.00043023255813956496
1645244637633 3 11.540134999999992 0 839766 0.1661 0.00043023255813956496
1645244641197 3 11.755054000000001 0 976062 0.194 0.00043023255813956496
1645244645224 3 11.751819000000012 0 958353 0.19019999999999998 0.00043023255813956496
1645244649006 3 11.992498000000012 0 836268 0.1659 0.00043023255813956496
1645244653048 3 11.985492999999991 0 968967 0.1914 0.00043023255813956496
1645244657294 3 11.687431000000004 0 825839 0.1631 0.00043023255813956496
1645244661375 3 11.716412999999989 0 974212 0.19290000000000002 0.00043023255813956496
1645244665399 0 11.69915499999999 0 128759 0.0254 0.00043023255813956496
1645244669422 0 11.688908999999995 0 199367 0.0392 0.00006976744186043549
1645244673049 0 11.923847999999992 0 220759 0.0461 0.00006976744186043549
1645244677051 0 11.913894999999997 0 149511 0.0382 0.00006976744186043549
1645244681499 0 11.656095999999991 0 118879 0.0325 0.00006976744186043549
1645244685379 0 11.648810999999995 0 85418 0.0254 0.00006976744186043549
1645244689330 0 11.637682000000012 0 68807 0.0223 0.00006976744186043549
1645244693287 0 11.877789000000007 0 132565 0.034300000000000004 0.00006976744186043549
1645244697214 0 11.866672999999992 0 117262 0.0314 0.00006976744186043549
1645244701153 0 11.853497000000004 0 116418 0.0312 0.00006976744186043549
1645244705309 0 11.843373000000014 0 223024 0.0529 0.00006976744186043549
1645244709447 0 11.580640000000017 0 214538 0.0512 0.00006976744186043549
1645244713526 0 11.571604000000008 0 178191 0.0437 0.00006976744186043549
1645244717560 0 11.559841000000006 0 161454 0.0411 0.00006976744186043549
1645244721179 0 11.803419999999988 0 212225 0.0499 0.00006976744186043549
1645244725275 0 11.793630000000007 0 195858 0.0469 0.00006976744186043549
1645244729238 0 11.788569999999993 0 119665 0.0322 0.00006976744186043549
1645244733175 0 11.776466000000028 0 108667 0.029599999999999998 0.00006976744186043549
1645244737536 0 11.517431999999985 0 64782 0.0215 0.00006976744186043549
1645244741413 0 11.761759999999981 0 87523 0.0257 0.00006976744186043549
1645244745451 0 11.718479000000002 0 155607 0.0393 0.00006976744186043549
1645244749351 0 11.697348999999974 0 100404 0.0283 0.00006976744186043549
1645244753420 0 11.692313000000013 0 183614 0.0449 0.00006976744186043549
1645244757019 0 11.933019000000002 0 197686 0.0475 0.00006976744186043549
1645244761155 0 11.926811999999984 0 217520 0.0521 0.00006976744186043549
1645244765125 0 11.922329999999988 0 132353 0.0344 0.00006976744186043549
1645244769229 0 11.916983000000016 0 199853 0.0482 0.00006976744186043549
1645244773384 0 11.658974999999998 0 225614 0.052700000000000004 0.00006976744186043549
1645244777393 0 11.654419000000019 0 150477 0.038 0.00006976744186043549
1645244781329 0 11.641989000000024 0 117995 0.0316 0.00006976744186043549
1645244785206 0 11.887467000000015 0 86503 0.0258 0.00006976744186043549
1645244789536 0 11.626611000000025 0 67335 0.0216 0.00006976744186043549
1645244793508 0 11.605809000000022 0 132169 0.0344 0.00006976744186043549
1645244797453 0 11.595323000000008 0 118800 0.0317 0.00006976744186043549
1645244801399 0 11.586568999999997 0 116618 0.0314 0.00006976744186043549

