1645240129045 1 3.999999 771 346799 0.0663 -3.3152999999999997
1645240130817 1 6.243361 0 363755 0.0702 0.00017441860465117198
1645240132693 3 8.369205000000001 0 835161 0.16 0.000174418604651283
1645240134551 3 10.512705 0 908792 0.1739 0.00043023255813956496
1645240137739 3 11.515125 0 804438 0.1538 0.00043023255813956496
1645240141454 3 11.826434999999998 0 828659 0.1592 0.00043023255813956496
1645240145407 3 11.821811999999998 0 937332 0.1807 0.00043023255813956496
1645240149515 3 11.813859999999998 0 776416 0.149 0.00043023255813956496
1645240153621 3 11.544944000000001 0 1025687 0.1966 0.00043023255813956496
1645240157799 3 11.538779000000002 0 815426 0.1565 0.00043023255813956496
1645240161623 3 11.525589000000004 0 884625 0.1701 0.00043023255813956496
1645240165477 3 11.766804 0 904952 0.1729 0.00043023255813956496
1645240169459 3 11.760181000000003 0 954418 0.18280000000000002 0.00043023255813956496
1645240173327 3 11.999382000000004 0 910446 0.1739 0.00043023255813956496
1645240177242 3 11.987703000000003 0 922454 0.17629999999999998 0.00043023255813956496
1645240181181 3 11.973187000000003 0 942842 0.1814 0.00043023255813956496
1645240185517 3 11.714612000000002 0 884128 0.16870000000000002 0.00043023255813956496
1645240189245 3 11.939538000000006 0 828263 0.1583 0.00043023255813956496
1645240193241 3 11.9465 0 981175 0.1878 0.00043023255813956496
1645240197660 3 11.684917999999996 0 939007 0.17980000000000002 0.00043023255813956496
1645240201391 3 11.922297999999998 0 841370 0.1612 0.00043023255813956496
1645240205330 3 11.903264000000007 0 947658 0.18080000000000002 0.00043023255813956496
1645240209551 3 11.645105000000001 0 828958 0.16 0.00043023255813956496
1645240213550 3 11.639194000000003 0 977791 0.1872 0.00043023255813956496
1645240217321 3 11.878650000000007 0 847215 0.1626 0.00043023255813956496
1645240221322 3 11.875070000000008 0 978032 0.1872 0.00043023255813956496
1645240225729 3 11.616815000000003 0 934237 0.1789 0.00043023255813956496
1645240229579 3 11.590289999999996 0 889600 0.1709 0.00043023255813956496
1645240233613 3 11.583515000000006 0 988774 0.1899 0.00043023255813956496
1645240237305 3 11.829921999999996 0 808061 0.15489999999999998 0.00043023255813956496
1645240241321 3 11.822632999999996 0 995677 0.1907 0.00043023255813956496
1645240245720 3 11.564300000000003 0 924757 0.17709999999999998 0.00043023255813956496
1645240249395 3 11.808863000000002 0 808228 0.1544 0.00043023255813956496
1645240253457 3 11.797443000000001 0 1014212 0.1945 0.00043023255813956496
1645240257703 3 11.541914999999989 0 845218 0.1613 0.00043023255813956496
1645240261573 3 11.782963999999993 0 910767 0.1744 0.00043023255813956496
1645240265427 3 11.762150999999989 0 901777 0.1731 0.00043023255813956496
1645240269407 3 11.757306999999997 0 967347 0.1854 0.00043023255813956496
1645240273321 3 11.986680000000007 0 935273 0.17909999999999998 0.00043023255813956496
1645240277210 3 11.982203999999996 0 916928 0.1759 0.00043023255813956496
1645240281641 3 11.723235000000017 0 940743 0.1803 0.00043023255813956496
1645240285503 3 11.618231000000009 0 877888 0.1674 0.00043023255813956496
1645240289268 3 11.863839000000013 0 839766 0.16140000000000002 0.00043023255813956496
1645240293283 3 11.857050000000015 0 976062 0.1869 0.00043023255813956496
1645240297760 3 11.59459799999999 0 958353 0.1835 0.00043023255813956496
1645240301473 3 11.835397 0 836268 0.16 0.00043023255813956496
1645240305455 3 11.827863000000008 0 968967 0.185 0.00043023255813956496
1645240309670 3 11.570952000000005 0 825839 0.1584 0.00043023255813956496
1645240313675 3 11.561932000000013 0 974212 0.1865 0.00043023255813956496
1645240317726 0 11.557680000000005 0 128759 0.0247 0.00043023255813956496
1645240321738 0 11.543960999999996 0 199367 0.0386 0.00006976744186043549
1645240325369 0 11.789783 0 220759 0.0498 0.00006976744186043549
1645240329386 0 11.781303000000008 0 149511 0.0375 0.00006976744186043549
1645240333840 0 11.517795000000007 0 118879 0.032 0.00006976744186043549
1645240337221 0 11.987874000000005 0 85418 0.0259 0.00006976744186043549
1645240341588 0 11.731672000000003 0 68807 0.0218 0.00006976744186043549
1645240345551 0 11.72778199999999 0 132565 0.034300000000000004 0.00006976744186043549
1645240349504 0 11.721473000000003 0 117262 0.0311 0.00006976744186043549
1645240353465 0 11.71493799999999 0 116418 0.0309 0.00006976744186043549
1645240357660 0 11.70732000000001 0 223024 0.0513 0.00006976744186043549
1645240361271 0 11.925828999999993 0 214538 0.0491 0.00006976744186043549
1645240365376 0 11.919046000000009 0 178191 0.0431 0.00006976744186043549
1645240369442 0 11.672154000000006 0 161454 0.0392 0.00006976744186043549
1645240373571 0 11.628540000000015 0 212225 0.0489 0.00006976744186043549
1645240377682 0 11.593726000000004 0 195858 0.0469 0.00006976744186043549
1645240381644 0 11.587161000000009 0 119665 0.0313 0.00006976744186043549
1645240385579 0 11.58007600000002 0 108667 0.029099999999999997 0.00006976744186043549
1645240389429 0 11.817732999999976 0 64782 0.0211 0.00006976744186043549
1645240393317 0 11.810879 0 87523 0.0254 0.00006976744186043549
1645240397360 0 11.801360999999986 0 155607 0.0377 0.00006976744186043549
1645240401777 0 11.545637999999997 0 100404 0.028100000000000003 0.00006976744186043549
1645240405337 0 11.789067999999986 0 183614 0.0435 0.00006976744186043549
1645240409429 0 11.775078000000008 0 197686 0.0469 0.00006976744186043549
1645240413599 0 11.752383000000009 0 217520 0.0506 0.00006976744186043549
1645240417556 0 11.737382000000025 0 132353 0.033800000000000004 0.00006976744186043549
1645240421144 0 11.983280999999977 0 199853 0.047 0.00006976744186043549
1645240425276 0 11.975938999999983 0 225614 0.0516 0.00006976744186043549
1645240429279 0 11.968355000000031 0 150477 0.0373 0.00006976744186043549
1645240433246 0 11.963164000000006 0 117995 0.0322 0.00006976744186043549
1645240437617 0 11.706763000000024 0 86503 0.0252 0.00006976744186043549
1645240441459 0 11.70100100000002 0 67335 0.0216 0.00006976744186043549
1645240445444 0 11.694882000000007 0 132169 0.0337 0.00006976744186043549
1645240449414 0 11.935496999999998 0 118800 0.0327 0.00006976744186043549
1645240453376 0 11.881560999999977 0 116618 0.0308 0.00006976744186043549

