1645243901442 1 3.999999 2689 346799 0.2571 -11.5627
1645243904255 1 5.200737 0 363755 0.2711 0.00017441860465117198
1645243907071 1 6.397661000000001 0 362842 0.2699 0.00017441860465117198
1645243910028 1 7.428715 0 384791 0.2859 0.00017441860465117198
1645243912660 1 8.796251 0 339137 0.2528 0.00017441860465117198
1645243915688 1 9.769093 0 393219 0.2926 0.00017441860465117198
1645243918822 1 10.635442999999999 0 406206 0.30310000000000004 0.00017441860465117198
1645243921680 1 11.894465 0 303135 0.22549999999999998 0.00017441860465117198
1645243925873 1 11.635610000000003 0 414092 0.3085 0.00017441860465117198
1645243929985 1 11.62967 0 337705 0.2505 0.00017441860465117198
1645243933807 1 11.870994000000003 0 366374 0.2711 0.00017441860465117198
1645243938037 1 11.611364000000002 0 352030 0.2619 0.00017441860465117198
1645243941911 1 11.602242000000004 0 371605 0.2768 0.00017441860465117198
1645243945883 1 11.594485000000006 0 385670 0.28690000000000004 0.00017441860465117198
1645243949778 1 11.837697000000006 0 374050 0.279 0.00017441860465117198
1645243954115 1 11.581150000000001 0 367058 0.2733 0.00017441860465117198
1645243958036 1 11.572807000000005 0 377983 0.2815 0.00017441860465117198
1645243962063 1 11.565243000000002 0 326924 0.242 0.00017441860465117198
1645243966054 1 11.555423000000005 0 388939 0.2892 0.00017441860465117198
1645243970075 1 11.549760000000006 0 392939 0.2915 0.00017441860465117198
1645243973875 1 11.787295999999998 0 362131 0.26949999999999996 0.00017441860465117198
1645243977977 1 11.530912 0 402712 0.2995 0.00017441860465117198
1645243982019 1 11.522773 0 327400 0.2432 0.00017441860465117198
1645243986105 1 11.512129999999999 0 401133 0.2981 0.00017441860465117198
1645243990067 1 11.500563999999997 0 317452 0.2358 0.00017441860465117198
1645243993569 1 11.991737999999998 0 391753 0.2906 0.00017441860465117198
1645243997544 1 11.986297000000008 0 384934 0.28700000000000003 0.00017441860465117198
1645244001893 1 11.729821999999999 0 367179 0.2733 0.00017441860465117198
1645244005889 1 11.720081000000008 0 387965 0.2892 0.00017441860465117198
1645244009978 1 11.708030000000008 0 333821 0.24820000000000003 0.00017441860465117198
1645244013522 1 11.952100999999999 0 394452 0.29359999999999997 0.00017441860465117198
1645244017669 1 11.940761000000009 0 409513 0.3043 0.00017441860465117198
1645244021557 1 11.935945000000004 0 307174 0.22879999999999998 0.00017441860465117198
1645244025801 1 11.678433999999996 0 420407 0.3133 0.00017441860465117198
1645244029940 1 11.669242999999994 0 340231 0.2539 0.00017441860465117198
1645244033827 1 11.661901 0 374730 0.27759999999999996 0.00017441860465117198
1645244038051 1 11.653291999999993 0 353022 0.2616 0.00017441860465117198
1645244041571 1 11.890499000000005 0 393253 0.2915 0.00017441860465117198
1645244045921 1 11.63278600000001 0 368813 0.2745 0.00017441860465117198
1645244049807 1 11.87758500000001 0 372578 0.27799999999999997 0.00017441860465117198
1645244053703 1 11.871396000000004 0 374507 0.2791 0.00017441860465117198
1645244058086 1 11.610593999999992 0 372824 0.2779 0.00017441860465117198
1645244061614 1 11.854012000000012 0 326437 0.2426 0.00017441860465117198
1645244066070 1 11.59256400000001 0 383127 0.2847 0.00017441860465117198
1645244069647 1 11.829087000000015 0 400632 0.2973 0.00017441860465117198
1645244073798 1 11.819975999999997 0 342596 0.2551 0.00017441860465117198
1645244077925 1 11.554344000000015 0 407655 0.3026 0.00017441860465117198
1645244082047 1 11.542957999999999 0 337450 0.25179999999999997 0.00017441860465117198
1645244086161 1 11.535518999999994 0 404220 0.3006 0.00017441860465117198
1645244089734 1 11.775144000000012 0 331794 0.2466 0.00017441860465117198
1645244093743 1 11.76807500000001 0 390086 0.2904 0.00017441860465117198
1645244097729 1 11.758194000000003 0 387516 0.28809999999999997 0.00017441860465117198
1645244101559 1 11.99720099999999 0 365827 0.27240000000000003 0.00017441860465117198
1645244105579 1 11.991626999999994 0 392579 0.2911 0.00017441860465117198
1645244109696 1 11.987026000000014 0 337939 0.2517 0.00017441860465117198
1645244113821 1 11.724654000000015 0 406896 0.3027 0.00017441860465117198
1645244117831 1 11.714399000000014 0 390582 0.2905 0.00017441860465117198
1645244121883 1 11.707352000000014 0 328479 0.2446 0.00017441860465117198
1645244125950 1 11.70146600000001 0 399016 0.2961 0.00017441860465117198
1645244129809 1 11.693868000000009 0 370990 0.27549999999999997 0.00017441860465117198
1645244133676 1 11.935393000000005 0 371149 0.27559999999999996 0.00017441860465117198
1645244137563 1 11.929449000000005 0 372261 0.2777 0.00017441860465117198
1645244141597 1 11.919727999999992 0 394237 0.2935 0.00017441860465117198
1645244145948 1 11.663854000000015 0 368311 0.2745 0.00017441860465117198
1645244149894 1 11.657416000000012 0 381418 0.28359999999999996 0.00017441860465117198
1645244153742 1 11.89736400000001 0 368451 0.2745 0.00017441860465117198
1645244157624 1 11.889215999999976 0 371908 0.2777 0.00017441860465117198
1645244161664 1 11.878690000000006 0 328352 0.24369999999999997 0.00017441860465117198
1645244166085 1 11.61972000000003 0 379027 0.2805 0.00017441860465117198
1645244169716 1 11.855392999999992 0 407465 0.3025 0.00017441860465117198
1645244173806 1 11.848257999999987 0 333046 0.2481 0.00017441860465117198
1645244178024 1 11.587901999999985 0 416856 0.311 0.00017441860465117198
1645244182123 1 11.581254999999999 0 335171 0.2493 0.00017441860465117198
1645244185714 1 11.818722999999977 0 401613 0.2982 0.00017441860465117198
1645244189828 1 11.813994999999977 0 337330 0.2515 0.00017441860465117198
1645244193845 1 11.804690999999991 0 391244 0.2913 0.00017441860465117198
1645244197829 1 11.797882000000016 0 387864 0.2879 0.00017441860465117198
1645244202141 1 11.531735000000026 0 363813 0.2711 0.00017441860465117198
1645244206150 1 11.524305000000027 0 391839 0.2915 0.00017441860465117198
1645244209739 1 11.759228000000007 0 336898 0.24910000000000002 0.00017441860465117198
1645244214179 1 11.498843000000022 0 381135 0.28359999999999996 0.00017441860465117198
1645244217669 1 11.989581999999984 0 386654 0.2882 0.00017441860465117198
1645244221872 1 11.728358000000014 0 347396 0.2596 0.00017441860465117198
1645244225901 1 11.722496999999976 0 392538 0.2927 0.00017441860465117198

