1645256947743 1 3.999999 2961 346799 0.2839 -12.732299999999999
1645256950482 0 5.262301 0 213385 0.1756 0.00017441860465117198
1645256951768 0 7.974815 0 141806 0.1162 0.00006976744186043549
1645256952802 0 10.940422000000002 0 112578 0.0906 0.00006976744186043549
1645256956213 1 11.684116 0 339137 0.2778 0.000069767441860491
1645256960076 1 11.672039999999999 0 393219 0.32189999999999996 0.00017441860465117198
1645256964027 1 11.911797999999997 0 406206 0.3322 0.00017441860465117198
1645256968140 1 11.653338999999999 0 303135 0.24900000000000003 0.00017441860465117198
1645256972156 1 11.646195000000002 0 414092 0.3398 0.00017441860465117198
1645256976066 1 11.889895000000003 0 337705 0.27490000000000003 0.00017441860465117198
1645256980217 1 11.626329000000005 0 366374 0.29969999999999997 0.00017441860465117198
1645256984234 1 11.614963000000003 0 352030 0.2891 0.00017441860465117198
1645256987916 1 11.858209000000002 0 371605 0.3044 0.00017441860465117198
1645256992203 1 11.598502000000003 0 385670 0.316 0.00017441860465117198
1645256996391 1 11.589922000000001 0 374050 0.3053 0.00017441860465117198
1645257000018 1 11.817026000000006 0 367058 0.30019999999999997 0.00017441860465117198
1645257004257 1 11.563127000000001 0 377983 0.31070000000000003 0.00017441860465117198
1645257008055 1 11.805170000000004 0 326924 0.26739999999999997 0.00017441860465117198
1645257012352 1 11.547334000000006 0 388939 0.3182 0.00017441860465117198
1645257016192 1 11.790367000000003 0 392939 0.32189999999999996 0.00017441860465117198
1645257020283 1 11.519440000000003 0 362131 0.29660000000000003 0.00017441860465117198
1645257024206 1 11.75927 0 402712 0.32999999999999996 0.00017441860465117198
1645257028028 1 11.737012000000007 0 327400 0.26880000000000004 0.00017441860465117198
1645257031947 1 11.974759000000006 0 401133 0.3294 0.00017441860465117198
1645257036179 1 11.714906 0 317452 0.26 0.00017441860465117198
1645257040016 1 11.951588000000001 0 391753 0.3207 0.00017441860465117198
1645257044302 1 11.688749000000001 0 384934 0.3155 0.00017441860465117198
1645257047932 1 11.901883999999995 0 367179 0.3001 0.00017441860465117198
1645257052245 1 11.642736 0 387965 0.318 0.00017441860465117198
1645257056124 1 11.633966000000001 0 333821 0.2738 0.00017441860465117198
1645257060000 1 11.875798000000003 0 394452 0.3231 0.00017441860465117198
1645257063979 1 11.864841999999996 0 409513 0.3347 0.00017441860465117198
1645257068134 1 11.856487000000001 0 307174 0.2523 0.00017441860465117198
1645257072215 1 11.575915000000009 0 420407 0.3447 0.00017441860465117198
1645257076158 1 11.81984399999999 0 340231 0.2805 0.00017441860465117198
1645257080345 1 11.555600999999996 0 374730 0.3065 0.00017441860465117198
1645257084360 1 11.548248999999998 0 353022 0.28900000000000003 0.00017441860465117198
1645257088204 1 11.538798000000014 0 393253 0.3218 0.00017441860465117198
1645257092341 1 11.527855000000017 0 368813 0.3012 0.00017441860465117198
1645257096009 1 11.767978999999997 0 372578 0.3056 0.00017441860465117198
1645257100214 1 11.762737000000016 0 374507 0.30619999999999997 0.00017441860465117198
1645257103926 1 11.997130999999996 0 372824 0.3075 0.00017441860465117198
1645257108209 1 11.736944999999992 0 326437 0.2651 0.00017441860465117198
1645257111980 1 11.979329000000007 0 383127 0.3145 0.00017441860465117198
1645257115872 1 11.970980999999995 0 400632 0.327 0.00017441860465117198
1645257119801 1 11.96376699999999 0 342596 0.2802 0.00017441860465117198
1645257124257 1 11.693725 0 407655 0.33330000000000004 0.00017441860465117198
1645257128130 1 11.684773000000007 0 337450 0.2765 0.00017441860465117198
1645257132062 1 11.914246999999989 0 404220 0.33039999999999997 0.00017441860465117198
1645257136260 0 11.637800999999996 0 128759 0.1059 0.00017441860465117198
1645257139989 0 11.876671000000016 0 199367 0.1615 0.00006976744186043549
1645257143915 0 11.869730000000004 0 220759 0.1803 0.00006976744186043549
1645257148262 0 11.615026 0 149511 0.1223 0.00006976744186043549
1645257152354 0 11.609485000000006 0 118879 0.0973 0.00006976744186043549
1645257156167 0 11.599174000000005 0 85418 0.06949999999999999 0.00006976744186043549
1645257160342 0 11.594301000000002 0 68807 0.05550000000000001 0.00006976744186043549
1645257164047 0 11.837286000000006 0 132565 0.1086 0.00006976744186043549
1645257168145 0 11.83277000000001 0 117262 0.096 0.00006976744186043549
1645257172212 0 11.558605 0 116418 0.0948 0.00006976744186043549
1645257176175 0 11.801739999999995 0 223024 0.1833 0.00006976744186043549
1645257180048 0 11.786541 0 214538 0.17529999999999998 0.00006976744186043549
1645257184132 0 11.778013000000016 0 178191 0.145 0.00006976744186043549
1645257188085 0 11.761623000000014 0 161454 0.1325 0.00006976744186043549
1645257191938 0 11.997807999999992 0 212225 0.1729 0.00006976744186043549
1645257196168 0 11.741293000000013 0 195858 0.1603 0.00006976744186043549
1645257199764 0 11.979180000000014 0 119665 0.0972 0.00006976744186043549
1645257203789 0 11.971831000000009 0 108667 0.0897 0.00006976744186043549
1645257207937 0 11.965571000000011 0 64782 0.0528 0.00006976744186043549
1645257212265 0 11.706628000000023 0 87523 0.0707 0.00006976744186043549
1645257216166 0 11.694169999999986 0 155607 0.1275 0.00006976744186043549
1645257220109 0 11.687084000000027 0 100404 0.0814 0.00006976744186043549
1645257224231 0 11.680465000000027 0 183614 0.1502 0.00006976744186043549
1645257227962 0 11.918365999999992 0 197686 0.1615 0.00006976744186043549
1645257231859 0 11.909236000000021 0 217520 0.1779 0.00006976744186043549
1645257236057 0 11.901461999999981 0 132353 0.10840000000000001 0.00006976744186043549
1645257240315 0 11.633460000000014 0 199853 0.1641 0.00006976744186043549
1645257244288 0 11.623168000000021 0 225614 0.1845 0.00006976744186043549
1645257248143 0 11.616512 0 150477 0.12350000000000001 0.00006976744186043549
1645257252230 0 11.607979999999998 0 117995 0.0954 0.00006976744186043549
1645257256054 0 11.850163000000009 0 86503 0.0707 0.00006976744186043549
1645257260229 0 11.593563000000017 0 67335 0.055600000000000004 0.00006976744186043549
1645257263929 0 11.838632000000018 0 132169 0.1071 0.00006976744186043549
1645257268049 0 11.831065000000024 0 118800 0.0985 0.00006976744186043549

