1645255566672 1 3.999999 6394 346799 0.6269 -27.494199999999996
1645255570746 0 4.382213999999999 449 213385 0.3839 -1.9305255813953486
1645255573418 0 5.709802000000001 0 141806 0.2548 0.00006976744186043549
1645255575545 0 7.581756 0 112578 0.20099999999999998 0.00006976744186043549
1645255577105 0 10.022314999999999 0 80671 0.144 0.00006976744186043549
1645255579456 0 11.817298 0 68729 0.12290000000000001 0.00006976744186043549
1645255583557 0 11.801265999999998 0 137895 0.24889999999999998 0.00006976744186043549
1645255587749 0 11.544332999999998 0 114138 0.2069 0.00006976744186043549
1645255591629 0 11.535652000000002 0 126013 0.22810000000000002 0.00006976744186043549
1645255595683 0 11.445088000000002 0 217236 0.393 0.00006976744186043549
1645255599757 0 11.370179 0 219398 0.3952 0.00006976744186043549
1645255603559 0 11.75911 0 177648 0.31789999999999996 0.00006976744186043549
1645255607719 0 11.500955000000005 0 166856 0.303 0.00006976744186043549
1645255611852 0 11.274286000000004 0 223685 0.40190000000000003 0.00006976744186043549
1645255615688 0 11.439313000000006 0 206455 0.37170000000000003 0.00006976744186043549
1645255619507 0 11.722498000000002 0 121534 0.2189 0.00006976744186043549
1645255623509 0 11.712955000000001 0 105092 0.1889 0.00006976744186043549
1645255627218 0 11.959359 0 63086 0.1109 0.00006976744186043549
1645255631389 0 11.950789999999998 0 87739 0.156 0.00006976744186043549
1645255635260 0 11.943193000000008 0 152905 0.27599999999999997 0.00006976744186043549
1645255639668 0 11.685184000000007 0 100587 0.1799 0.00006976744186043549
1645255643146 0 11.980627999999996 0 186001 0.3365 0.00006976744186043549
1645255647416 0 11.909957000000006 0 201620 0.3659 0.00006976744186043549
1645255651449 0 11.678104000000005 0 218012 0.393 0.00006976744186043549
1645255655316 0 11.897236000000007 0 123058 0.22490000000000002 0.00006976744186043549
1645255659539 0 11.632140000000007 0 198856 0.3601 0.00006976744186043549
1645255663719 0 11.408535 0 223061 0.4046 0.00006976744186043549
1645255667453 0 11.867011000000005 0 143385 0.2611 0.00006976744186043549
1645255671659 0 11.60655700000001 0 117021 0.2101 0.00006976744186043549
1645255675757 0 11.596627999999995 0 83595 0.1498 0.00006976744186043549
1645255679599 0 11.582800000000006 0 68011 0.12310000000000001 0.00006976744186043549
1645255683636 0 11.570723000000001 0 134264 0.24300000000000002 0.00006976744186043549
1645255687797 0 11.565979999999996 0 113722 0.20390000000000003 0.00006976744186043549
1645255691625 0 11.554961000000006 0 122694 0.22200000000000003 0.00006976744186043549
1645255695637 0 11.489214000000004 0 215146 0.3899 0.00006976744186043549
1645255699627 0 11.499511000000012 0 213339 0.3867 0.00006976744186043549
1645255703460 0 11.782095999999996 0 176949 0.3211 0.00006976744186043549
1645255707411 0 11.776539000000014 0 158356 0.28500000000000003 0.00006976744186043549
1645255711504 0 11.622383000000013 0 219852 0.3989 0.00006976744186043549
1645255715197 0 11.929158999999999 0 196864 0.3567 0.00006976744186043549
1645255719416 0 11.748120999999998 0 116610 0.20990000000000003 0.00006976744186043549
1645255723466 0 11.739182999999997 0 107223 0.1948 0.00006976744186043549
1645255727209 0 11.981955999999997 0 64332 0.11399999999999999 0.00006976744186043549
1645255731411 0 11.721516000000008 0 88753 0.159 0.00006976744186043549
1645255735284 0 11.965897000000012 0 153489 0.27599999999999997 0.00006976744186043549
1645255739221 0 11.955490999999995 0 101805 0.183 0.00006976744186043549
1645255743674 0 11.696462999999994 0 186822 0.3358 0.00006976744186043549
1645255747421 0 11.706198 0 200149 0.3632 0.00006976744186043549
1645255751436 0 11.690786000000003 0 215305 0.3896 0.00006976744186043549
1645255755398 0 11.917389000000014 0 128759 0.2338 0.00006976744186043549
1645255759616 0 11.658176999999995 0 199367 0.3599 0.00006976744186043549
1645255763710 0 11.416692000000012 0 220759 0.3992 0.00006976744186043549
1645255767531 0 11.643358000000006 0 149511 0.2699 0.00006976744186043549
1645255771268 0 11.88569799999999 0 118879 0.213 0.00006976744186043549
1645255775420 0 11.87234699999999 0 85418 0.1528 0.00006976744186043549
1645255779758 0 11.615493000000015 0 68807 0.123 0.00006976744186043549
1645255783282 0 11.859589 0 132565 0.24 0.00006976744186043549
1645255787517 0 11.846171999999996 0 117262 0.2129 0.00006976744186043549
1645255791718 0 11.58537100000001 0 116418 0.21000000000000002 0.00006976744186043549
1645255795847 0 11.283169000000015 0 223024 0.4025 0.00006976744186043549
1645255799827 0 11.300349000000011 0 214538 0.3869 0.00006976744186043549
1645255803158 0 11.970339999999993 0 178191 0.32120000000000004 0.00006976744186043549
1645255807694 0 11.549846000000002 0 161454 0.29100000000000004 0.00006976744186043549
1645255811647 0 11.480335999999994 0 212225 0.38380000000000003 0.00006976744186043549
1645255815309 0 11.82003499999999 0 195858 0.3539 0.00006976744186043549
1645255819588 0 11.763117999999992 0 119665 0.21589999999999998 0.00006976744186043549
1645255823640 0 11.506387000000018 0 108667 0.1951 0.00006976744186043549
1645255827376 0 11.74958300000003 0 64782 0.1139 0.00006976744186043549
1645255831547 0 11.738653 0 87523 0.15589999999999998 0.00006976744186043549
1645255835452 0 11.732818000000009 0 155607 0.27890000000000004 0.00006976744186043549
1645255839388 0 11.972649999999987 0 100404 0.18280000000000002 0.00006976744186043549
1645255843295 0 11.967120000000023 0 183614 0.3302 0.00006976744186043549
1645255847457 0 11.700355000000002 0 197686 0.35710000000000003 0.00006976744186043549
1645255851494 0 11.634387000000004 0 217520 0.39289999999999997 0.00006976744186043549
1645255855477 0 11.678762000000006 0 132353 0.23690000000000003 0.00006976744186043549
1645255859226 0 11.900833999999975 0 199853 0.363 0.00006976744186043549
1645255863431 0 11.702323999999976 0 225614 0.4079 0.00006976744186043549
1645255867277 0 11.903773000000001 0 150477 0.273 0.00006976744186043549
1645255871519 0 11.641708999999992 0 117995 0.213 0.00006976744186043549
1645255875648 0 11.636496000000022 0 86503 0.153 0.00006976744186043549
1645255879455 0 11.881047000000024 0 67335 0.1199 0.00006976744186043549
1645255883434 0 11.873117999999977 0 132169 0.23690000000000003 0.00006976744186043549
1645255887687 0 11.615979999999979 0 118800 0.21600000000000003 0.00006976744186043549

