1645247071876 1 3.999999 5363 346799 0.5135 -23.060899999999997
1645247083396 3 4.327543 7855 755039 1.1256 -33.77632558139535
1645247096074 3 4.401383000000001 8755 835161 1.2409000000000001 -37.646069767441865
1645247109808 3 4.391444 9728 908792 1.3512 -41.82996976744187
1645247121978 3 4.337210999999998 8115 804438 1.1949 -34.89406976744186
1645247134556 3 4.432216 8673 828659 1.2337 -37.29346976744186
1645247148744 3 4.333444 10091 937332 1.3944 -43.390869767441856
1645247160546 3 4.386398999999997 7855 776416 1.1564999999999999 -33.77606976744186
1645247176053 3 4.4690280000000016 11591 1025687 1.5265 -49.84086976744186
1645247188436 3 4.269274000000003 8183 815426 1.2144 -35.186469767441864
1645247201829 3 4.423862 9550 884625 1.3176999999999999 -41.06456976744186
1645247215533 3 4.429103000000005 9706 904952 1.3489 -41.73536976744186
1645247229984 3 4.355826 10377 954418 1.4205 -44.62066976744186
1645247243760 3 4.457127 9876 910446 1.3537000000000001 -42.466369767441854
1645247257751 3 4.304138999999999 9840 922454 1.3754 -42.31156976744186
1645247272025 3 4.362543000000002 10334 942842 1.4037000000000002 -44.43576976744186
1645247285400 3 4.409909000000006 9418 884128 1.3153000000000001 -40.49696976744186
1645247297949 3 4.304203000000001 8446 828263 1.2311 -36.31736976744186
1645247312783 3 4.472630000000009 11004 981175 1.4617 -47.31676976744186
1645247326989 3 4.430503000000002 10165 939007 1.3965 -43.70906976744186
1645247339758 3 4.309510000000003 8649 841370 1.2529 -37.19026976744186
1645247354104 3 4.421508000000003 10459 947658 1.411 -44.973269767441856
1645247366633 3 4.348212000000004 8457 828958 1.2311999999999999 -36.36466976744186
1645247381427 3 4.271971000000008 10714 977791 1.4566000000000001 -46.06976976744186
1645247394282 3 4.457385000000002 9046 847215 1.2623 -38.89736976744186

