1645247898661 1 3.999999 3275 346799 0.315 -14.0825
1645247900789 0 5.889447 0 213385 0.1928 0.00017441860465117198
1645247902183 0 8.497688 0 141806 0.12940000000000002 0.00006976744186043549
1645247903308 0 11.370957 0 112578 0.1028 0.00006976744186043549
1645247907140 0 11.764437999999998 0 80671 0.073 0.00006976744186043549
1645247910818 1 11.859407999999998 0 393219 0.3572 0.000069767441860491
1645247915106 1 11.750366 0 406206 0.3684 0.00017441860465117198
1645247918969 1 11.741270999999998 0 303135 0.2757 0.00017441860465117198
1645247922849 1 11.830691000000002 0 414092 0.37679999999999997 0.00017441860465117198
1645247927042 1 11.724316000000002 0 337705 0.308 0.00017441860465117198
1645247930973 1 11.718125 0 366374 0.33330000000000004 0.00017441860465117198
1645247934786 1 11.955477000000002 0 352030 0.32080000000000003 0.00017441860465117198
1645247938766 1 11.946742 0 371605 0.3376 0.00017441860465117198
1645247942876 1 11.934612000000001 0 385670 0.35019999999999996 0.00017441860465117198
1645247946869 1 11.921538000000005 0 374050 0.339 0.00017441860465117198
1645247950809 1 11.908945000000003 0 367058 0.3337 0.00017441860465117198
1645247954860 1 11.896748000000002 0 377983 0.3448 0.00017441860465117198
1645247958928 1 11.887493 0 326924 0.2968 0.00017441860465117198
1645247963059 1 11.630705000000006 0 388939 0.3531 0.00017441860465117198
1645247966732 1 11.945994999999996 0 392939 0.35710000000000003 0.00017441860465117198
1645247971160 1 11.612550999999996 0 362131 0.3306 0.00017441860465117198
1645247974921 1 11.755888999999996 0 402712 0.36560000000000004 0.00017441860465117198
1645247979015 1 11.841873000000007 0 327400 0.2981 0.00017441860465117198
1645247982787 1 11.891277000000002 0 401133 0.3658 0.00017441860465117198
1645247987281 1 11.574842000000004 0 317452 0.2898 0.00017441860465117198
1645247990941 1 11.736186000000004 0 391753 0.3559 0.00017441860465117198
1645247995045 1 11.812731999999997 0 384934 0.35019999999999996 0.00017441860465117198
1645247998989 1 11.805001000000004 0 367179 0.3335 0.00017441860465117198
1645248003124 1 11.792849000000004 0 387965 0.3529 0.00017441860465117198
1645248007262 1 11.531985000000006 0 333821 0.304 0.00017441860465117198
1645248010960 1 11.717421000000002 0 394452 0.3584 0.00017441860465117198
1645248014777 1 11.901232000000007 0 409513 0.3715 0.00017441860465117198
1645248019189 1 11.500781000000003 0 307174 0.2801 0.00017441860465117198
1645248023121 1 11.557878000000002 0 420407 0.3826 0.00017441860465117198
1645248026837 1 11.98109199999999 0 340231 0.3109 0.00017441860465117198
1645248030850 1 11.972094999999996 0 374730 0.3406 0.00017441860465117198
1645248035144 1 11.709082999999993 0 353022 0.3194 0.00017441860465117198
1645248038824 1 11.853946000000008 0 393253 0.35710000000000003 0.00017441860465117198
1645248042774 1 11.940995000000015 0 368813 0.3347 0.00017441860465117198
1645248046768 1 11.931153999999992 0 372578 0.3392 0.00017441860465117198
1645248050778 1 11.923988000000008 0 374507 0.3404 0.00017441860465117198
1645248054779 1 11.915705000000003 0 372824 0.3392 0.00017441860465117198
1645248058844 1 11.908524999999997 0 326437 0.29660000000000003 0.00017441860465117198
1645248062934 1 11.896820999999989 0 383127 0.34740000000000004 0.00017441860465117198
1645248067165 1 11.628222999999991 0 400632 0.3625 0.00017441860465117198
1645248070880 1 11.87185199999999 0 342596 0.3108 0.00017441860465117198
1645248074685 1 11.993109000000004 0 407655 0.36970000000000003 0.00017441860465117198
1645248078847 1 11.857165000000009 0 337450 0.3066 0.00017441860465117198
1645248083129 1 11.599029999999999 0 404220 0.3686 0.00017441860465117198
1645248087260 1 11.584731000000005 0 331794 0.3023 0.00017441860465117198
1645248090901 1 11.777289999999994 0 390086 0.3547 0.00017441860465117198
1645248095019 1 11.818895999999995 0 387516 0.3516 0.00017441860465117198
1645248098942 1 11.811104 0 365827 0.33199999999999996 0.00017441860465117198
1645248103126 1 11.555169000000006 0 392579 0.35760000000000003 0.00017441860465117198
1645248107304 1 11.542517000000004 0 337939 0.30670000000000003 0.00017441860465117198
1645248111120 1 11.559511000000015 0 406896 0.3715 0.00017441860465117198
1645248114770 1 11.90763100000001 0 390582 0.3543 0.00017441860465117198
1645248119371 1 11.511313000000001 0 328479 0.2996 0.00017441860465117198
1645248123101 1 11.576862000000006 0 399016 0.3631 0.00017441860465117198
1645248127087 1 11.74335400000001 0 370990 0.33740000000000003 0.00017441860465117198
1645248131069 1 11.73520099999999 0 371149 0.3376 0.00017441860465117198
1645248135070 1 11.724987999999996 0 372261 0.3392 0.00017441860465117198
1645248138756 1 11.922246000000001 0 394237 0.3587 0.00017441860465117198
1645248142720 1 11.95934299999999 0 368311 0.335 0.00017441860465117198
1645248146816 1 11.95385300000001 0 381418 0.3482 0.00017441860465117198
1645248150768 1 11.945459 0 368451 0.3348 0.00017441860465117198
1645248154758 1 11.939757999999983 0 371908 0.3387 0.00017441860465117198
1645248158848 1 11.933288000000005 0 328352 0.2982 0.00017441860465117198
1645248162902 1 11.925184999999999 0 379027 0.3446 0.00017441860465117198
1645248166709 1 11.970979 0 407465 0.3699 0.00017441860465117198
1645248170848 1 11.897702999999979 0 333046 0.3023 0.00017441860465117198
1645248174759 1 11.92210799999998 0 416856 0.3798 0.00017441860465117198
1645248178904 1 11.881283999999994 0 335171 0.3033 0.00017441860465117198
1645248183175 1 11.623684000000026 0 401613 0.3653 0.00017441860465117198
1645248186846 1 11.861785999999995 0 337330 0.3066 0.00017441860465117198
1645248191011 1 11.856447000000003 0 391244 0.356 0.00017441860465117198
1645248195147 1 11.596634999999992 0 387864 0.353 0.00017441860465117198
1645248199054 1 11.831679000000008 0 363813 0.3307 0.00017441860465117198
1645248202733 1 11.945678999999984 0 391839 0.3574 0.00017441860465117198
1645248206899 1 11.809034999999994 0 336898 0.3053 0.00017441860465117198
1645248210986 1 11.79724600000003 0 381135 0.3476 0.00017441860465117198
1645248215102 1 11.756350999999995 0 386654 0.3514 0.00017441860465117198
1645248219374 1 11.526872000000026 0 347396 0.3164 0.00017441860465117198
1645248223042 1 11.637099999999975 0 392538 0.35710000000000003 0.00017441860465117198

