1645241056357 1 3.999999 910 346799 0.08020000000000001 -3.913
1645241057053 0 7.315522 0 213385 0.0495 0.00017441860465117198
1645241057477 0 10.892768 0 141806 0.0329 0.00006976744186043549
1645241060839 0 11.657499000000001 0 112578 0.0261 0.00006976744186043549
1645241064702 0 11.900215999999999 0 80671 0.0261 0.00006976744186043549
1645241068550 0 11.890535999999999 0 68729 0.023100000000000002 0.00006976744186043549
1645241072542 0 11.881753 0 137895 0.039 0.00006976744186043549
1645241076984 0 11.623335999999998 0 114138 0.034100000000000005 0.00006976744186043549
1645241080954 0 11.607489000000001 0 126013 0.0366 0.00006976744186043549
1645241084630 0 11.849047000000002 0 217236 0.05739999999999999 0.00006976744186043549
1645241088806 0 11.588935 0 219398 0.05789999999999999 0.00006976744186043549
1645241092890 0 11.580473000000005 0 177648 0.0485 0.00006976744186043549
1645241096951 0 11.576143000000002 0 166856 0.046200000000000005 0.00006976744186043549
1645241100641 0 11.81445 0 223685 0.058499999999999996 0.00006976744186043549
1645241104784 0 11.803082000000003 0 206455 0.0551 0.00006976744186043549
1645241108733 0 11.797600000000003 0 121534 0.0356 0.00006976744186043549
1645241112641 0 11.793126 0 105092 0.0314 0.00006976744186043549
1645241116950 0 11.531503 0 63086 0.020999999999999998 0.00006976744186043549
1645241120820 0 11.771645000000007 0 87739 0.0273 0.00006976744186043549
1645241124855 0 11.514052000000007 0 152905 0.0427 0.00006976744186043549
1645241128753 0 11.756208999999998 0 100587 0.0298 0.00006976744186043549
1645241132848 0 11.749268 0 186001 0.0499 0.00006976744186043549
1645241136497 0 11.993042000000003 0 201620 0.054700000000000006 0.00006976744186043549
1645241140677 0 11.734048000000001 0 218012 0.0571 0.00006976744186043549
1645241144641 0 11.965007999999997 0 123058 0.0354 0.00006976744186043549
1645241148773 0 11.705373000000009 0 198856 0.052700000000000004 0.00006976744186043549
1645241152584 0 11.950811999999999 0 223061 0.0588 0.00006976744186043549
1645241156582 0 11.945254000000006 0 143385 0.040100000000000004 0.00006976744186043549
1645241160521 0 11.935721000000001 0 117021 0.033800000000000004 0.00006976744186043549
1645241164884 0 11.681499000000002 0 83595 0.0264 0.00006976744186043549
1645241168709 0 11.675494999999998 0 68011 0.0228 0.00006976744186043549
1645241172681 0 11.921002000000001 0 134264 0.0377 0.00006976744186043549
1645241176610 0 11.917569999999998 0 113722 0.0332 0.00006976744186043549
1645241180571 0 11.908389 0 122694 0.0356 0.00006976744186043549
1645241184735 0 11.650407999999999 0 215146 0.056799999999999996 0.00006976744186043549
1645241188901 0 11.646219000000002 0 213339 0.05639999999999999 0.00006976744186043549
1645241192977 0 11.636020000000002 0 176949 0.047799999999999995 0.00006976744186043549
1645241196516 0 11.875325000000004 0 158356 0.0443 0.00006976744186043549
1645241200702 0 11.868527 0 219852 0.058199999999999995 0.00006976744186043549
1645241204839 0 11.613160999999991 0 196864 0.053200000000000004 0.00006976744186043549
1645241208782 0 11.603700000000003 0 116610 0.0342 0.00006976744186043549
1645241212694 0 11.847462000000007 0 107223 0.0314 0.00006976744186043549
1645241217014 0 11.586642000000012 0 64332 0.0227 0.00006976744186043549
1645241220904 0 11.580082000000004 0 88753 0.028499999999999998 0.00006976744186043549
1645241224934 0 11.568348000000015 0 153489 0.0429 0.00006976744186043549
1645241228841 0 11.562241999999998 0 101805 0.0304 0.00006976744186043549
1645241232949 0 11.554583000000008 0 186822 0.051000000000000004 0.00006976744186043549
1645241236587 0 11.799519000000004 0 200149 0.0534 0.00006976744186043549
1645241240758 0 11.788089000000014 0 215305 0.0571 0.00006976744186043549
1645241244734 0 11.777435999999994 0 128759 0.037 0.00006976744186043549
1645241248864 0 11.519466999999992 0 199367 0.0529 0.00006976744186043549
1645241253051 0 11.507807000000014 0 220759 0.058499999999999996 0.00006976744186043549
1645241257077 0 11.502059000000003 0 149511 0.0416 0.00006976744186043549
1645241260527 0 11.994296999999989 0 118879 0.035199999999999995 0.00006976744186043549
1645241264395 0 11.985663000000017 0 85418 0.0273 0.00006976744186043549
1645241268727 0 11.730036000000013 0 68807 0.023100000000000002 0.00006976744186043549
1645241272701 0 11.720283999999992 0 132565 0.0381 0.00006976744186043549
1645241276654 0 11.957505999999995 0 117262 0.0344 0.00006976744186043549
1645241280592 0 11.952792000000017 0 116418 0.034 0.00006976744186043549
1645241284783 0 11.688433000000003 0 223024 0.059399999999999994 0.00006976744186043549
1645241288448 0 11.933708999999993 0 214538 0.056799999999999996 0.00006976744186043549
1645241292535 0 11.915579000000008 0 178191 0.0487 0.00006976744186043549
1645241296579 0 11.908459999999991 0 161454 0.0446 0.00006976744186043549
1645241300735 0 11.654235999999997 0 212225 0.055900000000000005 0.00006976744186043549
1645241304861 0 11.643494000000004 0 195858 0.053000000000000005 0.00006976744186043549
1645241308806 0 11.639646999999997 0 119665 0.0348 0.00006976744186043549
1645241312737 0 11.632950999999991 0 108667 0.0332 0.00006976744186043549
1645241316558 0 11.876342000000022 0 64782 0.022 0.00006976744186043549
1645241320930 0 11.620068000000003 0 87523 0.027000000000000003 0.00006976744186043549
1645241324977 0 11.610084000000029 0 155607 0.0445 0.00006976744186043549
1645241328877 0 11.603609000000006 0 100404 0.030199999999999998 0.00006976744186043549
1645241332978 0 11.594904999999983 0 183614 0.0503 0.00006976744186043549
1645241336620 0 11.832921999999996 0 197686 0.0538 0.00006976744186043549
1645241340791 0 11.823759999999993 0 217520 0.057499999999999996 0.00006976744186043549
1645241344770 0 11.819950000000006 0 132353 0.0378 0.00006976744186043549
1645241348907 0 11.558459000000028 0 199853 0.053700000000000005 0.00006976744186043549
1645241352597 0 11.796262000000013 0 225614 0.058699999999999995 0.00006976744186043549
1645241356609 0 11.788360000000011 0 150477 0.0414 0.00006976744186043549
1645241361053 0 11.529920000000004 0 117995 0.0342 0.00006976744186043549
1645241364915 0 11.521943000000022 0 86503 0.0261 0.00006976744186043549
1645241368732 0 11.76145200000002 0 67335 0.0222 0.00006976744186043549
1645241372709 0 11.755094999999983 0 132169 0.0382 0.00006976744186043549
1645241376664 0 11.748125000000016 0 118800 0.0348 0.00006976744186043549
1645241380607 0 11.994134000000031 0 116618 0.034 0.00006976744186043549
1645241384794 0 11.738654999999994 0 222296 0.058499999999999996 0.00006976744186043549

