1645238951111 1 3.999999 3091 346799 0.2984 -13.2913
1645238953140 0 5.98344 0 213385 0.18280000000000002 0.00017441860465117198
1645238954474 0 8.650409 0 141806 0.1216 0.00006976744186043549
1645238955553 0 11.570437000000002 0 112578 0.097 0.00006976744186043549
1645238959344 0 11.835491999999999 0 80671 0.06889999999999999 0.00006976744186043549
1645238963538 0 11.828487999999998 0 68729 0.058499999999999996 0.00006976744186043549
1645238967324 0 11.821230999999997 0 137895 0.1186 0.00006976744186043549
1645238971412 0 11.811930999999998 0 114138 0.0987 0.00006976744186043549
1645238975605 0 11.556373000000004 0 126013 0.10800000000000001 0.00006976744186043549
1645238979569 0 11.800769000000003 0 217236 0.1867 0.00006976744186043549
1645238983554 0 11.786563000000001 0 219398 0.1878 0.00006976744186043549
1645238987671 0 11.523574000000004 0 177648 0.15189999999999998 0.00006976744186043549
1645238991713 0 11.518174000000002 0 166856 0.14379999999999998 0.00006976744186043549
1645238995746 0 11.512663000000003 0 223685 0.1933 0.00006976744186043549
1645238999636 0 11.505474 0 206455 0.1778 0.00006976744186043549
1645239003784 0 11.499416000000004 0 121534 0.10400000000000001 0.00006976744186043549
1645239007281 0 11.98872 0 105092 0.0892 0.00006976744186043549
1645239011435 0 11.728055000000005 0 63086 0.0548 0.00006976744186043549
1645239015292 0 11.970284000000007 0 87739 0.0746 0.00006976744186043549
1645239019218 0 11.961978000000002 0 152905 0.13169999999999998 0.00006976744186043549
1645239023183 0 11.957191000000009 0 100587 0.0852 0.00006976744186043549
1645239027390 0 11.950921000000008 0 186001 0.16 0.00006976744186043549
1645239031221 0 11.94192600000001 0 201620 0.1729 0.00006976744186043549
1645239035698 0 11.675739000000007 0 218012 0.18660000000000002 0.00006976744186043549
1645239039360 0 11.90822 0 123058 0.10629999999999999 0.00006976744186043549
1645239043669 0 11.65082600000001 0 198856 0.1704 0.00006976744186043549
1645239047720 0 11.642138000000003 0 223061 0.1933 0.00006976744186043549
1645239051563 0 11.636198000000007 0 143385 0.12390000000000001 0.00006976744186043549
1645239055664 0 11.627116000000001 0 117021 0.0999 0.00006976744186043549
1645239059496 0 11.868886000000003 0 83595 0.0718 0.00006976744186043549
1645239063686 0 11.612958000000006 0 68011 0.0583 0.00006976744186043549
1645239067456 0 11.854346000000007 0 134264 0.1157 0.00006976744186043549
1645239071532 0 11.597131000000005 0 113722 0.0974 0.00006976744186043549
1645239075689 0 11.582993000000002 0 122694 0.10540000000000001 0.00006976744186043549
1645239079649 0 11.57489000000001 0 215146 0.1853 0.00006976744186043549
1645239083584 0 11.568416000000013 0 213339 0.1826 0.00006976744186043549
1645239087713 0 11.556658999999996 0 176949 0.15189999999999998 0.00006976744186043549
1645239091669 0 11.544429000000008 0 158356 0.1357 0.00006976744186043549
1645239095679 0 11.535905000000014 0 219852 0.19090000000000001 0.00006976744186043549
1645239099489 0 11.777063999999996 0 196864 0.1706 0.00006976744186043549
1645239103596 0 11.771636 0 116610 0.0997 0.00006976744186043549
1645239107624 0 11.512462999999997 0 107223 0.0921 0.00006976744186043549
1645239111780 0 11.504031999999995 0 64332 0.05500000000000001 0.00006976744186043549
1645239115135 0 11.997424999999993 0 88753 0.0756 0.00006976744186043549
1645239119559 0 11.739655999999997 0 153489 0.1319 0.00006976744186043549
1645239123546 0 11.73119299999999 0 101805 0.0879 0.00006976744186043549
1645239127262 0 11.970527000000004 0 186822 0.16140000000000002 0.00006976744186043549
1645239131578 0 11.710846000000004 0 200149 0.1721 0.00006976744186043549
1645239135531 0 11.699838999999997 0 215305 0.185 0.00006976744186043549
1645239139255 0 11.941690999999992 0 128759 0.1119 0.00006976744186043549
1645239143564 0 11.681272000000007 0 199367 0.1706 0.00006976744186043549
1645239147560 0 11.676242000000002 0 220759 0.18939999999999999 0.00006976744186043549
1645239151457 0 11.670305000000013 0 149511 0.1293 0.00006976744186043549
1645239155572 0 11.659203999999988 0 118879 0.1011 0.00006976744186043549
1645239159413 0 11.903312 0 85418 0.07339999999999999 0.00006976744186043549
1645239163604 0 11.646018999999995 0 68807 0.058699999999999995 0.00006976744186043549
1645239167340 0 11.889048000000003 0 132565 0.1133 0.00006976744186043549
1645239171450 0 11.879477000000009 0 117262 0.10129999999999999 0.00006976744186043549
1645239175557 0 11.62381400000001 0 116418 0.0999 0.00006976744186043549
1645239179582 0 11.612504999999999 0 223024 0.19190000000000002 0.00006976744186043549
1645239183548 0 11.603445999999991 0 214538 0.1852 0.00006976744186043549
1645239187683 0 11.593102000000016 0 178191 0.153 0.00006976744186043549
1645239191673 0 11.58281500000001 0 161454 0.1389 0.00006976744186043549
1645239195595 0 11.57677000000001 0 212225 0.1826 0.00006976744186043549
1645239199375 0 11.821226999999993 0 195858 0.1678 0.00006976744186043549
1645239203502 0 11.812402999999989 0 119665 0.1026 0.00006976744186043549
1645239207556 0 11.803813999999988 0 108667 0.09459999999999999 0.00006976744186043549
1645239211710 0 11.548580000000015 0 64782 0.054700000000000006 0.00006976744186043549
1645239215556 0 11.793002000000001 0 87523 0.0747 0.00006976744186043549
1645239219497 0 11.783997 0 155607 0.1333 0.00006976744186043549
1645239223464 0 11.776332000000025 0 100404 0.0867 0.00006976744186043549
1645239227665 0 11.515196000000003 0 183614 0.1584 0.00006976744186043549
1645239231478 0 11.758629999999982 0 197686 0.17070000000000002 0.00006976744186043549
1645239235462 0 11.743249999999989 0 217520 0.188 0.00006976744186043549
1645239239191 0 11.984041999999988 0 132353 0.1131 0.00006976744186043549
1645239243508 0 11.72561300000001 0 199853 0.1719 0.00006976744186043549
1645239247554 0 11.716826000000026 0 225614 0.1946 0.00006976744186043549
1645239251456 0 11.707670000000007 0 150477 0.13069999999999998 0.00006976744186043549
1645239255557 0 11.700499999999977 0 117995 0.0999 0.00006976744186043549
1645239259395 0 11.944486999999981 0 86503 0.0732 0.00006976744186043549
1645239263581 0 11.687470000000019 0 67335 0.057199999999999994 0.00006976744186043549
1645239267321 0 11.928335000000004 0 132169 0.11299999999999999 0.00006976744186043549
1645239271454 0 11.670296000000008 0 118800 0.1028 0.00006976744186043549
1645239275560 0 11.666207999999983 0 116618 0.1004 0.00006976744186043549

