1645249886048 1 3.999999 1023 346799 0.09230000000000001 -4.398899999999999
1645249888266 3 5.792229 0 755039 0.2001 0.000174418604651283
1645249890582 3 7.476516000000001 0 835161 0.22160000000000002 0.00043023255813956496
1645249893099 3 8.960664000000001 0 908792 0.2412 0.00043023255813956496
1645249895330 3 10.727621 0 804438 0.21269999999999997 0.00043023255813956496
1645249898133 3 11.992090999999999 0 828659 0.2197 0.00043023255813956496
1645249902227 3 11.985184999999998 0 937332 0.24769999999999998 0.00043023255813956496
1645249906391 3 11.727408 0 776416 0.2063 0.00043023255813956496
1645249910217 3 11.969931000000003 0 1025687 0.2727 0.00043023255813956496
1645249914488 3 11.697930000000003 0 815426 0.2165 0.00043023255813956496
1645249918436 3 11.693033 0 884625 0.23490000000000003 0.00043023255813956496
1645249922448 3 11.686652000000002 0 904952 0.2404 0.00043023255813956496
1645249926582 3 11.675018000000001 0 954418 0.25270000000000004 0.00043023255813956496
1645249930598 3 11.663892000000004 0 910446 0.2413 0.00043023255813956496
1645249934646 3 11.656334000000001 0 922454 0.2447 0.00043023255813956496
1645249938249 3 11.897862000000003 0 942842 0.2505 0.00043023255813956496
1645249942195 3 11.893483000000003 0 884128 0.2343 0.00043023255813956496
1645249946499 3 11.636485 0 828263 0.2203 0.00043023255813956496
1645249950205 3 11.873097999999999 0 981175 0.2604 0.00043023255813956496
1645249954297 3 11.860625999999996 0 939007 0.2494 0.00043023255813956496
1645249958631 3 11.605815000000007 0 841370 0.2234 0.00043023255813956496
1645249962248 3 11.843790999999996 0 947658 0.2517 0.00043023255813956496
1645249966562 3 11.588597000000007 0 828958 0.21989999999999998 0.00043023255813956496
1645249970254 3 11.828153 0 977791 0.2596 0.00043023255813956496
1645249974603 3 11.572148999999996 0 847215 0.2253 0.00043023255813956496
1645249978301 3 11.811903999999998 0 978032 0.2595 0.00043023255813956496
1645249984277 3 9.780950000000004 0 934237 0.5868 0.00043023255813956496
1645249986900 3 11.158027000000004 0 889600 0.242 0.00043023255813956496
1645249990647 3 11.542088000000007 0 988774 0.2629 0.00043023255813956496
1645249994399 3 11.786174000000003 0 808061 0.21459999999999999 0.00043023255813956496
1645249998640 3 11.52459900000001 0 995677 0.26389999999999997 0.00043023255813956496
1645250002699 3 11.511119000000008 0 924757 0.2453 0.00043023255813956496
1645250006445 3 11.748545000000007 0 808228 0.2149 0.00043023255813956496
1645250010241 3 11.994079 0 1014212 0.2692 0.00043023255813956496
1645250014079 3 11.984803 0 845218 0.22410000000000002 0.00043023255813956496
1645250018101 3 11.972491999999988 0 910767 0.2419 0.00043023255813956496
1645250022590 3 11.714211000000006 0 901777 0.23929999999999998 0.00043023255813956496
1645250026257 3 11.958093999999988 0 967347 0.2566 0.00043023255813956496
1645250030347 3 11.950085000000001 0 935273 0.2488 0.00043023255813956496
1645250034400 3 11.69380000000001 0 916928 0.2432 0.00043023255813956496
1645250038496 3 11.686879000000005 0 940743 0.24969999999999998 0.00043023255813956496
1645250042426 3 11.682977999999991 0 877888 0.2326 0.00043023255813956496
1645250046259 3 11.926620000000014 0 839766 0.2233 0.00043023255813956496
1645250050445 3 11.665985000000006 0 976062 0.2593 0.00043023255813956496
1645250054596 3 11.659909999999996 0 958353 0.2551 0.00043023255813956496
1645250058415 3 11.651516000000015 0 836268 0.2213 0.00043023255813956496
1645250062593 3 11.643227999999993 0 968967 0.25680000000000003 0.00043023255813956496
1645250066381 3 11.883075999999988 0 825839 0.2191 0.00043023255813956496
1645250070563 3 11.628059000000007 0 974212 0.2585 0.00043023255813956496
1645250074470 3 11.611141000000003 0 867483 0.2306 0.00043023255813956496
1645250078688 3 11.604398000000003 0 987232 0.2619 0.00043023255813956496
1645250082251 3 11.847991000000007 0 921956 0.2446 0.00043023255813956496
1645250088120 3 9.944130000000001 0 913803 0.5749 0.00043023255813956496
1645250090925 3 11.132705000000016 0 958215 0.26080000000000003 0.00043023255813956496
1645250094237 3 11.822732000000002 0 832934 0.2211 0.00043023255813956496
1645250098505 3 11.560269000000005 0 1005593 0.2671 0.00043023255813956496
1645250102584 3 11.550432999999998 0 935985 0.24769999999999998 0.00043023255813956496
1645250106321 3 11.793983999999995 0 802415 0.21339999999999998 0.00043023255813956496
1645250110567 3 11.533107999999999 0 999009 0.2649 0.00043023255813956496
1645250114478 3 11.776689000000005 0 869418 0.231 0.00043023255813956496
1645250118466 3 11.765714000000003 0 897686 0.2385 0.00043023255813956496
1645250122613 3 11.509667000000007 0 960141 0.2548 0.00043023255813956496
1645250126638 3 11.500428 0 914618 0.2428 0.00043023255813956496
1645250130254 3 11.99418399999999 0 949031 0.25139999999999996 0.00043023255813956496
1645250134293 3 11.98375999999999 0 919929 0.24420000000000003 0.00043023255813956496
1645250138360 3 11.724187999999998 0 930570 0.24700000000000003 0.00043023255813956496
1645250142227 3 11.968439999999987 0 894188 0.2763 0.00043023255813956496
1645250147782 3 10.275746000000026 0 835562 0.5452 0.00043023255813956496
1645250150649 3 11.411884999999984 0 986170 0.2673 0.00043023255813956496
1645250154291 3 11.948065999999983 0 955812 0.254 0.00043023255813956496
1645250158612 3 11.68470000000002 0 837688 0.22200000000000003 0.00043023255813956496
1645250162302 3 11.929569000000015 0 972932 0.25880000000000003 0.00043023255813956496
1645250166538 3 11.669533000000001 0 807690 0.2141 0.00043023255813956496
1645250170205 3 11.915034999999989 0 968173 0.25670000000000004 0.00043023255813956496
1645250174633 3 11.651268000000016 0 872734 0.23170000000000002 0.00043023255813956496
1645250178374 3 11.890341999999976 0 991679 0.2636 0.00043023255813956496
1645250182442 3 11.632461999999975 0 930061 0.24689999999999998 0.00043023255813956496
1645250186397 3 11.874950000000013 0 884740 0.23479999999999998 0.00043023255813956496
1645250190575 3 11.615799999999979 0 968599 0.2573 0.00043023255813956496
1645250194436 3 11.858727999999985 0 848189 0.225 0.00043023255813956496
1645250198686 3 11.598613999999998 0 989262 0.26230000000000003 0.00043023255813956496
1645250202264 3 11.835245999999984 0 929927 0.24620000000000003 0.00043023255813956496
1645250206610 3 11.576891999999987 0 845977 0.2238 0.00043023255813956496
1645250210403 3 11.821659000000011 0 1009703 0.2683 0.00043023255813956496
1645250214301 3 11.799597000000006 0 861836 0.229 0.00043023255813956496

