1645236853742 1 3.999999 1202 346799 0.1096 -5.1686
1645236856339 3 5.418673999999999 0 755039 0.23900000000000002 0.000174418604651283
1645236859072 3 6.684680000000001 0 835161 0.2629 0.00043023255813956496
1645236862051 3 7.705185 0 908792 0.2879 0.00043023255813956496
1645236864709 3 9.048601 0 804438 0.2551 0.00043023255813956496
1645236867440 3 10.316809999999998 0 828659 0.2625 0.00043023255813956496
1645236870524 3 11.234252999999999 0 937332 0.2974 0.00043023255813956496
1645236874102 3 11.659305 0 776416 0.2454 0.00043023255813956496
1645236877951 3 11.899900000000002 0 1025687 0.3241 0.00043023255813956496
1645236882141 3 11.641715000000001 0 815426 0.25870000000000004 0.00043023255813956496
1645236886053 3 11.880183000000002 0 884625 0.2805 0.00043023255813956496
1645236890037 3 11.871771000000003 0 904952 0.28700000000000003 0.00043023255813956496
1645236894169 3 11.615635000000005 0 954418 0.30179999999999996 0.00043023255813956496
1645236900287 3 9.490656000000001 0 910446 0.5980000000000001 0.00043023255813956496
1645236902524 2 11.236746000000004 0 592095 0.19190000000000002 0.00043023255813956496
1645236906052 2 11.847987000000003 0 588643 0.1862 0.00027906976744174194
1645236910105 2 11.839935000000004 0 604781 0.19490000000000002 0.00027906976744174194
1645236914338 2 11.581807000000005 0 504428 0.1636 0.00027906976744174194
1645236918412 2 11.567819 0 608117 0.19690000000000002 0.00027906976744174194
1645236921997 3 11.808693000000005 0 939007 0.2972 0.000279069767441964
1645236926282 3 11.553413000000006 0 841370 0.2663 0.00043023255813956496
1645236930399 3 11.531126999999998 0 947658 0.3001 0.00043023255813956496
1645236934209 3 11.768920000000008 0 828958 0.2618 0.00043023255813956496
1645236938419 3 11.514679999999998 0 977791 0.31 0.00043023255813956496
1645236942225 3 11.753377 0 847215 0.2692 0.00043023255813956496
1645236945937 3 11.990604000000005 0 978032 0.3101 0.00043023255813956496
1645236950005 3 11.984302 0 934237 0.29569999999999996 0.00043023255813956496
1645236953923 3 11.975272000000004 0 889600 0.2818 0.00043023255813956496
1645236960314 3 9.44516800000001 0 988774 0.6272 0.00043023255813956496
1645236963111 3 10.645875000000004 0 808061 0.2597 0.00043023255813956496
1645236966378 3 11.383387999999997 0 995677 0.3145 0.00043023255813956496
1645236969918 3 11.934767000000008 0 924757 0.2927 0.00043023255813956496
1645236974089 3 11.669568999999996 0 808228 0.2564 0.00043023255813956496
1645236977920 3 11.910559000000006 0 1014212 0.3215 0.00043023255813956496
1645236982205 3 11.653235999999993 0 845218 0.2671 0.00043023255813956496
1645236986204 3 11.644940999999989 0 910767 0.2889 0.00043023255813956496
1645236990169 3 11.634062999999998 0 901777 0.2842 0.00043023255813956496
1645236996168 3 9.58937800000001 0 967347 0.5891 0.00043023255813956496
1645236999379 3 10.384616999999992 0 935273 0.3006 0.00043023255813956496
1645237002400 3 11.356210000000004 0 916928 0.2911 0.00043023255813956496
1645237005985 3 11.837786999999992 0 940743 0.2981 0.00043023255813956496
1645237010372 3 11.574655000000007 0 877888 0.2778 0.00043023255813956496
1645237014136 3 11.819103000000013 0 839766 0.2662 0.00043023255813956496
1645237018334 3 11.559752000000003 0 976062 0.3096 0.00043023255813956496
1645237021966 3 11.804349000000002 0 958353 0.3034 0.00043023255813956496
1645237027643 3 10.122535 0 836268 0.5565 0.00043023255813956496
1645237030966 3 10.790492999999998 0 968967 0.311 0.00043023255813956496
1645237034191 3 11.748874999999998 0 825839 0.2606 0.00043023255813956496
1645237038391 3 11.509543000000008 0 974212 0.3085 0.00043023255813956496
1645237042246 3 11.753890000000013 0 867483 0.2746 0.00043023255813956496
1645237045986 3 11.990271000000007 0 987232 0.3126 0.00043023255813956496
1645237050004 3 11.986198000000002 0 921956 0.29159999999999997 0.00043023255813956496
1645237055719 3 10.039994000000007 0 913803 0.5601 0.00043023255813956496
1645237059021 3 10.742001000000016 0 958215 0.3069 0.00043023255813956496
1645237062315 3 11.725405999999992 0 832934 0.26389999999999997 0.00043023255813956496
1645237066100 3 11.971094999999991 0 1005593 0.31789999999999996 0.00043023255813956496
1645237070183 3 11.961610000000007 0 935985 0.29569999999999996 0.00043023255813956496
1645237074333 3 11.703941000000015 0 802415 0.2542 0.00043023255813956496
1645237078108 3 11.945233000000002 0 999009 0.3169 0.00043023255813956496
1645237081964 3 11.940211000000005 0 869418 0.2751 0.00043023255813956496
1645237088062 3 9.851585 0 897686 0.5978 0.00043023255813956496
1645237090242 2 11.666324000000003 0 593619 0.1926 0.00043023255813956496
1645237094309 2 11.669060000000002 0 613859 0.19419999999999998 0.00027906976744174194
1645237098381 2 11.662672000000015 0 608720 0.1967 0.00027906976744174194
1645237102465 2 11.655811 0 606705 0.1965 0.00027906976744174194
1645237106458 2 11.648745999999988 0 593343 0.1876 0.00027906976744174194
1645237110398 3 11.641107999999974 0 894188 0.2834 0.000279069767441964
1645237114151 3 11.87842599999999 0 835562 0.2651 0.00043023255813956496
1645237118384 3 11.619354999999985 0 986170 0.3129 0.00043023255813956496
1645237122513 3 11.605593999999996 0 955812 0.3027 0.00043023255813956496
1645237128396 3 9.509749999999997 0 837688 0.5782 0.00043023255813956496
1645237130679 2 11.226118999999983 0 642127 0.2077 0.00043023255813956496
1645237134471 2 11.545005000000003 0 530123 0.1676 0.00027906976744174194
1645237138150 2 11.78185400000001 0 646460 0.2071 0.00027906976744174194
1645237142482 2 11.513154999999983 0 544018 0.1724 0.00027906976744174194
1645237146617 2 11.502568999999994 0 639772 0.2032 0.00027906976744174194
1645237150167 3 11.947118999999986 0 930061 0.2949 0.000279069767441964
1645237154074 3 11.958566000000019 0 884740 0.2805 0.00043023255813956496
1645237158248 3 11.697059000000024 0 968599 0.30710000000000004 0.00043023255813956496
1645237162043 3 11.93825099999998 0 848189 0.2686 0.00043023255813956496
1645237166298 3 11.678251999999986 0 989262 0.3142 0.00043023255813956496
1645237170350 3 11.654020000000003 0 929927 0.2945 0.00043023255813956496
1645237174129 3 11.881034 0 845977 0.2684 0.00043023255813956496
1645237178442 3 11.608430999999996 0 1009703 0.3198 0.00043023255813956496
1645237182272 3 11.846565999999996 0 861836 0.27290000000000003 0.00043023255813956496

