1645251246860 1 3.999999 868 346799 0.075 -3.7323999999999997
1645251248752 1 6.116908 0 363755 0.0791 0.00017441860465117198
1645251249663 1 9.205713000000001 0 362842 0.0785 0.00017441860465117198
1645251251899 3 10.974374000000001 0 908792 0.1968 0.000174418604651283
1645251255290 3 11.718532 0 804438 0.17450000000000002 0.00043023255813956496
1645251259202 3 11.711747999999998 0 828659 0.1795 0.00043023255813956496
1645251263375 3 11.703335 0 937332 0.20459999999999998 0.00043023255813956496
1645251267198 3 11.678895999999998 0 776416 0.1684 0.00043023255813956496
1645251271049 3 11.921998000000002 0 1025687 0.2223 0.00043023255813956496
1645251274959 3 11.909900000000004 0 815426 0.17709999999999998 0.00043023255813956496
1645251279003 3 11.904329000000004 0 884625 0.1917 0.00043023255813956496
1645251283083 3 11.894992000000002 0 904952 0.19619999999999999 0.00043023255813956496
1645251287276 3 11.637630000000001 0 954418 0.2071 0.00043023255813956496
1645251291371 3 11.628036999999999 0 910446 0.1975 0.00043023255813956496
1645251295494 3 11.622049000000004 0 922454 0.2 0.00043023255813956496
1645251299157 3 11.839753000000002 0 942842 0.20470000000000002 0.00043023255813956496
1645251303229 3 11.829862000000006 0 884128 0.1921 0.00043023255813956496
1645251307155 3 11.749825000000001 0 828263 0.1794 0.00043023255813956496
1645251311408 3 11.561059 0 981175 0.21259999999999998 0.00043023255813956496
1645251315090 3 11.793849000000009 0 939007 0.2028 0.00043023255813956496
1645251319582 3 11.535492000000005 0 841370 0.1824 0.00043023255813956496
1645251323311 3 11.69529 0 947658 0.20539999999999997 0.00043023255813956496
1645251327242 3 11.687532000000004 0 828958 0.1796 0.00043023255813956496
1645251330995 3 11.930664000000007 0 977791 0.21230000000000002 0.00043023255813956496
1645251334957 3 11.926969 0 847215 0.1836 0.00043023255813956496
1645251339230 3 11.714066000000003 0 978032 0.21230000000000002 0.00043023255813956496
1645251343396 3 11.703772999999998 0 934237 0.20249999999999999 0.00043023255813956496
1645251346973 3 11.921092000000002 0 889600 0.1926 0.00043023255813956496
1645251351246 3 11.664727 0 988774 0.2138 0.00043023255813956496
1645251355119 3 11.907669999999996 0 808061 0.1749 0.00043023255813956496
1645251359391 3 11.653807 0 995677 0.2153 0.00043023255813956496
1645251363006 3 11.890439 0 924757 0.20049999999999998 0.00043023255813956496
1645251367378 3 11.632756999999998 0 808228 0.1752 0.00043023255813956496
1645251371193 3 11.871637000000007 0 1014212 0.2198 0.00043023255813956496
1645251375149 3 11.86423400000001 0 845218 0.18309999999999998 0.00043023255813956496
1645251379244 3 11.85429400000001 0 910767 0.1971 0.00043023255813956496
1645251383322 3 11.59645599999999 0 901777 0.1951 0.00043023255813956496
1645251387043 3 11.840521999999993 0 967347 0.20990000000000003 0.00043023255813956496
1645251391202 3 11.834812999999997 0 935273 0.20299999999999999 0.00043023255813956496
1645251395355 3 11.572448000000009 0 916928 0.1988 0.00043023255813956496
1645251399510 3 11.564839000000006 0 940743 0.2037 0.00043023255813956496
1645251403537 3 11.55272500000001 0 877888 0.1898 0.00043023255813956496
1645251407109 3 11.932485000000014 0 839766 0.1817 0.00043023255813956496
1645251411344 3 11.670996000000002 0 976062 0.2116 0.00043023255813956496
1645251415043 3 11.910745999999989 0 958353 0.20790000000000003 0.00043023255813956496
1645251418981 3 11.90317300000001 0 836268 0.18080000000000002 0.00043023255813956496
1645251423202 3 11.88427200000001 0 968967 0.21030000000000001 0.00043023255813956496
1645251427109 3 11.87105600000001 0 825839 0.1786 0.00043023255813956496
1645251431348 3 11.613518999999997 0 974212 0.21070000000000003 0.00043023255813956496
1645251435380 0 11.608034000000004 0 128759 0.028100000000000003 0.00043023255813956496
1645251439431 0 11.604093000000006 0 199367 0.0432 0.00006976744186043549
1645251443530 0 11.593376000000006 0 220759 0.0475 0.00006976744186043549
1645251447555 0 11.562017999999995 0 149511 0.040100000000000004 0.00006976744186043549
1645251451511 0 11.538162999999997 0 118879 0.0334 0.00006976744186043549
1645251455396 0 11.533332999999999 0 85418 0.0262 0.00006976744186043549
1645251459241 0 11.777783 0 68807 0.0223 0.00006976744186043549
1645251463267 0 11.772476000000012 0 132565 0.0378 0.00006976744186043549
1645251467233 0 11.765208000000001 0 117262 0.032600000000000004 0.00006976744186043549
1645251471197 0 11.757034000000004 0 116418 0.033100000000000004 0.00006976744186043549
1645251475390 0 11.502555000000001 0 223024 0.05639999999999999 0.00006976744186043549
1645251479054 0 11.99508800000001 0 214538 0.0536 0.00006976744186043549
1645251483141 0 11.73737700000001 0 178191 0.046400000000000004 0.00006976744186043549
1645251487189 0 11.724396000000013 0 161454 0.042499999999999996 0.00006976744186043549
1645251491355 0 11.718874 0 212225 0.0536 0.00006976744186043549
1645251494979 0 11.960193000000004 0 195858 0.0497 0.00006976744186043549
1645251498941 0 11.955124000000012 0 119665 0.0337 0.00006976744186043549
1645251503385 0 11.695817999999974 0 108667 0.0317 0.00006976744186043549
1645251507226 0 11.690680999999984 0 64782 0.0213 0.00006976744186043549
1645251511116 0 11.936257000000012 0 87523 0.0267 0.00006976744186043549
1645251515147 0 11.921141999999975 0 155607 0.0409 0.00006976744186043549
1645251519069 0 11.910100999999997 0 100404 0.0293 0.00006976744186043549
1645251523167 0 11.905484999999999 0 183614 0.0474 0.00006976744186043549
1645251527290 0 11.64530000000002 0 197686 0.0503 0.00006976744186043549
1645251531466 0 11.640046999999981 0 217520 0.055400000000000005 0.00006976744186043549
1645251535444 0 11.632812000000001 0 132353 0.036199999999999996 0.00006976744186043549
1645251539076 0 11.874293000000023 0 199853 0.0508 0.00006976744186043549
1645251543267 0 11.614822000000004 0 225614 0.05689999999999999 0.00006976744186043549
1645251547320 0 11.560341999999991 0 150477 0.040799999999999996 0.00006976744186043549
1645251551266 0 11.85169000000002 0 117995 0.033 0.00006976744186043549
1645251555149 0 11.83256799999998 0 86503 0.0267 0.00006976744186043549
1645251559497 0 11.576571999999999 0 67335 0.022 0.00006976744186043549
1645251563490 0 11.569170999999983 0 132169 0.0366 0.00006976744186043549
1645251567463 0 11.563125000000014 0 118800 0.033600000000000005 0.00006976744186043549
1645251571410 0 11.55643200000003 0 116618 0.0325 0.00006976744186043549

