1645235854011 1 3.999999 1127 346799 0.0998 -4.8461
1645235857294 1 4.766207 0 363755 0.1103 0.00017441860465117198
1645235858479 1 7.578410000000001 0 362842 0.10500000000000001 0.00017441860465117198
1645235859741 1 10.318799000000002 0 384791 0.11000000000000001 0.00017441860465117198
1645235862340 3 11.715416 0 804438 0.2325 0.000174418604651283
1645235866371 3 11.866746999999998 0 828659 0.2395 0.00043023255813956496
1645235870246 3 11.851123999999999 0 937332 0.2707 0.00043023255813956496
1645235874714 3 11.591476999999998 0 776416 0.2239 0.00043023255813956496
1645235878324 3 11.793510000000001 0 1025687 0.2968 0.00043023255813956496
1645235882320 3 11.787236000000004 0 815426 0.2359 0.00043023255813956496
1645235886553 3 11.528481 0 884625 0.2555 0.00043023255813956496
1645235890293 3 11.771467000000001 0 904952 0.26070000000000004 0.00043023255813956496
1645235896400 3 9.657794000000003 0 954418 0.5972000000000001 0.00043023255813956496
1645235899257 3 10.801646000000005 0 910446 0.2678 0.00043023255813956496
1645235902257 3 11.808086000000003 0 922454 0.2662 0.00043023255813956496
1645235906631 3 11.559425000000005 0 942842 0.27240000000000003 0.00043023255813956496
1645235910342 3 11.798983 0 884128 0.25579999999999997 0.00043023255813956496
1645235914442 3 11.790361000000004 0 828263 0.23929999999999998 0.00043023255813956496
1645235918419 3 11.776916999999997 0 981175 0.28359999999999996 0.00043023255813956496
1645235922748 3 11.522385999999997 0 939007 0.27090000000000003 0.00043023255813956496
1645235926297 3 11.760699000000002 0 841370 0.2433 0.00043023255813956496
1645235932157 3 9.900368 0 947658 0.5735 0.00043023255813956496
1645235934832 3 11.226759999999999 0 828958 0.244 0.00043023255813956496
1645235938302 3 11.986941999999999 0 977791 0.2823 0.00043023255813956496
1645235942376 3 11.720601000000002 0 847215 0.24409999999999998 0.00043023255813956496
1645235946308 3 11.961627000000007 0 978032 0.2826 0.00043023255813956496
1645235950153 3 11.943762000000007 0 934237 0.2705 0.00043023255813956496
1645235954346 3 11.932303000000005 0 889600 0.25670000000000004 0.00043023255813956496
1645235958325 3 11.918025999999998 0 988774 0.2861 0.00043023255813956496
1645235962277 3 11.911320000000003 0 808061 0.2339 0.00043023255813956496
1645235966273 3 11.900226000000004 0 995677 0.2874 0.00043023255813956496
1645235972327 3 9.729222000000007 0 924757 0.5932000000000001 0.00043023255813956496
1645235974986 3 11.090137999999996 0 808228 0.2383 0.00043023255813956496
1645235978079 3 11.977174000000005 0 1014212 0.2926 0.00043023255813956496
1645235982659 3 11.605061000000006 0 845218 0.24369999999999997 0.00043023255813956496
1645235986427 3 11.846624999999989 0 910767 0.26339999999999997 0.00043023255813956496
1645235990699 3 11.56117900000001 0 901777 0.2605 0.00043023255813956496
1645235994635 3 11.55243200000001 0 967347 0.279 0.00043023255813956496
1645235998485 3 11.797123 0 935273 0.2702 0.00043023255813956496
1645236002358 3 11.934387000000015 0 916928 0.2649 0.00043023255813956496
1645236008359 3 9.698273 0 940743 0.5826 0.00043023255813956496
1645236011176 3 10.879548 0 877888 0.25870000000000004 0.00043023255813956496
1645236014287 3 11.789625999999998 0 839766 0.2425 0.00043023255813956496
1645236018759 3 11.527050000000003 0 976062 0.2817 0.00043023255813956496
1645236022179 3 11.982011 0 958353 0.2767 0.00043023255813956496
1645236026213 3 11.974136000000016 0 836268 0.2415 0.00043023255813956496
1645236030136 3 11.96726000000001 0 968967 0.27999999999999997 0.00043023255813956496
1645236034169 3 11.955911000000015 0 825839 0.23820000000000002 0.00043023255813956496
1645236038169 3 11.936977000000013 0 974212 0.2812 0.00043023255813956496
1645236042325 0 11.932012000000014 0 128759 0.0378 0.00043023255813956496
1645236046540 0 11.674239999999998 0 199367 0.057699999999999994 0.00006976744186043549
1645236050311 0 11.915819999999997 0 220759 0.0634 0.00006976744186043549
1645236054372 0 11.90762699999999 0 149511 0.0431 0.00006976744186043549
1645236058383 0 11.898105000000015 0 118879 0.038900000000000004 0.00006976744186043549
1645236062292 0 11.89280500000001 0 85418 0.0295 0.00006976744186043549
1645236066175 0 11.885098 0 68807 0.0236 0.00006976744186043549
1645236070244 0 11.86740499999999 0 132565 0.0435 0.00006976744186043549
1645236074267 0 11.838971000000015 0 117262 0.0383 0.00006976744186043549
1645236078285 0 11.830075999999991 0 116418 0.038 0.00006976744186043549
1645236082613 0 11.56150199999999 0 223024 0.0692 0.00006976744186043549
1645236086442 0 11.803433000000012 0 214538 0.0683 0.00006976744186043549
1645236090667 0 11.548640000000006 0 178191 0.056299999999999996 0.00006976744186043549
1645236094319 0 11.787036 0 161454 0.051000000000000004 0.00006976744186043549
1645236098686 0 11.53190699999999 0 212225 0.0655 0.00006976744186043549
1645236102724 0 11.541854999999998 0 195858 0.0615 0.00006976744186043549
1645236106276 0 11.996816999999993 0 119665 0.0388 0.00006976744186043549
1645236110269 0 11.979034000000013 0 108667 0.0364 0.00006976744186043549
1645236114120 0 11.971513000000016 0 64782 0.0233 0.00006976744186043549
1645236118565 0 11.709879999999998 0 87523 0.030699999999999998 0.00006976744186043549
1645236122219 0 11.920992000000012 0 155607 0.0504 0.00006976744186043549
1645236126218 0 11.915104999999983 0 100404 0.0337 0.00006976744186043549
1645236130463 0 11.626239999999996 0 183614 0.056999999999999995 0.00006976744186043549
1645236134232 0 11.864321000000018 0 197686 0.0615 0.00006976744186043549
1645236138577 0 11.593448000000024 0 217520 0.0674 0.00006976744186043549
1645236142657 0 11.58981 0 132353 0.0419 0.00006976744186043549
1645236146545 0 11.731340999999986 0 199853 0.0624 0.00006976744186043549
1645236150390 0 11.69644599999998 0 225614 0.0691 0.00006976744186043549
1645236154520 0 11.689180000000022 0 150477 0.0489 0.00006976744186043549
1645236158595 0 11.685578000000021 0 117995 0.0382 0.00006976744186043549
1645236162523 0 11.665729999999996 0 86503 0.0299 0.00006976744186043549
1645236166409 0 11.651597999999979 0 67335 0.0243 0.00006976744186043549
1645236170459 0 11.641052000000002 0 132169 0.0428 0.00006976744186043549
1645236174487 0 11.62536 0 118800 0.039 0.00006976744186043549
1645236178503 0 11.61983600000002 0 116618 0.0379 0.00006976744186043549

