1645245664177 1 3.999999 888 346799 0.0769 -3.8183999999999996
1645245664850 0 7.338960999999999 0 213385 0.047299999999999995 0.00017441860465117198
1645245665253 0 10.935428000000002 0 141806 0.0314 0.00006976744186043549
1645245668600 0 11.635057 0 112578 0.0242 0.00006976744186043549
1645245672461 0 11.880476 0 80671 0.0262 0.00006976744186043549
1645245676798 0 11.624973999999998 0 68729 0.0237 0.00006976744186043549
1645245680782 0 11.618844 0 137895 0.0386 0.00006976744186043549
1645245684711 0 11.610195999999998 0 114138 0.0334 0.00006976744186043549
1645245688673 0 11.603908000000004 0 126013 0.0364 0.00006976744186043549
1645245692846 0 11.588028000000001 0 217236 0.05669999999999999 0.00006976744186043549
1645245696502 0 11.830330000000004 0 219398 0.056100000000000004 0.00006976744186043549
1645245700570 0 11.822977000000002 0 177648 0.0466 0.00006976744186043549
1645245704619 0 11.816127999999999 0 166856 0.045 0.00006976744186043549
1645245708785 0 11.553900000000006 0 223685 0.05689999999999999 0.00006976744186043549
1645245712414 0 11.799502000000004 0 206455 0.053000000000000005 0.00006976744186043549
1645245716855 0 11.539989000000006 0 121534 0.0346 0.00006976744186043549
1645245720766 0 11.528843000000002 0 105092 0.031 0.00006976744186043549
1645245724580 0 11.771746 0 63086 0.0214 0.00006976744186043549
1645245728451 0 11.767454 0 87739 0.027100000000000003 0.00006976744186043549
1645245732470 0 11.758774000000003 0 152905 0.0419 0.00006976744186043549
1645245736869 0 11.502795000000006 0 100587 0.029699999999999997 0.00006976744186043549
1645245740478 0 11.740223999999998 0 186001 0.051000000000000004 0.00006976744186043549
1645245744591 0 11.735805999999997 0 201620 0.0518 0.00006976744186043549
1645245748248 0 11.979776999999999 0 218012 0.0558 0.00006976744186043549
1645245752699 0 11.720645000000005 0 123058 0.034999999999999996 0.00006976744186043549
1645245756316 0 11.962214000000003 0 198856 0.051500000000000004 0.00006976744186043549
1645245760503 0 11.933065999999997 0 223061 0.05739999999999999 0.00006976744186043549
1645245764502 0 11.919204000000008 0 143385 0.039400000000000004 0.00006976744186043549
1645245768436 0 11.915568000000007 0 117021 0.0332 0.00006976744186043549
1645245772299 0 11.908042000000009 0 83595 0.0258 0.00006976744186043549
1645245776623 0 11.653140000000008 0 68011 0.0224 0.00006976744186043549
1645245780597 0 11.646487000000008 0 134264 0.0369 0.00006976744186043549
1645245784515 0 11.891211999999996 0 113722 0.0325 0.00006976744186043549
1645245788466 0 11.877572999999998 0 122694 0.0346 0.00006976744186043549
1645245792610 0 11.621318000000002 0 215146 0.054900000000000004 0.00006976744186043549
1645245796753 0 11.61327700000001 0 213339 0.054200000000000005 0.00006976744186043549
1645245800819 0 11.601231000000013 0 176949 0.047 0.00006976744186043549
1645245804347 0 11.842555000000004 0 158356 0.043 0.00006976744186043549
1645245808509 0 11.836135000000013 0 219852 0.05620000000000001 0.00006976744186043549
1645245812623 0 11.579712999999998 0 196864 0.0514 0.00006976744186043549
1645245816547 0 11.82694699999999 0 116610 0.0328 0.00006976744186043549
1645245820455 0 11.820803000000012 0 107223 0.0305 0.00006976744186043549
1645245824767 0 11.56346400000001 0 64332 0.0216 0.00006976744186043549
1645245828645 0 11.551028000000002 0 88753 0.028100000000000003 0.00006976744186043549
1645245832666 0 11.547224999999997 0 153489 0.0419 0.00006976744186043549
1645245836565 0 11.792372999999998 0 101805 0.029699999999999997 0.00006976744186043549
1645245840662 0 11.530901 0 186822 0.0496 0.00006976744186043549
1645245844777 0 11.527082000000007 0 200149 0.0514 0.00006976744186043549
1645245848425 0 11.772523000000007 0 215305 0.0553 0.00006976744186043549
1645245852882 0 11.51649599999999 0 128759 0.0359 0.00006976744186043549
1645245856500 0 11.757235000000009 0 199367 0.0518 0.00006976744186043549
1645245860664 0 11.744597999999996 0 220759 0.05639999999999999 0.00006976744186043549
1645245864665 0 11.737907000000007 0 149511 0.0405 0.00006976744186043549
1645245868602 0 11.730364000000009 0 118879 0.033800000000000004 0.00006976744186043549
1645245872473 0 11.726427999999999 0 85418 0.0268 0.00006976744186043549
1645245876304 0 11.970635000000016 0 68807 0.0233 0.00006976744186043549
1645245880271 0 11.964617000000004 0 132565 0.0368 0.00006976744186043549
1645245884704 0 11.708534000000014 0 117262 0.0335 0.00006976744186043549
1645245888630 0 11.698171000000002 0 116418 0.033 0.00006976744186043549
1645245892303 0 11.942071999999996 0 223024 0.0571 0.00006976744186043549
1645245896454 0 11.924966000000012 0 214538 0.05500000000000001 0.00006976744186043549
1645245900532 0 11.659386000000012 0 178191 0.047 0.00006976744186043549
1645245904563 0 11.634270000000015 0 161454 0.043 0.00006976744186043549
1645245908710 0 11.624628999999999 0 212225 0.054900000000000004 0.00006976744186043549
1645245912825 0 11.611927000000009 0 195858 0.0514 0.00006976744186043549
1645245916761 0 11.608236000000005 0 119665 0.0342 0.00006976744186043549
1645245920686 0 11.60109399999999 0 108667 0.0319 0.00006976744186043549
1645245924505 0 11.843244000000027 0 64782 0.0218 0.00006976744186043549
1645245928364 0 11.838526000000002 0 87523 0.0263 0.00006976744186043549
1645245932395 0 11.827337 0 155607 0.042499999999999996 0.00006976744186043549
1645245936799 0 11.57251500000001 0 100404 0.030199999999999998 0.00006976744186043549
1645245940378 0 11.812592999999993 0 183614 0.0484 0.00006976744186043549
1645245944495 0 11.807283999999981 0 197686 0.051500000000000004 0.00006976744186043549
1645245948659 0 11.551344000000029 0 217520 0.056499999999999995 0.00006976744186043549
1645245952620 0 11.795245000000023 0 132353 0.0365 0.00006976744186043549
1645245956739 0 11.54004500000002 0 199853 0.0517 0.00006976744186043549
1645245960416 0 11.779406999999992 0 225614 0.0581 0.00006976744186043549
1645245964425 0 11.775238000000002 0 150477 0.0412 0.00006976744186043549
1645245968862 0 11.512338999999997 0 117995 0.0335 0.00006976744186043549
1645245972725 0 11.500920000000008 0 86503 0.026500000000000003 0.00006976744186043549
1645245976545 0 11.746717999999987 0 67335 0.0217 0.00006976744186043549
1645245980528 0 11.742547000000002 0 132169 0.0365 0.00006976744186043549
1645245984479 0 11.730240999999978 0 118800 0.034 0.00006976744186043549
1645245988413 0 11.97688800000003 0 116618 0.033 0.00006976744186043549
1645245992585 0 11.716248000000007 0 222296 0.056799999999999996 0.00006976744186043549

