1645239297248 1 3.999999 1737 346799 0.1623 -7.469099999999999
1645239301017 3 4.474785 234 755039 0.35459999999999997 -1.0060255813953487
1645239305043 3 4.4465900000000005 0 835161 0.392 0.00043023255813956496
1645239309426 3 4.436049000000001 370 908792 0.4264 -1.5905697674418604
1645239313313 3 4.546113999999999 0 804438 0.37770000000000004 0.00043023255813956496
1645239317312 3 4.548017999999999 0 828659 0.3891 0.00043023255813956496
1645239321818 3 4.279540999999998 234 937332 0.43970000000000004 -1.0057697674418604
1645239325571 3 4.530121999999999 0 776416 0.364 0.00043023255813956496
1645239330489 3 4.482588000000003 878 1025687 0.48129999999999995 -3.77496976744186
1645239334424 3 4.545369000000001 0 815426 0.3826 0.00043023255813956496
1645239338676 3 4.345533000000003 54 884625 0.4149 -0.2317697674418604
1645239343029 3 4.3855470000000025 389 904952 0.42489999999999994 -1.6722697674418603
1645239349388 3 4.263671000000002 2241 954418 0.6245 -9.635869767441859
1645239351420 1 6.231109000000004 0 385670 0.183 0.00043023255813956496
1645239355861 3 5.791734000000005 0 922454 0.4332 0.000174418604651283
1645239360387 3 5.263798000000001 0 942842 0.4415 0.00043023255813956496
1645239364642 3 5.009745000000002 0 884128 0.4143 0.00043023255813956496
1645239368641 3 5.0085849999999965 0 828263 0.3891 0.00043023255813956496
1645239374929 3 4.368087000000003 1643 981175 0.6155999999999999 -7.06446976744186
1645239377097 1 6.199877999999998 0 392939 0.1874 0.00043023255813956496
1645239381151 3 6.140635000000003 0 841370 0.3944 0.000174418604651283
1645239385704 3 5.587493000000009 0 947658 0.4445 0.00043023255813956496
1645239389707 3 5.584399000000005 0 828958 0.389 0.00043023255813956496
1645239394404 3 4.888069999999999 0 977791 0.4586 0.00043023255813956496
1645239398474 3 4.817081000000002 0 847215 0.397 0.00043023255813956496
1645239403160 3 4.401275999999996 270 978032 0.4587 -1.1605697674418605
1645239407640 3 4.401262000000003 482 934237 0.43810000000000004 -2.0721697674418604
1645239413468 3 4.371081000000004 1799 889600 0.5717 -7.73526976744186
1645239415518 1 6.329440000000005 0 387965 0.1842 0.00043023255813956496
1645239419434 3 6.404789000000008 0 808061 0.3792 0.000174418604651283
1645239424213 3 5.632632000000001 0 995677 0.4669 0.00043023255813956496
1645239428665 3 5.173742000000004 0 924757 0.4333 0.00043023255813956496
1645239432558 3 5.281447 0 808228 0.3791 0.00043023255813956496
1645239437415 3 4.4243020000000115 0 1014212 0.4756 0.00043023255813956496
1645239441470 3 4.368730999999997 0 845218 0.3961 0.00043023255813956496
1645239445851 3 4.375686999999999 391 910767 0.42779999999999996 -1.6808697674418605
1645239450185 3 4.463176000000004 421 901777 0.4227 -1.8098697674418605
1645239454830 3 4.37367900000001 557 967347 0.45410000000000006 -2.39466976744186
1645239459336 3 4.418255000000016 553 935273 0.4394 -2.3774697674418603
1645239465282 3 4.4548910000000035 1979 916928 0.583 -8.50926976744186
1645239467251 1 6.48210499999999 0 374507 0.1769 0.00043023255813956496
1645239471486 3 6.248306000000014 0 877888 0.41100000000000003 0.000174418604651283
1645239475542 3 6.197220000000016 0 839766 0.39380000000000004 0.00043023255813956496
1645239480229 3 5.5061640000000125 0 976062 0.45730000000000004 0.00043023255813956496
1645239484834 3 4.899720000000002 0 958353 0.45010000000000006 0.00043023255813956496
1645239488866 3 4.866457999999994 0 836268 0.3928 0.00043023255813956496
1645239493518 3 4.36400900000001 148 968967 0.4542 -0.6359697674418605
1645239497500 3 4.381372999999996 0 825839 0.3876 0.00043023255813956496
1645239502183 3 4.494039000000015 796 974212 0.4575 -3.42236976744186
1645239506369 3 4.307896999999997 0 867483 0.40730000000000005 0.00043023255813956496
1645239511113 3 4.27272099999999 700 987232 0.4624 -3.00956976744186
1645239516985 3 4.45943299999999 2070 921956 0.5768 -8.90056976744186
1645239518924 1 6.518553999999995 0 365827 0.1731 0.00043023255813956496
1645239523531 3 5.91364999999999 0 958215 0.44889999999999997 0.000174418604651283
1645239527546 3 5.8987789999999904 0 832934 0.3912 0.00043023255813956496
1645239532363 3 5.080822000000012 0 1005593 0.47140000000000004 0.00043023255813956496
1645239536894 3 4.560485 0 935985 0.4413 0.00043023255813956496
1645239542702 3 4.480620000000016 1733 802415 0.5692 -7.451469767441859
1645239544796 1 6.380263000000014 0 399016 0.1883 0.00043023255813956496
1645239548991 3 6.185047999999995 0 869418 0.40730000000000005 0.000174418604651283
1645239553311 3 5.865871999999996 0 897686 0.42060000000000003 0.00043023255813956496
1645239557933 3 5.244070999999991 0 960141 0.45039999999999997 0.00043023255813956496
1645239562330 3 4.847594000000015 0 914618 0.429 0.00043023255813956496
1645239566881 3 4.398317999999989 102 949031 0.44530000000000003 -0.43816976744186054
1645239571308 3 4.491930999999994 521 919929 0.4321 -2.23986976744186
1645239575774 3 4.248221000000001 220 930570 0.43600000000000005 -0.9455697674418604
1645239580064 3 4.464203999999995 511 894188 0.41900000000000004 -2.1968697674418602
1645239584093 3 4.4659599999999955 30 835562 0.39180000000000004 -0.12856976744186044
1645239588826 3 4.485740000000021 754 986170 0.4627 -3.2417697674418604
1645239593420 3 4.476892000000021 581 955812 0.4486 -2.49786976744186
1645239597456 3 4.43749600000001 0 837688 0.3932 0.00043023255813956496
1645239602132 3 4.282125000000008 523 972932 0.4567 -2.2484697674418603
1645239606043 3 4.372481999999991 0 807690 0.3789 0.00043023255813956496
1645239611710 3 4.27513399999998 1572 968173 0.5564 -6.759169767441859
1645239616004 3 4.3358029999999985 352 872734 0.41079999999999994 -1.5131697674418603
1645239620765 3 4.4313849999999775 861 991679 0.46559999999999996 -3.70186976744186
1645239625240 3 4.282049000000029 326 930061 0.4361 -1.4013697674418604

