1645255558224 1 3.999999 6383 346799 0.6266 -27.4469
1645255562331 0 4.370915 466 213385 0.3869 -2.0036255813953487
1645255565026 0 5.672075 0 141806 0.2577 0.00006976744186043549
1645255567157 0 7.541538000000001 0 112578 0.20099999999999998 0.00006976744186043549
1645255568726 0 9.974690999999998 0 80671 0.1442 0.00006976744186043549
1645255571071 0 11.821010999999999 0 68729 0.12310000000000001 0.00006976744186043549
1645255575171 0 11.562797 0 137895 0.24889999999999998 0.00006976744186043549
1645255579362 0 11.555973999999999 0 114138 0.2071 0.00006976744186043549
1645255583241 0 11.550297000000004 0 126013 0.2278 0.00006976744186043549
1645255587319 0 11.380045000000003 0 217236 0.39590000000000003 0.00006976744186043549
1645255591403 0 11.295311000000005 0 219398 0.3961 0.00006976744186043549
1645255594702 0 11.998513000000003 0 177648 0.31779999999999997 0.00006976744186043549
1645255599320 0 11.522462000000004 0 166856 0.2998 0.00006976744186043549
1645255603489 0 11.209467000000004 0 223685 0.40490000000000004 0.00006976744186043549
1645255607331 0 11.366761000000004 0 206455 0.3715 0.00006976744186043549
1645255611143 0 11.741682000000004 0 121534 0.2189 0.00006976744186043549
1645255615149 0 11.731883000000003 0 105092 0.1889 0.00006976744186043549
1645255618861 0 11.974036000000005 0 63086 0.1109 0.00006976744186043549
1645255623029 0 11.718092999999996 0 87739 0.1558 0.00006976744186043549
1645255626903 0 11.961349999999996 0 152905 0.27599999999999997 0.00006976744186043549
1645255630810 0 11.952369000000004 0 100587 0.18 0.00006976744186043549
1645255634770 0 11.939671000000004 0 186001 0.3359 0.00006976744186043549
1645255639037 0 11.677069000000003 0 201620 0.36619999999999997 0.00006976744186043549
1645255643090 0 11.608795 0 218012 0.3931 0.00006976744186043549
1645255646959 0 11.907892000000004 0 123058 0.22480000000000003 0.00006976744186043549
1645255651186 0 11.644084000000007 0 198856 0.3598 0.00006976744186043549
1645255655366 0 11.33241600000001 0 223061 0.40499999999999997 0.00006976744186043549
1645255659091 0 11.624111 0 143385 0.26080000000000003 0.00006976744186043549
1645255663303 0 11.610664999999997 0 117021 0.21030000000000001 0.00006976744186043549
1645255666902 0 11.851891000000009 0 83595 0.1499 0.00006976744186043549
1645255671231 0 11.591864999999999 0 68011 0.12290000000000001 0.00006976744186043549
1645255675284 0 11.582785999999999 0 134264 0.24289999999999998 0.00006976744186043549
1645255678939 0 11.825666999999996 0 113722 0.20390000000000003 0.00006976744186043549
1645255683252 0 11.568283000000008 0 122694 0.219 0.00006976744186043549
1645255687251 0 11.447907000000015 0 215146 0.3899 0.00006976744186043549
1645255691248 0 11.451138000000014 0 213339 0.3875 0.00006976744186043549
1645255695071 0 11.794947000000008 0 176949 0.321 0.00006976744186043549
1645255699024 0 11.78496899999999 0 158356 0.2853 0.00006976744186043549
1645255703118 0 11.580546999999996 0 219852 0.3989 0.00006976744186043549
1645255706813 0 11.884907999999996 0 196864 0.35710000000000003 0.00006976744186043549
1645255711034 0 11.755605000000003 0 116610 0.20990000000000003 0.00006976744186043549
1645255715083 0 11.747860000000003 0 107223 0.1948 0.00006976744186043549
1645255718822 0 11.990084999999993 0 64332 0.11399999999999999 0.00006976744186043549
1645255723025 0 11.735411999999997 0 88753 0.159 0.00006976744186043549
1645255726926 0 11.97740300000001 0 153489 0.2794 0.00006976744186043549
1645255730862 0 11.962981000000013 0 101805 0.1829 0.00006976744186043549
1645255734818 0 11.955387000000002 0 186822 0.33599999999999997 0.00006976744186043549
1645255739027 0 11.695663999999994 0 200149 0.36 0.00006976744186043549
1645255743023 0 11.676387000000005 0 215305 0.3871 0.00006976744186043549
1645255746958 0 11.919162999999998 0 128759 0.23090000000000002 0.00006976744186043549
1645255751171 0 11.656397999999996 0 199367 0.3601 0.00006976744186043549
1645255755261 0 11.438328000000013 0 220759 0.399 0.00006976744186043549
1645255759081 0 11.641178999999994 0 149511 0.2699 0.00006976744186043549
1645255762852 0 11.881587999999994 0 118879 0.21589999999999998 0.00006976744186043549
1645255767029 0 11.866524999999996 0 85418 0.1558 0.00006976744186043549
1645255770873 0 11.859823000000006 0 68807 0.1232 0.00006976744186043549
1645255774880 0 11.854805999999996 0 132565 0.24 0.00006976744186043549
1645255779129 0 11.588781000000012 0 117262 0.2129 0.00006976744186043549
1645255783329 0 11.584156000000007 0 116418 0.21000000000000002 0.00006976744186043549
1645255787450 0 11.24877699999999 0 223024 0.40199999999999997 0.00006976744186043549
1645255791445 0 11.255168999999995 0 214538 0.387 0.00006976744186043549
1645255794797 0 11.900924000000003 0 178191 0.32389999999999997 0.00006976744186043549
1645255799335 0 11.544077000000016 0 161454 0.2909 0.00006976744186043549
1645255803292 0 11.407944000000015 0 212225 0.38380000000000003 0.00006976744186043549
1645255806952 0 11.747316000000012 0 195858 0.354 0.00006976744186043549
1645255811230 0 11.503799000000015 0 119665 0.2158 0.00006976744186043549
1645255814778 0 11.997365000000002 0 108667 0.1947 0.00006976744186043549
1645255819042 0 11.737593000000004 0 64782 0.11379999999999998 0.00006976744186043549
1645255822719 0 11.982394999999997 0 87523 0.15589999999999998 0.00006976744186043549
1645255827144 0 11.727395999999999 0 155607 0.2822 0.00006976744186043549
1645255831064 0 11.721747999999991 0 100404 0.1799 0.00006976744186043549
1645255834990 0 11.957753000000025 0 183614 0.3295 0.00006976744186043549
1645255839163 0 11.696855000000028 0 197686 0.35710000000000003 0.00006976744186043549
1645255843190 0 11.50883600000003 0 217520 0.393 0.00006976744186043549
1645255847181 0 11.675505999999984 0 132353 0.23690000000000003 0.00006976744186043549
1645255850899 0 11.799264999999991 0 199853 0.3599 0.00006976744186043549
1645255855069 0 11.629636000000005 0 225614 0.4048 0.00006976744186043549
1645255858922 0 11.892314999999996 0 150477 0.27280000000000004 0.00006976744186043549
1645255863161 0 11.632188999999983 0 117995 0.21309999999999998 0.00006976744186043549
1645255867320 0 11.62403599999999 0 86503 0.1548 0.00006976744186043549
1645255871133 0 11.614221999999984 0 67335 0.12 0.00006976744186043549
1645255875113 0 11.606133 0 132169 0.23700000000000002 0.00006976744186043549
1645255878859 0 11.84962999999999 0 118800 0.213 0.00006976744186043549

