1645244833379 1 3.999999 846 346799 0.072 -3.6378
1645244835268 1 6.103158 0 363755 0.0799 0.00017441860465117198
1645244836152 1 9.219486 0 362842 0.0752 0.00017441860465117198
1645244838286 3 11.085845 0 908792 0.1901 0.000174418604651283
1645244841605 3 11.983372999999998 0 804438 0.1684 0.00043023255813956496
1645244845487 3 11.976335999999998 0 828659 0.1769 0.00043023255813956496
1645244849600 3 11.967219999999998 0 937332 0.1981 0.00043023255813956496
1645244853836 3 11.704611 0 776416 0.1618 0.00043023255813956496
1645244857616 3 11.939638000000002 0 1025687 0.215 0.00043023255813956496
1645244861458 3 11.934394000000001 0 815426 0.17070000000000002 0.00043023255813956496
1645244865931 3 11.676009 0 884625 0.1853 0.00043023255813956496
1645244869954 3 11.633012 0 904952 0.18919999999999998 0.00043023255813956496
1645244873590 3 11.871944 0 954418 0.1993 0.00043023255813956496
1645244877623 3 11.866858 0 910446 0.19019999999999998 0.00043023255813956496
1645244881684 3 11.853145000000005 0 922454 0.1926 0.00043023255813956496
1645244885786 3 11.590315000000004 0 942842 0.1973 0.00043023255813956496
1645244889756 3 11.833994000000004 0 884128 0.1847 0.00043023255813956496
1645244893628 3 11.819703000000004 0 828263 0.1732 0.00043023255813956496
1645244897803 3 11.813907 0 981175 0.2052 0.00043023255813956496
1645244901886 3 11.532735000000002 0 939007 0.19619999999999999 0.00043023255813956496
1645244905769 3 11.771110000000007 0 841370 0.1756 0.00043023255813956496
1645244909870 3 11.508893999999998 0 947658 0.198 0.00043023255813956496
1645244913741 3 11.751908 0 828958 0.1738 0.00043023255813956496
1645244917444 3 11.989148999999998 0 977791 0.20390000000000003 0.00043023255813956496
1645244921852 3 11.733563000000004 0 847215 0.1766 0.00043023255813956496
1645244925515 3 11.975492000000003 0 978032 0.205 0.00043023255813956496
1645244929602 3 11.966234 0 934237 0.1957 0.00043023255813956496
1645244933579 3 11.956547 0 889600 0.18560000000000001 0.00043023255813956496
1645244937762 3 11.702122000000003 0 988774 0.20670000000000002 0.00043023255813956496
1645244941580 3 11.946465000000003 0 808061 0.16899999999999998 0.00043023255813956496
1645244945798 3 11.687410999999997 0 995677 0.20729999999999998 0.00043023255813956496
1645244949844 3 11.680795000000003 0 924757 0.1933 0.00043023255813956496
1645244953648 3 11.767964000000006 0 808228 0.1692 0.00043023255813956496
1645244957923 3 11.650675000000007 0 1014212 0.21200000000000002 0.00043023255813956496
1645244961814 3 11.639510999999999 0 845218 0.1766 0.00043023255813956496
1645244965842 3 11.62910500000001 0 910767 0.19039999999999999 0.00043023255813956496
1645244969875 3 11.61951400000001 0 901777 0.1881 0.00043023255813956496
1645244973584 3 11.859065000000015 0 967347 0.20190000000000002 0.00043023255813956496
1645244977717 3 11.851381000000003 0 935273 0.196 0.00043023255813956496
1645244981779 3 11.839362999999992 0 916928 0.1918 0.00043023255813956496
1645244985683 3 11.740531000000004 0 940743 0.1966 0.00043023255813956496
1645244989697 3 11.72413499999999 0 877888 0.1834 0.00043023255813956496
1645244993597 3 11.967984999999999 0 839766 0.1757 0.00043023255813956496
1645244997759 3 11.707433000000009 0 976062 0.2041 0.00043023255813956496
1645245001897 3 11.696323000000007 0 958353 0.20129999999999998 0.00043023255813956496
1645245005783 3 11.672806000000008 0 836268 0.1744 0.00043023255813956496
1645245009929 3 11.66216700000001 0 968967 0.2028 0.00043023255813956496
1645245013773 3 11.640000000000015 0 825839 0.172 0.00043023255813956496
1645245017929 3 11.631813999999991 0 974212 0.20329999999999998 0.00043023255813956496
1645245021995 0 11.57398599999999 0 128759 0.0267 0.00043023255813956496
1645245026027 0 11.568201000000016 0 199367 0.0409 0.00006976744186043549
1645245029621 0 11.789823000000013 0 220759 0.045700000000000005 0.00006976744186043549
1645245033611 0 11.782519000000008 0 149511 0.038 0.00006976744186043549
1645245038058 0 11.521115000000009 0 118879 0.032600000000000004 0.00006976744186043549
1645245041939 0 11.515816000000001 0 85418 0.0258 0.00006976744186043549
1645245045824 0 11.755099000000001 0 68807 0.0223 0.00006976744186043549
1645245049827 0 11.723320000000001 0 132565 0.0351 0.00006976744186043549
1645245053770 0 11.71332000000001 0 117262 0.032 0.00006976744186043549
1645245057710 0 11.707403999999997 0 116418 0.0325 0.00006976744186043549
1645245061892 0 11.700511000000006 0 223024 0.05500000000000001 0.00006976744186043549
1645245065545 0 11.940129000000013 0 214538 0.053200000000000004 0.00006976744186043549
1645245069618 0 11.927809999999994 0 178191 0.0448 0.00006976744186043549
1645245073663 0 11.920353000000006 0 161454 0.0419 0.00006976744186043549
1645245077806 0 11.658902000000012 0 212225 0.0526 0.00006976744186043549
1645245081911 0 11.651634999999999 0 195858 0.0484 0.00006976744186043549
1645245085855 0 11.64434 0 119665 0.032600000000000004 0.00006976744186043549
1645245089788 0 11.639544999999998 0 108667 0.031 0.00006976744186043549
1645245093627 0 11.882475999999997 0 64782 0.0219 0.00006976744186043549
1645245097506 0 11.876318000000026 0 87523 0.0262 0.00006976744186043549
1645245101538 0 11.868108000000007 0 155607 0.040600000000000004 0.00006976744186043549
1645245105943 0 11.610250000000008 0 100404 0.0288 0.00006976744186043549
1645245109520 0 11.853768000000002 0 183614 0.046 0.00006976744186043549
1645245113632 0 11.84949499999999 0 197686 0.0496 0.00006976744186043549
1645245117775 0 11.845537999999976 0 217520 0.053000000000000005 0.00006976744186043549
1645245121747 0 11.81509699999998 0 132353 0.0359 0.00006976744186043549
1645245125877 0 11.559015999999986 0 199853 0.0498 0.00006976744186043549
1645245130050 0 11.548185999999987 0 225614 0.055200000000000006 0.00006976744186043549
1645245134087 0 11.428740000000005 0 150477 0.039400000000000004 0.00006976744186043549
1645245137536 0 11.99272000000002 0 117995 0.0322 0.00006976744186043549
1645245141409 0 11.984094000000027 0 86503 0.0263 0.00006976744186043549
1645245145747 0 11.729120000000023 0 67335 0.0219 0.00006976744186043549
1645245149735 0 11.724296999999979 0 132169 0.0353 0.00006976744186043549
1645245153710 0 11.715996000000018 0 118800 0.0334 0.00006976744186043549
1645245157657 0 11.95475700000003 0 116618 0.0324 0.00006976744186043549

