1645231572410 1 3.999999 1602 346799 0.1431 -6.888599999999999
1645231574027 1 6.3931819999999995 0 363755 0.1488 0.00017441860465117198
1645231575617 1 8.806943 0 362842 0.1488 0.00017441860465117198
1645231577306 1 11.114496 0 384791 0.158 0.00017441860465117198
1645231580804 1 11.814345 0 339137 0.1393 0.00017441860465117198
1645231585025 1 11.729951999999999 0 393219 0.1613 0.00017441860465117198
1645231588795 1 11.97477 0 406206 0.16670000000000001 0.00017441860465117198
1645231592649 1 11.970756999999999 0 303135 0.1247 0.00017441860465117198
1645231596965 1 11.693240000000003 0 414092 0.1709 0.00017441860465117198
1645231600963 1 11.681396000000003 0 337705 0.13899999999999998 0.00017441860465117198
1645231605084 1 11.674990000000001 0 366374 0.1513 0.00017441860465117198
1645231609157 1 11.649556000000004 0 352030 0.14550000000000002 0.00017441860465117198
1645231612787 1 11.888578000000003 0 371605 0.1527 0.00017441860465117198
1645231616996 1 11.617476000000003 0 385670 0.159 0.00017441860465117198
1645231621140 1 11.578458000000005 0 374050 0.1535 0.00017441860465117198
1645231625262 1 11.552122000000004 0 367058 0.1502 0.00017441860465117198
1645231628929 1 11.786297000000005 0 377983 0.1567 0.00017441860465117198
1645231632883 1 11.763869 0 326924 0.1346 0.00017441860465117198
1645231637085 1 11.742187000000001 0 388939 0.16 0.00017441860465117198
1645231640810 1 11.970846000000009 0 392939 0.1621 0.00017441860465117198
1645231644898 1 11.950772999999998 0 362131 0.1484 0.00017441860465117198
1645231649152 1 11.66629900000001 0 402712 0.1655 0.00017441860465117198
1645231653116 1 11.647959 0 327400 0.1343 0.00017441860465117198
1645231656863 1 11.88047300000001 0 401133 0.1648 0.00017441860465117198
1645231660771 1 11.868333000000007 0 317452 0.1303 0.00017441860465117198
1645231664985 1 11.853773000000004 0 391753 0.16140000000000002 0.00017441860465117198
1645231669182 1 11.581969999999998 0 384934 0.1582 0.00017441860465117198
1645231672799 1 11.81532 0 367179 0.1516 0.00017441860465117198
1645231677018 1 11.798490000000001 0 387965 0.1597 0.00017441860465117198
1645231680997 1 11.783990000000003 0 333821 0.1377 0.00017441860465117198
1645231685226 1 11.523166000000003 0 394452 0.1622 0.00017441860465117198
1645231689014 1 11.760457000000002 0 409513 0.1686 0.00017441860465117198
1645231692883 1 11.747327999999996 0 307174 0.12689999999999999 0.00017441860465117198
1645231696718 1 11.99186300000001 0 420407 0.17350000000000002 0.00017441860465117198
1645231700719 1 11.98398499999999 0 340231 0.1401 0.00017441860465117198
1645231704861 1 11.97769199999999 0 374730 0.15389999999999998 0.00017441860465117198
1645231708912 1 11.718941000000001 0 353022 0.1457 0.00017441860465117198
1645231713126 1 11.709590999999989 0 393253 0.1615 0.00017441860465117198
1645231716744 1 11.947945000000004 0 368813 0.1516 0.00017441860465117198
1645231720879 1 11.793509 0 372578 0.1532 0.00017441860465117198
1645231725021 1 11.674334000000016 0 374507 0.1543 0.00017441860465117198
1645231729149 1 11.666628000000003 0 372824 0.153 0.00017441860465117198
1645231733090 1 11.657683999999989 0 326437 0.1341 0.00017441860465117198
1645231736762 1 11.899459000000007 0 383127 0.1572 0.00017441860465117198
1645231741013 1 11.637146000000001 0 400632 0.1649 0.00017441860465117198
1645231745023 1 11.62881999999999 0 342596 0.1412 0.00017441860465117198
1645231748817 1 11.870934000000005 0 407655 0.1681 0.00017441860465117198
1645231752808 1 11.863430999999991 0 337450 0.1394 0.00017441860465117198
1645231757075 1 11.604387000000003 0 404220 0.1663 0.00017441860465117198
1645231761038 1 11.598545999999999 0 331794 0.1365 0.00017441860465117198
1645231765249 1 11.590820000000008 0 390086 0.1609 0.00017441860465117198
1645231768940 1 11.83246600000001 0 387516 0.15960000000000002 0.00017441860465117198
1645231773038 1 11.81761499999999 0 365827 0.1498 0.00017441860465117198
1645231777254 1 11.559866999999997 0 392579 0.1615 0.00017441860465117198
1645231781242 1 11.554236000000003 0 337939 0.1391 0.00017441860465117198
1645231785017 1 11.799216999999999 0 406896 0.1674 0.00017441860465117198
1645231789221 1 11.540589000000011 0 390582 0.16060000000000002 0.00017441860465117198
1645231793175 1 11.531608000000006 0 328479 0.13540000000000002 0.00017441860465117198
1645231796919 1 11.776295000000005 0 399016 0.16399999999999998 0.00017441860465117198
1645231801044 1 11.771836000000008 0 370990 0.1523 0.00017441860465117198
1645231805174 1 11.515117000000004 0 371149 0.15309999999999999 0.00017441860465117198
1645231809304 1 11.505008000000004 0 372261 0.153 0.00017441860465117198
1645231813025 1 11.750534000000016 0 394237 0.1619 0.00017441860465117198
1645231816645 1 11.990335000000016 0 368311 0.1518 0.00017441860465117198
1645231820817 1 11.983774000000011 0 381418 0.1567 0.00017441860465117198
1645231824934 1 11.726290000000006 0 368451 0.1514 0.00017441860465117198
1645231829064 1 11.720586000000026 0 371908 0.153 0.00017441860465117198
1645231833017 1 11.712020999999993 0 328352 0.1353 0.00017441860465117198
1645231836673 1 11.953572000000008 0 379027 0.1557 0.00017441860465117198
1645231840949 1 11.696533999999986 0 407465 0.1675 0.00017441860465117198
1645231844921 1 11.94004799999999 0 333046 0.1368 0.00017441860465117198
1645231848758 1 11.927659000000006 0 416856 0.1721 0.00017441860465117198
1645231852751 1 11.919536999999991 0 335171 0.1386 0.00017441860465117198
1645231857010 1 11.657008000000019 0 401613 0.16519999999999999 0.00017441860465117198
1645231861001 1 11.652894000000003 0 337330 0.13899999999999998 0.00017441860465117198
1645231865213 1 11.644366999999988 0 391244 0.1612 0.00017441860465117198
1645231868912 1 11.888909000000012 0 387864 0.16 0.00017441860465117198
1645231873011 1 11.63217000000003 0 363813 0.15009999999999998 0.00017441860465117198
1645231877223 1 11.624563000000023 0 391839 0.1611 0.00017441860465117198
1645231881208 1 11.620225000000005 0 336898 0.1385 0.00017441860465117198
1645231884885 1 11.865713000000028 0 381135 0.1575 0.00017441860465117198
1645231889126 1 11.609545000000026 0 386654 0.1593 0.00017441860465117198
1645231893156 1 11.599852999999996 0 347396 0.1432 0.00017441860465117198
1645231896881 1 11.824041000000022 0 392538 0.1618 0.00017441860465117198

