1645230492362 1 3.999999 2064 346799 0.1965 -8.8752
1645230494493 0 5.8820820000000005 0 213385 0.12050000000000001 0.00017441860465117198
1645230495417 0 8.959403000000002 0 141806 0.08020000000000001 0.00006976744186043549
1645230497708 1 10.667765000000001 0 384791 0.2171 0.000069767441860491
1645230500761 1 11.748759 0 339137 0.1925 0.00017441860465117198
1645230504597 1 11.983115999999999 0 393219 0.2219 0.00017441860465117198
1645230508610 1 11.909847 0 406206 0.2292 0.00017441860465117198
1645230512971 1 11.651314 0 303135 0.17070000000000002 0.00017441860465117198
1645230516956 1 11.584114000000003 0 414092 0.233 0.00017441860465117198
1645230521011 1 11.565868000000002 0 337705 0.1906 0.00017441860465117198
1645230524723 1 11.786784000000004 0 366374 0.20800000000000002 0.00017441860465117198
1645230528842 1 11.778390000000002 0 352030 0.199 0.00017441860465117198
1645230532610 1 11.962905 0 371605 0.20990000000000003 0.00017441860465117198
1645230536923 1 11.700032 0 385670 0.2177 0.00017441860465117198
1645230540666 1 11.905806000000005 0 374050 0.21070000000000003 0.00017441860465117198
1645230544869 1 11.629773 0 367058 0.2077 0.00017441860465117198
1645230548663 1 11.852225000000004 0 377983 0.2133 0.00017441860465117198
1645230552651 1 11.836418000000002 0 326924 0.1839 0.00017441860465117198
1645230556975 1 11.573301999999998 0 388939 0.21939999999999998 0.00017441860465117198
1645230560825 1 11.566523000000004 0 392939 0.2226 0.00017441860465117198
1645230565000 1 11.557927000000007 0 362131 0.20470000000000002 0.00017441860465117198
1645230568918 1 11.547218 0 402712 0.22690000000000002 0.00017441860465117198
1645230572893 1 11.534232000000003 0 327400 0.185 0.00017441860465117198
1645230576791 1 11.771856 0 401133 0.22679999999999997 0.00017441860465117198
1645230580719 1 11.762324000000007 0 317452 0.1792 0.00017441860465117198
1645230585055 1 11.499769 0 391753 0.2212 0.00017441860465117198
1645230588862 1 11.738827999999998 0 384934 0.21789999999999998 0.00017441860465117198
1645230592559 1 11.969220000000007 0 367179 0.20729999999999998 0.00017441860465117198
1645230596875 1 11.710904 0 387965 0.21949999999999997 0.00017441860465117198
1645230600891 1 11.702606000000003 0 333821 0.18839999999999998 0.00017441860465117198
1645230604741 1 11.692480000000003 0 394452 0.22290000000000001 0.00017441860465117198
1645230608690 1 11.933181000000005 0 409513 0.23090000000000002 0.00017441860465117198
1645230612550 1 11.89498900000001 0 307174 0.1733 0.00017441860465117198
1645230616543 1 11.886103000000006 0 420407 0.23650000000000002 0.00017441860465117198
1645230620598 1 11.879464000000013 0 340231 0.1931 0.00017441860465117198
1645230624836 1 11.620237000000003 0 374730 0.21200000000000002 0.00017441860465117198
1645230628957 1 11.614909000000011 0 353022 0.1988 0.00017441860465117198
1645230632806 1 11.601531999999992 0 393253 0.22200000000000003 0.00017441860465117198
1645230637014 1 11.590614000000016 0 368813 0.2083 0.00017441860465117198
1645230640750 1 11.820434000000006 0 372578 0.211 0.00017441860465117198
1645230644991 1 11.565778999999992 0 374507 0.2117 0.00017441860465117198
1645230648735 1 11.806815999999998 0 372824 0.211 0.00017441860465117198
1645230652715 1 11.798169000000001 0 326437 0.1845 0.00017441860465117198
1645230656991 1 11.537892 0 383127 0.21589999999999998 0.00017441860465117198
1645230660887 1 11.531621999999999 0 400632 0.2264 0.00017441860465117198
1645230664936 1 11.52274700000001 0 342596 0.19290000000000002 0.00017441860465117198
1645230668864 1 11.517316999999991 0 407655 0.2305 0.00017441860465117198
1645230672899 1 11.50513699999999 0 337450 0.1913 0.00017441860465117198
1645230676856 1 11.750314000000003 0 404220 0.2286 0.00017441860465117198
1645230680768 0 11.674436000000014 0 128759 0.0727 0.00017441860465117198
1645230684515 0 11.919337000000013 0 199367 0.1116 0.00006976744186043549
1645230688893 0 11.659987999999998 0 220759 0.12450000000000001 0.00006976744186043549
1645230692861 0 11.653582 0 149511 0.0838 0.00006976744186043549
1645230696653 0 11.895782999999994 0 118879 0.06760000000000001 0.00006976744186043549
1645230700784 0 11.637833999999998 0 85418 0.0486 0.00006976744186043549
1645230704817 0 11.629942 0 68807 0.0379 0.00006976744186043549
1645230708721 0 11.873479000000003 0 132565 0.0761 0.00006976744186043549
1645230712521 0 11.86203599999999 0 117262 0.0671 0.00006976744186043549
1645230716801 0 11.604185999999999 0 116418 0.06420000000000001 0.00006976744186043549
1645230720697 0 11.84517600000001 0 223024 0.12589999999999998 0.00006976744186043549
1645230725026 0 11.589963000000012 0 214538 0.1212 0.00006976744186043549
1645230728647 0 11.819947000000013 0 178191 0.1008 0.00006976744186043549
1645230732682 0 11.812092000000007 0 161454 0.0913 0.00006976744186043549
1645230737004 0 11.551050000000004 0 212225 0.12050000000000001 0.00006976744186043549
1645230740730 0 11.791313000000002 0 195858 0.1101 0.00006976744186043549
1645230745032 0 11.534127000000012 0 119665 0.0675 0.00006976744186043549
1645230748766 0 11.779609999999991 0 108667 0.061399999999999996 0.00006976744186043549
1645230752750 0 11.77372600000001 0 64782 0.0358 0.00006976744186043549
1645230756861 0 11.514880000000005 0 87523 0.0497 0.00006976744186043549
1645230760862 0 11.76070199999998 0 155607 0.0879 0.00006976744186043549
1645230764560 0 11.967748000000029 0 100404 0.05639999999999999 0.00006976744186043549
1645230768711 0 11.71106100000003 0 183614 0.10329999999999999 0.00006976744186043549
1645230772441 0 11.951317000000017 0 197686 0.1116 0.00006976744186043549
1645230776782 0 11.692301999999984 0 217520 0.12310000000000001 0.00006976744186043549
1645230780645 0 11.933973999999978 0 132353 0.0745 0.00006976744186043549
1645230784908 0 11.673203999999998 0 199853 0.11410000000000001 0.00006976744186043549
1645230788801 0 11.666136999999992 0 225614 0.1274 0.00006976744186043549
1645230792784 0 11.65443700000003 0 150477 0.0853 0.00006976744186043549
1645230796562 0 11.89549599999998 0 117995 0.0664 0.00006976744186043549
1645230800662 0 11.889381000000014 0 86503 0.0489 0.00006976744186043549
1645230804667 0 11.882534000000021 0 67335 0.0375 0.00006976744186043549
1645230808553 0 11.877153000000021 0 132169 0.0752 0.00006976744186043549
1645230812860 0 11.620204999999999 0 118800 0.068 0.00006976744186043549
1645230816638 0 11.856338999999991 0 116618 0.0665 0.00006976744186043549

