1645243549263 1 3.999999 920 346799 0.0814 -3.956
1645243552573 4 4.745793 0 1312552 0.3085 0.000174418604651283
1645243555931 4 5.394356000000001 0 1383123 0.325 0.000662790697674609
1645243559450 4 5.870691000000001 0 1451767 0.34140000000000004 0.000662790697674609
1645243562632 4 6.686876999999999 0 1308083 0.3075 0.000662790697674609
1645243565788 4 7.531860999999999 0 1299338 0.305 0.000662790697674609
1645243569317 4 8.003346999999998 0 1453833 0.33999999999999997 0.000662790697674609
1645243572454 4 8.876473 0 1280990 0.30019999999999997 0.000662790697674609
1645243576365 4 8.955789000000003 0 1612910 0.3802 0.000662790697674609
1645243579326 4 9.995569000000003 0 1213987 0.28559999999999997 0.000662790697674609
1645243582671 4 10.648324000000002 0 1380918 0.3244 0.000662790697674609
1645243585906 4 11.41292 0 1334467 0.3134 0.000662790697674609
1645243589452 4 11.866040000000005 0 1463126 0.3443 0.000662790697674609
1645243593903 4 11.583975000000002 0 1421742 0.33399999999999996 0.000662790697674609
1645243597398 4 11.927797000000005 0 1436771 0.33799999999999997 0.000662790697674609
1645243601851 4 11.569041000000006 0 1425347 0.335 0.000662790697674609
1645243605669 4 11.811604000000003 0 1366001 0.32080000000000003 0.000662790697674609
1645243609789 4 11.538672000000005 0 1281785 0.3019 0.000662790697674609
1645243613445 4 11.874402000000003 0 1514044 0.3558 0.000662790697674609
1645243617918 4 11.519818999999998 0 1432783 0.3367 0.000662790697674609
1645243621815 4 11.514578 0 1401397 0.3291 0.000662790697674609
1645243625357 4 11.960693000000006 0 1450362 0.34140000000000004 0.000662790697674609
1645243629934 4 11.49904500000001 0 1266375 0.29769999999999996 0.000662790697674609
1645243633553 4 11.766233999999997 0 1497932 0.3519 0.000662790697674609
1645243637736 4 11.736846 0 1308773 0.3077 0.000662790697674609
1645243641402 4 11.916230999999996 0 1516715 0.3565 0.000662790697674609
1645243645813 4 11.721293000000003 0 1407805 0.3308 0.000662790697674609
1645243649695 4 11.716251 0 1394624 0.3276 0.000662790697674609
1645243653337 4 11.983378000000002 0 1502056 0.3532 0.000662790697674609
1645243657448 4 11.952188000000007 0 1276395 0.3001 0.000662790697674609
1645243661538 4 11.946408000000005 0 1480768 0.3483 0.000662790697674609
1645243665609 4 11.933622 0 1473992 0.3466 0.000662790697674609
1645243672365 4 8.954143000000002 0 1306146 0.6658999999999999 0.000662790697674609
1645243675099 3 10.219861000000009 0 1014212 0.24500000000000002 0.0006627906976743869
1645243677686 3 11.657226000000009 0 845218 0.1983 0.00043023255813956496
1645243681428 3 11.901764000000014 0 910767 0.2145 0.00043023255813956496
1645243685643 3 11.888668999999993 0 901777 0.2117 0.00043023255813956496
1645243689518 3 11.882183999999995 0 967347 0.22749999999999998 0.00043023255813956496
1645243693488 4 11.874831999999998 0 1430482 0.3368 0.00043023255813956496
1645243697476 4 11.867176999999998 0 1439994 0.33799999999999997 0.000662790697674609
1645243701876 4 11.604469999999992 0 1405476 0.3303 0.000662790697674609
1645243708686 4 8.63498100000001 0 1382866 0.6712 0.000662790697674609
1645243710924 3 10.400035000000003 0 839766 0.2041 0.0006627906976743869
1645243713816 3 11.574757000000005 0 976062 0.229 0.00043023255813956496
1645243717675 3 11.820706999999999 0 958353 0.2257 0.00043023255813956496
1645243721743 3 11.815190000000001 0 836268 0.1966 0.00043023255813956496
1645243725621 3 11.803807000000006 0 968967 0.22799999999999998 0.00043023255813956496
1645243729697 4 11.79828599999999 0 1265878 0.29769999999999996 0.00043023255813956496
1645243733768 4 11.790584999999993 0 1474721 0.3468 0.000662790697674609
1645243737562 4 11.783490999999998 0 1357016 0.31920000000000004 0.000662790697674609
1645243741723 4 11.772849000000008 0 1508969 0.3554 0.000662790697674609
1645243745663 4 11.768187000000012 0 1420161 0.3342 0.000662790697674609
1645243750048 4 11.509095000000002 0 1394798 0.3277 0.000662790697674609
1645243753679 4 11.639831000000015 0 1499654 0.35259999999999997 0.000662790697674609
1645243757397 4 11.99032299999999 0 1323592 0.3116 0.000662790697674609
1645243761474 4 11.980511000000007 0 1477260 0.3471 0.000662790697674609
1645243765546 4 11.975941000000006 0 1474833 0.3469 0.000662790697674609
1645243769706 4 11.721354999999988 0 1299401 0.3053 0.000662790697674609
1645243773637 4 11.712119999999999 0 1595638 0.37570000000000003 0.000662790697674609
1645243777775 4 11.706164999999999 0 1282380 0.3012 0.000662790697674609
1645243781681 4 11.701311000000004 0 1402228 0.32999999999999996 0.000662790697674609
1645243785586 4 11.939119000000005 0 1404885 0.32999999999999996 0.000662790697674609
1645243789602 4 11.934135999999995 0 1453425 0.3417 0.000662790697674609
1645243793624 4 11.921887999999996 0 1453998 0.34199999999999997 0.000662790697674609
1645243797569 4 11.908267999999993 0 1424197 0.3351 0.000662790697674609
1645243801496 4 11.902029999999996 0 1409895 0.33130000000000004 0.000662790697674609
1645243805863 4 11.643828999999982 0 1381516 0.3245 0.000662790697674609
1645243809528 4 11.889269000000013 0 1298461 0.3052 0.000662790697674609
1645243813728 4 11.628642000000013 0 1530017 0.35960000000000003 0.000662790697674609
1645243817744 4 11.620429999999999 0 1437352 0.3386 0.000662790697674609
1645243821511 4 11.859555999999998 0 1344879 0.3161 0.000662790697674609
1645243825613 4 11.849086 0 1490910 0.3503 0.000662790697674609
1645243829681 4 11.840603999999985 0 1264017 0.2972 0.000662790697674609
1645243833721 4 11.759532999999976 0 1458446 0.343 0.000662790697674609
1645243837532 4 11.814844999999991 0 1366050 0.321 0.000662790697674609
1645243841760 4 11.806825000000003 0 1540108 0.362 0.000662790697674609
1645243845705 4 11.796962000000008 0 1421303 0.3339 0.000662790697674609
1645243849500 4 11.979368000000022 0 1359213 0.319 0.000662790697674609
1645243853668 4 11.778953999999999 0 1514199 0.3563 0.000662790697674609
1645243857870 4 11.514702999999997 0 1296661 0.3045 0.000662790697674609
1645243861629 4 11.76129000000003 0 1340186 0.3145 0.000662790697674609
1645243865707 4 11.75463000000002 0 1478975 0.3477 0.000662790697674609
1645243869466 4 11.990988000000016 0 1342511 0.31520000000000004 0.000662790697674609
1645243873659 4 11.732452000000023 0 1527618 0.3594 0.000662790697674609
1645243877808 4 11.72402900000003 0 1297467 0.3053 0.000662790697674609

