1645234063517 1 3.999999 2818 346799 0.2703 -12.1174
1645234065381 0 6.15259 0 213385 0.1668 0.00017441860465117198
1645234066579 0 8.954135 0 141806 0.11000000000000001 0.00006976744186043549
1645234067542 0 11.991158 0 112578 0.0864 0.00006976744186043549
1645234071803 1 11.804556999999999 0 339137 0.2652 0.000069767441860491
1645234075971 1 11.798276999999999 0 393219 0.30710000000000004 0.00017441860465117198
1645234079751 1 11.791246999999998 0 406206 0.3174 0.00017441860465117198
1645234084231 1 11.530683999999997 0 303135 0.2375 0.00017441860465117198
1645234087569 1 11.964142000000002 0 414092 0.32389999999999997 0.00017441860465117198
1645234091821 1 11.764721000000002 0 337705 0.26389999999999997 0.00017441860465117198
1645234095784 1 11.753099000000006 0 366374 0.2864 0.00017441860465117198
1645234099634 1 11.994828000000005 0 352030 0.2746 0.00017441860465117198
1645234103633 1 11.984563000000001 0 371605 0.2892 0.00017441860465117198
1645234107749 1 11.976338000000005 0 385670 0.30110000000000003 0.00017441860465117198
1645234111785 1 11.970142000000003 0 374050 0.2932 0.00017441860465117198
1645234115751 1 11.959933 0 367058 0.2868 0.00017441860465117198
1645234119809 1 11.952342999999999 0 377983 0.29510000000000003 0.00017441860465117198
1645234123956 1 11.688490000000002 0 326924 0.25379999999999997 0.00017441860465117198
1645234127615 1 11.930193000000003 0 388939 0.3049 0.00017441860465117198
1645234131782 1 11.921667 0 392939 0.30579999999999996 0.00017441860465117198
1645234135720 1 11.912306999999998 0 362131 0.2832 0.00017441860465117198
1645234139971 1 11.650549999999996 0 402712 0.3141 0.00017441860465117198
1645234144148 1 11.633899 0 327400 0.25579999999999997 0.00017441860465117198
1645234147879 1 11.875449000000003 0 401133 0.3131 0.00017441860465117198
1645234151963 1 11.616293999999996 0 317452 0.24830000000000002 0.00017441860465117198
1645234156119 1 11.604425000000006 0 391753 0.30579999999999996 0.00017441860465117198
1645234159736 1 11.843658000000005 0 384934 0.3012 0.00017441860465117198
1645234163706 1 11.837820000000008 0 367179 0.2868 0.00017441860465117198
1645234167846 1 11.831068000000002 0 387965 0.3034 0.00017441860465117198
1645234172062 1 11.573239999999998 0 333821 0.26139999999999997 0.00017441860465117198
1645234175743 1 11.811864 0 394452 0.3085 0.00017441860465117198
1645234180041 1 11.551108 0 409513 0.3191 0.00017441860465117198
1645234184041 1 11.544297 0 307174 0.2399 0.00017441860465117198
1645234187935 1 11.785662000000002 0 420407 0.3286 0.00017441860465117198
1645234192198 1 11.526666000000006 0 340231 0.2663 0.00017441860465117198
1645234196235 1 11.520342999999997 0 374730 0.2926 0.00017441860465117198
1645234200099 1 11.513664000000006 0 353022 0.2761 0.00017441860465117198
1645234203781 1 11.756006000000014 0 393253 0.3075 0.00017441860465117198
1645234207759 1 11.998532000000012 0 368813 0.28769999999999996 0.00017441860465117198
1645234211761 1 11.989373999999998 0 372578 0.2904 0.00017441860465117198
1645234215795 1 11.985034000000013 0 374507 0.2929 0.00017441860465117198
1645234219823 1 11.72382300000001 0 372824 0.29159999999999997 0.00017441860465117198
1645234223962 1 11.718714000000006 0 326437 0.2542 0.00017441860465117198
1645234228061 1 11.702752000000004 0 383127 0.2999 0.00017441860465117198
1645234231794 1 11.898264000000012 0 400632 0.3133 0.00017441860465117198
1645234236075 1 11.687314000000015 0 342596 0.2676 0.00017441860465117198
1645234239860 1 11.674793999999991 0 407655 0.31789999999999996 0.00017441860465117198
1645234244099 1 11.66198700000001 0 337450 0.264 0.00017441860465117198
1645234247861 1 11.90359699999999 0 404220 0.31520000000000004 0.00017441860465117198
1645234252056 1 11.646858000000009 0 331794 0.2592 0.00017441860465117198
1645234255701 1 11.88901899999999 0 390086 0.3047 0.00017441860465117198
1645234259822 1 11.876891 0 387516 0.30219999999999997 0.00017441860465117198
1645234263808 1 11.86761100000001 0 365827 0.2858 0.00017441860465117198
1645234267986 1 11.602645999999993 0 392579 0.30720000000000003 0.00017441860465117198
1645234271727 1 11.84554700000001 0 337939 0.2636 0.00017441860465117198
1645234276010 1 11.589268000000004 0 406896 0.31789999999999996 0.00017441860465117198
1645234280164 1 11.580788000000013 0 390582 0.3045 0.00017441860465117198
1645234283838 1 11.823248000000007 0 328479 0.25680000000000003 0.00017441860465117198
1645234288049 1 11.56262000000001 0 399016 0.31070000000000003 0.00017441860465117198
1645234292058 1 11.555251999999996 0 370990 0.2905 0.00017441860465117198
1645234296063 1 11.543739000000016 0 371149 0.2903 0.00017441860465117198
1645234300083 1 11.53716700000001 0 372261 0.29159999999999997 0.00017441860465117198
1645234303772 1 11.777602000000002 0 394237 0.3083 0.00017441860465117198
1645234308252 1 11.512310000000014 0 368311 0.2879 0.00017441860465117198
1645234311837 1 11.753968000000015 0 381418 0.2976 0.00017441860465117198
1645234315806 1 11.747216000000009 0 368451 0.2867 0.00017441860465117198
1645234319827 1 11.73520000000002 0 371908 0.29159999999999997 0.00017441860465117198
1645234323996 1 11.726002999999992 0 328352 0.25680000000000003 0.00017441860465117198
1645234328055 1 11.717069999999978 0 379027 0.2948 0.00017441860465117198
1645234331836 1 11.703754000000004 0 407465 0.3181 0.00017441860465117198
1645234336061 1 11.69935300000003 0 333046 0.2617 0.00017441860465117198
1645234339927 1 11.693619000000012 0 416856 0.3265 0.00017441860465117198
1645234343645 1 11.93581899999998 0 335171 0.2617 0.00017441860465117198
1645234347884 1 11.679177999999979 0 401613 0.3131 0.00017441860465117198
1645234351625 1 11.92174 0 337330 0.2641 0.00017441860465117198
1645234355785 1 11.913701000000003 0 391244 0.306 0.00017441860465117198
1645234359922 1 11.658425000000022 0 387864 0.3034 0.00017441860465117198
1645234363878 1 11.877552999999978 0 363813 0.2844 0.00017441860465117198
1645234368086 1 11.614115000000027 0 391839 0.30579999999999996 0.00017441860465117198
1645234371825 1 11.860248000000013 0 336898 0.2629 0.00017441860465117198
1645234375918 1 11.85167899999999 0 381135 0.2984 0.00017441860465117198
1645234380058 1 11.593187999999998 0 386654 0.3034 0.00017441860465117198
1645234383884 1 11.839983000000018 0 347396 0.2722 0.00017441860465117198
1645234388055 1 11.579424000000017 0 392538 0.30710000000000004 0.00017441860465117198

