1645246731311 1 3.999999 1196 346799 0.10769999999999999 -5.1428
1645246733869 3 5.464957999999999 0 755039 0.2346 0.000174418604651283
1645246736564 3 6.765600000000001 0 835161 0.2598 0.00043023255813956496
1645246739502 3 7.83249 0 908792 0.28290000000000004 0.00043023255813956496
1645246742111 3 9.219223 0 804438 0.2505 0.00043023255813956496
1645246744797 3 10.531559999999999 0 828659 0.2579 0.00043023255813956496
1645246747819 3 11.510796 0 937332 0.29209999999999997 0.00043023255813956496
1645246751840 3 11.655321999999998 0 776416 0.24180000000000001 0.00043023255813956496
1645246755627 3 11.899481000000002 0 1025687 0.31930000000000003 0.00043023255813956496
1645246761425 3 9.903898000000002 0 815426 0.5690999999999999 0.00043023255813956496
1645246763578 2 11.750687 0 588952 0.1873 0.00043023255813956496
1645246767473 2 11.878966000000005 0 575427 0.1795 0.00027906976744174194
1645246771908 2 11.619149 0 582800 0.1834 0.00027906976744174194
1645246775471 2 11.859217000000001 0 619183 0.1965 0.00027906976744174194
1645246779913 2 11.601472000000001 0 592095 0.1843 0.00027906976744174194
1645246783954 3 11.594124 0 942842 0.2934 0.000279069767441964
1645246787803 3 11.586856000000004 0 884128 0.27490000000000003 0.00043023255813956496
1645246791979 3 11.580665000000003 0 828263 0.2578 0.00043023255813956496
1645246795628 3 11.821877 0 981175 0.3053 0.00043023255813956496
1645246801846 3 9.482387000000003 0 939007 0.6121000000000001 0.00043023255813956496
1645246804693 3 10.635599999999997 0 841370 0.2653 0.00043023255813956496
1645246807775 2 11.801882000000006 0 635530 0.19790000000000002 0.00043023255813956496
1645246812007 2 11.539898000000008 0 520041 0.1617 0.00027906976744174194
1645246815674 2 11.780631999999997 0 656205 0.2065 0.00027906976744174194
1645246819878 2 11.523455999999996 0 516287 0.1605 0.00027906976744174194
1645246824023 3 11.515920000000008 0 978032 0.3045 0.000279069767441964
1645246828024 3 11.508576000000005 0 934237 0.2905 0.00043023255813956496
1645246831889 3 11.500799999999998 0 889600 0.27690000000000003 0.00043023255813956496
1645246835567 3 11.989365000000006 0 988774 0.3082 0.00043023255813956496
1645246839682 3 11.72825300000001 0 808061 0.25139999999999996 0.00043023255813956496
1645246843389 3 11.970859000000004 0 995677 0.3097 0.00043023255813956496
1645246847376 3 11.960118000000008 0 924757 0.2886 0.00043023255813956496
1645246851492 3 11.945469000000003 0 808228 0.25139999999999996 0.00043023255813956496
1645246855753 3 11.688732000000002 0 1014212 0.3161 0.00043023255813956496
1645246861539 3 9.790991999999989 0 845218 0.5683 0.00043023255813956496
1645246864615 3 10.718465000000009 0 910767 0.2879 0.00043023255813956496
1645246867520 3 11.810780999999992 0 901777 0.27959999999999996 0.00043023255813956496
1645246871642 3 11.913871999999998 0 967347 0.3012 0.00043023255813956496
1645246875657 3 11.905613000000017 0 935273 0.2912 0.00043023255813956496
1645246879619 3 11.89615599999999 0 916928 0.2857 0.00043023255813956496
1645246883640 3 11.885662999999994 0 940743 0.2922 0.00043023255813956496
1645246887472 3 11.878237000000013 0 877888 0.2732 0.00043023255813956496
1645246891686 3 11.873273000000012 0 839766 0.2617 0.00043023255813956496
1645246895826 3 11.612300000000005 0 976062 0.30369999999999997 0.00043023255813956496
1645246899959 3 11.604136000000011 0 958353 0.3034 0.00043023255813956496
1645246903654 3 11.842174 0 836268 0.2602 0.00043023255813956496
1645246907768 3 11.586587000000009 0 968967 0.3013 0.00043023255813956496
1645246911934 3 11.575646000000006 0 825839 0.2571 0.00043023255813956496
1645246915573 3 11.815280000000001 0 974212 0.3032 0.00043023255813956496
1645246919872 3 11.55944199999999 0 867483 0.2696 0.00043023255813956496
1645246923550 3 11.804300000000012 0 987232 0.3077 0.00043023255813956496
1645246929433 3 9.896783999999997 0 921956 0.5781 0.00043023255813956496
1645246932505 3 10.823386 0 913803 0.2889 0.00043023255813956496
1645246935591 3 11.737639999999999 0 958215 0.2987 0.00043023255813956496
1645246939801 3 11.771330000000006 0 832934 0.2598 0.00043023255813956496
1645246944027 3 11.512523000000016 0 1005593 0.3127 0.00043023255813956496
1645246948045 3 11.505490000000009 0 935985 0.29159999999999997 0.00043023255813956496
1645246951634 3 11.743947999999989 0 802415 0.2495 0.00043023255813956496
1645246955354 3 11.990348000000012 0 999009 0.3113 0.00043023255813956496
1645246959664 3 11.730470999999994 0 869418 0.27040000000000003 0.00043023255813956496
1645246963571 3 11.971655999999996 0 897686 0.2786 0.00043023255813956496
1645246967666 3 11.709374999999994 0 960141 0.29900000000000004 0.00043023255813956496
1645246973553 3 9.77559500000001 0 914618 0.579 0.00043023255813956496
1645246976751 3 10.578619000000003 0 949031 0.29969999999999997 0.00043023255813956496
1645246979733 3 11.598314000000016 0 919929 0.2859 0.00043023255813956496
1645246983731 3 11.68593100000001 0 930570 0.28900000000000003 0.00043023255813956496
1645246987611 3 11.926177999999993 0 894188 0.2774 0.00043023255813956496
1645246991816 3 11.666789999999992 0 835562 0.2602 0.00043023255813956496
1645246995493 3 11.910765000000026 0 986170 0.30720000000000003 0.00043023255813956496
1645246999571 3 11.904761000000008 0 955812 0.2976 0.00043023255813956496
1645247003772 3 11.64483899999999 0 837688 0.2605 0.00043023255813956496
1645247007900 3 11.640314999999987 0 972932 0.30310000000000004 0.00043023255813956496
1645247013646 3 9.682364000000007 0 807690 0.5639000000000001 0.00043023255813956496
1645247015898 2 11.430821999999978 0 646460 0.205 0.00043023255813956496
1645247019686 2 11.860978999999986 0 544018 0.16870000000000002 0.00027906976744174194
1645247023825 2 11.600166000000002 0 639772 0.20350000000000001 0.00027906976744174194
1645247027882 2 11.595969000000025 0 616543 0.1958 0.00027906976744174194
1645247031805 2 11.591890999999976 0 585544 0.1824 0.00027906976744174194
1645247035926 3 11.582723999999985 0 968599 0.30169999999999997 0.000279069767441964
1645247039662 3 11.825673999999992 0 848189 0.264 0.00043023255813956496
1645247043841 3 11.564684999999997 0 989262 0.3082 0.00043023255813956496
1645247047853 3 11.55917599999998 0 929927 0.2899 0.00043023255813956496
1645247051585 3 11.79668300000003 0 845977 0.26339999999999997 0.00043023255813956496
1645247055830 3 11.53682600000002 0 1009703 0.3142 0.00043023255813956496
1645247059612 3 11.781774999999982 0 861836 0.2686 0.00043023255813956496

