1645235058438 1 3.999999 1339 346799 0.12290000000000001 -5.7577
1645235061359 3 5.096025 0 755039 0.2699 0.000174418604651283
1645235064452 3 6.006687 0 835161 0.2988 0.00043023255813956496
1645235067809 3 6.645218000000002 0 908792 0.3244 0.00043023255813956496
1645235070787 3 7.672911999999998 0 804438 0.28700000000000003 0.00043023255813956496
1645235073922 3 8.538512999999998 0 828659 0.2965 0.00043023255813956496
1645235077382 3 9.072122 0 937332 0.3356 0.00043023255813956496
1645235080259 3 10.195204 0 776416 0.2774 0.00043023255813956496
1645235086626 3 7.839227000000001 0 1025687 0.6237 0.00043023255813956496
1645235089805 3 8.660515000000004 0 815426 0.29510000000000003 0.00043023255813956496
1645235093080 3 9.379913000000002 0 884625 0.3164 0.00043023255813956496
1645235096423 3 10.031206000000005 0 904952 0.3238 0.00043023255813956496
1645235099938 3 10.516006000000004 0 954418 0.3412 0.00043023255813956496
1645235103293 3 11.161681000000002 0 910446 0.3246 0.00043023255813956496
1645235106698 3 11.756884 0 922454 0.32989999999999997 0.00043023255813956496
1645235112374 3 10.080279000000004 0 942842 0.5575 0.00043023255813956496
1645235115758 3 10.698494000000004 0 884128 0.3195 0.00043023255813956496
1645235118827 3 11.627932000000001 0 828263 0.2961 0.00043023255813956496
1645235122955 3 11.709052999999997 0 981175 0.3503 0.00043023255813956496
1645235126928 3 11.700444000000005 0 939007 0.3348 0.00043023255813956496
1645235130549 3 11.940250000000006 0 841370 0.3009 0.00043023255813956496
1645235134540 3 11.920535999999998 0 947658 0.33849999999999997 0.00043023255813956496
1645235138771 3 11.898007000000007 0 828958 0.2961 0.00043023255813956496
1645235142873 3 11.636386000000002 0 977791 0.3493 0.00043023255813956496
1645235148490 3 9.964439999999996 0 847215 0.5513 0.00043023255813956496
1645235152223 3 10.235083000000003 0 978032 0.35219999999999996 0.00043023255813956496
1645235155669 3 10.786748000000003 0 934237 0.333 0.00043023255813956496
1645235158972 3 11.494126000000009 0 889600 0.3173 0.00043023255813956496
1645235162641 3 11.814805000000007 0 988774 0.354 0.00043023255813956496
1645235166657 3 11.809995 0 808061 0.2889 0.00043023255813956496
1645235170819 3 11.800263000000001 0 995677 0.3559 0.00043023255813956496
1645235174739 3 11.794397000000004 0 924757 0.3301 0.00043023255813956496
1645235180357 3 10.098866999999998 0 808228 0.5501 0.00043023255813956496
1645235184221 3 10.237657999999996 0 1014212 0.3661 0.00043023255813956496
1645235187358 3 11.101682000000011 0 845218 0.3014 0.00043023255813956496
1645235190736 3 11.72400300000001 0 910767 0.325 0.00043023255813956496
1645235194568 3 11.982557000000014 0 901777 0.3214 0.00043023255813956496
1645235198636 3 11.969286000000011 0 967347 0.3459 0.00043023255813956496
1645235202583 3 11.963135999999992 0 935273 0.3341 0.00043023255813956496
1645235206973 3 11.699047000000007 0 916928 0.3274 0.00043023255813956496
1645235210942 3 11.685718000000008 0 940743 0.3358 0.00043023255813956496
1645235216874 3 9.582765999999992 0 877888 0.5826 0.00043023255813956496
1645235220129 3 10.328448000000009 0 839766 0.30379999999999996 0.00043023255813956496
1645235223740 3 10.715170999999998 0 976062 0.3482 0.00043023255813956496
1645235227287 3 11.169093000000004 0 958353 0.34199999999999997 0.00043023255813956496
1645235230897 3 11.629626000000002 0 836268 0.2984 0.00043023255813956496
1645235234482 3 11.972201000000013 0 968967 0.3463 0.00043023255813956496
1645235240092 3 10.36318399999999 0 825839 0.5502 0.00043023255813956496
1645235243817 3 10.63963799999999 0 974212 0.3511 0.00043023255813956496
1645235247035 3 11.420613000000003 0 867483 0.30979999999999996 0.00043023255813956496
1645235250681 3 11.773742999999996 0 987232 0.3525 0.00043023255813956496
1645235255097 3 11.533405000000016 0 921956 0.3292 0.00043023255813956496
1645235258469 3 11.988955000000004 0 913803 0.3268 0.00043023255813956496
1645235262504 3 11.98694900000001 0 958215 0.3427 0.00043023255813956496
1645235266585 3 11.980022999999989 0 832934 0.2963 0.00043023255813956496
1645235270784 3 11.718784999999997 0 1005593 0.3592 0.00043023255813956496
1645235274736 3 11.952270999999996 0 935985 0.3344 0.00043023255813956496
1645235278711 3 11.944379999999995 0 802415 0.2871 0.00043023255813956496
1645235282890 3 11.675798000000015 0 999009 0.3578 0.00043023255813956496
1645235286599 3 11.914259000000015 0 869418 0.3104 0.00043023255813956496
1645235290933 3 11.654505 0 897686 0.3215 0.00043023255813956496
1645235294470 3 11.985098999999991 0 960141 0.3436 0.00043023255813956496
1645235298853 3 11.638007000000016 0 914618 0.3268 0.00043023255813956496
1645235302850 3 11.633499999999998 0 949031 0.33849999999999997 0.00043023255813956496
1645235306753 3 11.871677000000005 0 919929 0.3288 0.00043023255813956496
1645235310692 3 11.866742000000016 0 930570 0.3322 0.00043023255813956496
1645235314987 3 11.604848000000004 0 894188 0.3195 0.00043023255813956496
1645235319081 3 11.592697999999984 0 835562 0.2985 0.00043023255813956496
1645235322706 3 11.74819500000001 0 986170 0.352 0.00043023255813956496
1645235326764 3 11.820776000000023 0 955812 0.34140000000000004 0.00043023255813956496
1645235330870 3 11.816722000000027 0 837688 0.2994 0.00043023255813956496
1645235334472 3 11.983701999999994 0 972932 0.3485 0.00043023255813956496
1645235338984 3 11.541888000000029 0 807690 0.28769999999999996 0.00043023255813956496
1645235342549 3 11.905639000000008 0 968173 0.3459 0.00043023255813956496
1645235346780 3 11.776246000000015 0 872734 0.3114 0.00043023255813956496
1645235350945 3 11.517540999999994 0 991679 0.3544 0.00043023255813956496
1645235354871 3 11.747226000000012 0 930061 0.33199999999999996 0.00043023255813956496
1645235359151 3 11.501283 0 884740 0.3168 0.00043023255813956496
1645235362717 3 11.737000000000023 0 968599 0.3466 0.00043023255813956496
1645235366850 3 11.73618700000003 0 848189 0.30310000000000004 0.00043023255813956496
1645235370520 3 11.935586 0 989262 0.354 0.00043023255813956496
1645235374968 3 11.722760999999991 0 929927 0.3331 0.00043023255813956496
1645235378595 3 11.966249000000005 0 845977 0.3026 0.00043023255813956496
1645235382807 3 11.706119000000001 0 1009703 0.3607 0.00043023255813956496
1645235387000 3 11.767299999999977 0 861836 0.3084 0.00043023255813956496

