1645235766813 1 3.999999 1107 346799 0.1 -4.7600999999999996
1645235767619 0 7.206331 0 213385 0.0616 0.00017441860465117198
1645235768132 0 10.693588 0 141806 0.04 0.00006976744186043549
1645235771062 0 11.853090000000002 0 112578 0.032600000000000004 0.00006976744186043549
1645235775431 0 11.597855999999998 0 80671 0.0263 0.00006976744186043549
1645235779282 0 11.58814 0 68729 0.0254 0.00006976744186043549
1645235783334 0 11.580655 0 137895 0.0449 0.00006976744186043549
1645235787322 0 11.576048 0 114138 0.038400000000000004 0.00006976744186043549
1645235791345 0 11.571681000000002 0 126013 0.0421 0.00006976744186043549
1645235795144 0 11.813500000000001 0 217236 0.06889999999999999 0.00006976744186043549
1645235799419 0 11.558685000000004 0 219398 0.0675 0.00006976744186043549
1645235803089 0 11.804971000000002 0 177648 0.05620000000000001 0.00006976744186043549
1645235807217 0 11.799593000000002 0 166856 0.053200000000000004 0.00006976744186043549
1645235811505 0 11.543324000000005 0 223685 0.0688 0.00006976744186043549
1645235815242 0 11.78537 0 206455 0.0638 0.00006976744186043549
1645235819235 0 11.778290000000005 0 121534 0.0397 0.00006976744186043549
1645235823185 0 11.755695000000003 0 105092 0.034100000000000005 0.00006976744186043549
1645235827066 0 11.988050000000001 0 63086 0.0249 0.00006976744186043549
1645235830964 0 11.980452 0 87739 0.0299 0.00006976744186043549
1645235835047 0 11.976703999999998 0 152905 0.0482 0.00006976744186043549
1645235838983 0 11.969336999999996 0 100587 0.0337 0.00006976744186043549
1645235843167 0 11.711877999999999 0 186001 0.0583 0.00006976744186043549
1645235846901 0 11.956555000000009 0 201620 0.063 0.00006976744186043549
1645235851191 0 11.676071000000007 0 218012 0.0685 0.00006976744186043549
1645235855200 0 11.664737000000002 0 123058 0.040400000000000005 0.00006976744186043549
1645235858928 0 11.909565 0 198856 0.0622 0.00006976744186043549
1645235863444 0 11.645313999999999 0 223061 0.0688 0.00006976744186043549
1645235867039 0 11.841397 0 143385 0.047 0.00006976744186043549
1645235871022 0 11.829012000000006 0 117021 0.038 0.00006976744186043549
1645235875415 0 11.567385999999999 0 83595 0.0289 0.00006976744186043549
1645235879265 0 11.807527000000007 0 68011 0.0243 0.00006976744186043549
1645235883294 0 11.550252 0 134264 0.0426 0.00006976744186043549
1645235887260 0 11.792653999999999 0 113722 0.037 0.00006976744186043549
1645235891274 0 11.776316000000008 0 122694 0.040400000000000005 0.00006976744186043549
1645235895537 0 11.517933999999997 0 215146 0.0663 0.00006976744186043549
1645235899303 0 11.758023000000009 0 213339 0.066 0.00006976744186043549
1645235903480 0 11.500489000000016 0 176949 0.05600000000000001 0.00006976744186043549
1645235907093 0 11.745589999999993 0 158356 0.0499 0.00006976744186043549
1645235910874 0 11.986850000000004 0 219852 0.06820000000000001 0.00006976744186043549
1645235915110 0 11.730049000000008 0 196864 0.063 0.00006976744186043549
1645235919097 0 11.97564700000001 0 116610 0.038400000000000004 0.00006976744186043549
1645235923048 0 11.966218999999995 0 107223 0.0353 0.00006976744186043549
1645235926877 0 11.960768999999999 0 64332 0.023100000000000002 0.00006976744186043549
1645235931283 0 11.702494999999999 0 88753 0.029599999999999998 0.00006976744186043549
1645235935369 0 11.696235999999999 0 153489 0.0487 0.00006976744186043549
1645235939311 0 11.689504 0 101805 0.0342 0.00006976744186043549
1645235943004 0 11.933831999999995 0 186822 0.0586 0.00006976744186043549
1645235947229 0 11.676294000000013 0 200149 0.063 0.00006976744186043549
1645235950998 0 11.916942000000006 0 215305 0.0669 0.00006976744186043549
1645235955007 0 11.90482 0 128759 0.0412 0.00006976744186043549
1645235959227 0 11.645268000000016 0 199367 0.0616 0.00006976744186043549
1645235963006 0 11.882898000000012 0 220759 0.0678 0.00006976744186043549
1645235967077 0 11.879217000000011 0 149511 0.0475 0.00006976744186043549
1645235971063 0 11.867199999999997 0 118879 0.0387 0.00006976744186043549
1645235975455 0 11.606104000000016 0 85418 0.029099999999999997 0.00006976744186043549
1645235979312 0 11.583432000000016 0 68807 0.023799999999999998 0.00006976744186043549
1645235983342 0 11.570017000000007 0 132565 0.0427 0.00006976744186043549
1645235987325 0 11.560867000000002 0 117262 0.0381 0.00006976744186043549
1645235991321 0 11.554395 0 116418 0.0386 0.00006976744186043549
1645235995114 0 11.796515999999997 0 223024 0.06899999999999999 0.00006976744186043549
1645235999389 0 11.536372999999998 0 214538 0.0675 0.00006976744186043549
1645236003063 0 11.781127999999995 0 178191 0.055900000000000005 0.00006976744186043549
1645236007177 0 11.770164999999992 0 161454 0.0511 0.00006976744186043549
1645236011439 0 11.50610900000001 0 212225 0.0658 0.00006976744186043549
1645236015173 0 11.748998 0 195858 0.0611 0.00006976744186043549
1645236019166 0 11.738383999999996 0 119665 0.0385 0.00006976744186043549
1645236023127 0 11.734838000000025 0 108667 0.0365 0.00006976744186043549
1645236026954 0 11.980694000000028 0 64782 0.0227 0.00006976744186043549
1645236031349 0 11.718525 0 87523 0.0293 0.00006976744186043549
1645236034955 0 11.947856999999999 0 155607 0.0495 0.00006976744186043549
1645236038902 0 11.93509499999999 0 100404 0.0327 0.00006976744186043549
1645236043079 0 11.925277999999992 0 183614 0.057199999999999994 0.00006976744186043549
1645236047292 0 11.671433999999977 0 197686 0.0616 0.00006976744186043549
1645236051066 0 11.917434000000014 0 217520 0.0671 0.00006976744186043549
1645236055094 0 11.907158999999979 0 132353 0.0423 0.00006976744186043549
1645236059315 0 11.650430000000028 0 199853 0.0621 0.00006976744186043549
1645236063114 0 11.893961999999988 0 225614 0.0691 0.00006976744186043549
1645236067223 0 11.629200000000026 0 150477 0.0484 0.00006976744186043549
1645236071207 0 11.620233999999982 0 117995 0.038400000000000004 0.00006976744186043549
1645236075097 0 11.857330999999988 0 86503 0.029099999999999997 0.00006976744186043549
1645236079446 0 11.599225999999987 0 67335 0.0243 0.00006976744186043549
1645236083494 0 11.580593000000022 0 132169 0.0429 0.00006976744186043549
1645236087496 0 11.551022999999986 0 118800 0.039 0.00006976744186043549
1645236091491 0 11.543627000000015 0 116618 0.0381 0.00006976744186043549
1645236095312 0 11.52290800000003 0 222296 0.0688 0.00006976744186043549

