1645232283133 1 3.999999 1241 346799 0.1119 -5.3363000000000005
1645232284430 1 6.703044 0 363755 0.11879999999999999 0.00017441860465117198
1645232285724 1 9.407108000000001 0 362842 0.1186 0.00017441860465117198
1645232287620 1 11.695449 0 384791 0.1273 0.00017441860465117198
1645232291489 3 11.664902999999999 0 804438 0.26339999999999997 0.000174418604651283
1645232295311 3 11.893296999999999 0 828659 0.272 0.00043023255813956496
1645232299512 3 11.859316 0 937332 0.30870000000000003 0.00043023255813956496
1645232303677 3 11.567218 0 776416 0.2557 0.00043023255813956496
1645232307151 3 11.979482 0 1025687 0.3375 0.00043023255813956496
1645232311449 3 11.779556000000003 0 815426 0.2664 0.00043023255813956496
1645232315482 3 11.759930000000004 0 884625 0.2898 0.00043023255813956496
1645232319568 3 11.735714999999999 0 904952 0.2973 0.00043023255813956496
1645232325815 3 9.323615000000004 0 954418 0.6123999999999999 0.00043023255813956496
1645232327339 1 11.794788000000004 0 385670 0.1319 0.00043023255813956496
1645232331525 3 11.668868000000003 0 922454 0.3024 0.000174418604651283
1645232335251 3 11.886133000000001 0 942842 0.3094 0.00043023255813956496
1645232339754 3 11.622800000000005 0 884128 0.29 0.00043023255813956496
1645232343592 3 11.603188000000003 0 828263 0.2727 0.00043023255813956496
1645232347432 3 11.829568000000009 0 981175 0.3224 0.00043023255813956496
1645232351620 3 11.570605 0 939007 0.3077 0.00043023255813956496
1645232355484 3 11.804783 0 841370 0.2759 0.00043023255813956496
1645232359697 3 11.541307000000003 0 947658 0.311 0.00043023255813956496
1645232363540 3 11.771619000000001 0 828958 0.27290000000000003 0.00043023255813956496
1645232367857 3 11.500158999999996 0 977791 0.322 0.00043023255813956496
1645232371253 3 11.982352000000006 0 847215 0.2784 0.00043023255813956496
1645232375574 3 11.717465000000004 0 978032 0.3215 0.00043023255813956496
1645232379248 3 11.958809000000002 0 934237 0.3074 0.00043023255813956496
1645232383268 3 11.945053000000001 0 889600 0.29209999999999997 0.00043023255813956496
1645232387632 3 11.680530000000005 0 988774 0.3251 0.00043023255813956496
1645232391394 3 11.926202000000004 0 808061 0.2658 0.00043023255813956496
1645232395274 3 11.917372999999998 0 995677 0.3275 0.00043023255813956496
1645232399415 3 11.897163000000006 0 924757 0.3034 0.00043023255813956496
1645232403679 3 11.626685000000009 0 808228 0.26589999999999997 0.00043023255813956496
1645232407613 3 11.611843000000007 0 1014212 0.33290000000000003 0.00043023255813956496
1645232411486 3 11.848477000000003 0 845218 0.2779 0.00043023255813956496
1645232415583 3 11.591678000000002 0 910767 0.29900000000000004 0.00043023255813956496
1645232419644 3 11.580825000000004 0 901777 0.2956 0.00043023255813956496
1645232423428 3 11.824588000000006 0 967347 0.3171 0.00043023255813956496
1645232427606 3 11.558082000000013 0 935273 0.3065 0.00043023255813956496
1645232431720 3 11.548722999999995 0 916928 0.3015 0.00043023255813956496
1645232435409 3 11.78653700000001 0 940743 0.30920000000000003 0.00043023255813956496
1645232439401 3 11.765919999999994 0 877888 0.2889 0.00043023255813956496
1645232443766 3 11.507710000000003 0 839766 0.27559999999999996 0.00043023255813956496
1645232447585 3 11.721105999999992 0 976062 0.32130000000000003 0.00043023255813956496
1645232451339 3 11.99444600000001 0 958353 0.31520000000000004 0.00043023255813956496
1645232455189 3 11.982560000000007 0 836268 0.2751 0.00043023255813956496
1645232459476 3 11.721119000000016 0 968967 0.3185 0.00043023255813956496
1645232463282 3 11.962846000000013 0 825839 0.2711 0.00043023255813956496
1645232467581 3 11.703320999999988 0 974212 0.3204 0.00043023255813956496
1645232471533 3 11.694552000000016 0 867483 0.2854 0.00043023255813956496
1645232475377 3 11.936459000000013 0 987232 0.3243 0.00043023255813956496
1645232479518 3 11.675994000000003 0 921956 0.3029 0.00043023255813956496
1645232483630 3 11.669367999999992 0 913803 0.3007 0.00043023255813956496
1645232487378 3 11.913096999999993 0 958215 0.3146 0.00043023255813956496
1645232491713 3 11.654120000000006 0 832934 0.2736 0.00043023255813956496
1645232495615 3 11.649174000000016 0 1005593 0.3307 0.00043023255813956496
1645232499291 3 11.889276999999993 0 935985 0.30779999999999996 0.00043023255813956496
1645232503527 3 11.63115400000001 0 802415 0.2633 0.00043023255813956496
1645232507412 3 11.871038999999996 0 999009 0.3288 0.00043023255813956496
1645232511377 3 11.86563799999999 0 869418 0.2859 0.00043023255813956496
1645232515427 3 11.853949 0 897686 0.2949 0.00043023255813956496
1645232519678 3 11.587604999999996 0 960141 0.3153 0.00043023255813956496
1645232523781 3 11.581950000000006 0 914618 0.3003 0.00043023255813956496
1645232527508 3 11.781927999999994 0 949031 0.3122 0.00043023255813956496
1645232531626 3 11.567807000000016 0 919929 0.3021 0.00043023255813956496
1645232535789 3 11.559196000000014 0 930570 0.30619999999999997 0.00043023255813956496
1645232539824 3 11.551789999999983 0 894188 0.29369999999999996 0.00043023255813956496
1645232543673 3 11.545230000000004 0 835562 0.2746 0.00043023255813956496
1645232547507 3 11.786907999999983 0 986170 0.324 0.00043023255813956496
1645232551743 3 11.530383000000029 0 955812 0.31429999999999997 0.00043023255813956496
1645232555594 3 11.772649000000001 0 837688 0.27549999999999997 0.00043023255813956496
1645232559408 3 11.767341999999985 0 972932 0.3197 0.00043023255813956496
1645232563661 3 11.511412000000007 0 807690 0.26539999999999997 0.00043023255813956496
1645232567444 3 11.754773 0 968173 0.318 0.00043023255813956496
1645232571408 3 11.747042000000022 0 872734 0.2864 0.00043023255813956496
1645232575269 3 11.977313999999978 0 991679 0.3262 0.00043023255813956496
1645232579427 3 11.716602000000023 0 930061 0.30510000000000004 0.00043023255813956496
1645232584889 3 10.240704999999991 0 884740 0.5361 0.00043023255813956496
1645232587405 1 11.94874500000003 0 391839 0.1323 0.00043023255813956496
1645232591305 3 11.937751999999989 0 848189 0.27959999999999996 0.000174418604651283
1645232595660 3 11.67911700000002 0 989262 0.3245 0.00043023255813956496
1645232599314 3 11.920382000000018 0 929927 0.3046 0.00043023255813956496
1645232603726 3 11.65756399999998 0 845977 0.27949999999999997 0.00043023255813956496
1645232607148 3 11.984301000000016 0 1009703 0.3321 0.00043023255813956496

