1645250958748 1 3.999999 858 346799 0.0746 -3.6893999999999996
1645250961794 4 4.975224 0 1312552 0.2847 0.000174418604651283
1645250964895 4 5.876734000000001 0 1383123 0.2998 0.000662790697674609
1645250968151 4 6.623214000000001 0 1451767 0.3149 0.000662790697674609
1645250971090 4 7.680088 0 1308083 0.284 0.000662790697674609
1645250974013 4 8.75644 0 1299338 0.2815 0.000662790697674609
1645250977276 4 9.49401 0 1453833 0.3155 0.000662790697674609
1645250982989 4 7.780560999999999 0 1280990 0.5587 0.000662790697674609
1645250985573 3 9.196322000000002 0 1025687 0.22999999999999998 0.0006627906976743869
1645250987442 3 11.327484000000002 0 815426 0.17629999999999998 0.00043023255813956496
1645250990966 3 11.806871000000001 0 884625 0.1914 0.00043023255813956496
1645250995021 3 11.796842000000005 0 904952 0.19619999999999999 0.00043023255813956496
1645250999212 3 11.793103000000002 0 954418 0.2096 0.00043023255813956496
1645251003407 4 11.535350000000001 0 1421742 0.3084 0.00043023255813956496
1645251007125 4 11.777929 0 1436771 0.3117 0.000662790697674609
1645251011316 4 11.518648000000006 0 1425347 0.3088 0.000662790697674609
1645251015379 4 11.506599000000001 0 1366001 0.2961 0.000662790697674609
1645251019257 4 11.743948000000003 0 1281785 0.27799999999999997 0.000662790697674609
1645251023144 4 11.731756000000004 0 1514044 0.3281 0.000662790697674609
1645251026854 4 11.976409000000004 0 1432783 0.311 0.000662790697674609
1645251030990 4 11.962962000000005 0 1401397 0.3033 0.000662790697674609
1645251035238 4 11.703679000000008 0 1450362 0.3145 0.000662790697674609
1645251039097 4 11.679713000000007 0 1266375 0.2737 0.000662790697674609
1645251042943 4 11.92580000000001 0 1497932 0.3249 0.000662790697674609
1645251046878 4 11.907274000000001 0 1308773 0.28359999999999996 0.000662790697674609
1645251051274 4 11.646501 0 1516715 0.329 0.000662790697674609
1645251054923 4 11.887726 0 1407805 0.3052 0.000662790697674609
1645251059053 4 11.882530000000003 0 1394624 0.3029 0.000662790697674609
1645251062917 4 11.876079000000004 0 1502056 0.3258 0.000662790697674609
1645251067287 4 11.617229000000009 0 1276395 0.2764 0.000662790697674609
1645251071102 4 11.861281000000005 0 1480768 0.32120000000000004 0.000662790697674609
1645251075406 4 11.601334000000008 0 1473992 0.3197 0.000662790697674609
1645251079347 4 11.594473000000008 0 1306146 0.2831 0.000662790697674609
1645251082843 4 11.927234999999996 0 1565699 0.3396 0.000662790697674609
1645251087197 4 11.581300999999996 0 1268922 0.275 0.000662790697674609
1645251091347 4 11.571230000000014 0 1406335 0.305 0.000662790697674609
1645251095440 4 11.562457999999992 0 1381377 0.2995 0.000662790697674609
1645251099240 4 11.555791 0 1475162 0.31989999999999996 0.000662790697674609
1645251103452 4 11.54992200000001 0 1430482 0.3105 0.000662790697674609
1645251109470 4 9.302153000000004 0 1439994 0.5875 0.000662790697674609
1645251112785 4 9.984197999999992 0 1405476 0.3124 0.000662790697674609
1645251115882 4 10.886399000000011 0 1382866 0.2998 0.000662790697674609
1645251118813 4 11.957048000000015 0 1303196 0.2826 0.000662790697674609
1645251123254 4 11.74706900000001 0 1538814 0.33399999999999996 0.000662790697674609
1645251126939 4 11.991000000000014 0 1423261 0.3089 0.000662790697674609
1645251131022 4 11.983486999999997 0 1377859 0.2987 0.000662790697674609
1645251135151 4 11.724741999999992 0 1396488 0.3027 0.000662790697674609
1645251138998 4 11.965272999999996 0 1265878 0.2745 0.000662790697674609
1645251143297 4 11.705818999999991 0 1474721 0.3195 0.000662790697674609
1645251146840 4 11.95014599999999 0 1357016 0.2944 0.000662790697674609
1645251151213 4 11.692388999999991 0 1508969 0.3267 0.000662790697674609
1645251154914 4 11.932773999999995 0 1420161 0.3075 0.000662790697674609
1645251159042 4 11.924032000000011 0 1394798 0.3027 0.000662790697674609
1645251162899 4 11.913812000000007 0 1499654 0.3251 0.000662790697674609
1645251166868 4 11.904031000000003 0 1323592 0.2864 0.000662790697674609
1645251171172 4 11.647487000000012 0 1477260 0.3204 0.000662790697674609
1645251174973 4 11.89014499999999 0 1474833 0.31989999999999996 0.000662790697674609
1645251178897 4 11.882998000000015 0 1299401 0.282 0.000662790697674609
1645251182955 4 11.868909000000002 0 1595638 0.3459 0.000662790697674609
1645251187335 4 11.610366999999997 0 1282380 0.2781 0.000662790697674609
1645251190974 4 11.849846000000014 0 1402228 0.3039 0.000662790697674609
1645251195120 4 11.84233900000001 0 1404885 0.3046 0.000662790697674609
1645251199384 4 11.585632000000004 0 1453425 0.316 0.000662790697674609
1645251203144 4 11.818778000000009 0 1453998 0.3156 0.000662790697674609
1645251207330 4 11.549339000000003 0 1424197 0.309 0.000662790697674609
1645251210996 4 11.789283000000012 0 1409895 0.3053 0.000662790697674609
1645251215107 4 11.783033999999986 0 1381516 0.3 0.000662790697674609
1645251219017 4 11.976126000000022 0 1298461 0.2813 0.000662790697674609
1645251222937 4 11.968880000000013 0 1530017 0.3315 0.000662790697674609
1645251227152 4 11.710352 0 1437352 0.3116 0.000662790697674609
1645251231167 4 11.706621999999982 0 1344879 0.29159999999999997 0.000662790697674609
1645251235013 4 11.950502000000029 0 1490910 0.323 0.000662790697674609
1645251238850 4 11.937287000000026 0 1264017 0.27349999999999997 0.000662790697674609
1645251243130 4 11.677093000000013 0 1458446 0.31579999999999997 0.000662790697674609
1645251247201 4 11.670040000000029 0 1366050 0.2962 0.000662790697674609
1645251251147 4 11.65662100000003 0 1540108 0.3321 0.000662790697674609
1645251255332 4 11.647085000000004 0 1421303 0.3082 0.000662790697674609
1645251262095 4 8.674431000000027 0 1359213 0.6658000000000001 0.000662790697674609
1645251264477 3 10.292491999999982 0 968599 0.2178 0.0006627906976743869
1645251266912 3 11.878828999999996 0 848189 0.18380000000000002 0.00043023255813956496
1645251271161 3 11.622791000000007 0 989262 0.2133 0.00043023255813956496
1645251275312 3 11.617890999999986 0 929927 0.205 0.00043023255813956496
1645251279253 3 11.60607299999998 0 845977 0.18409999999999999 0.00043023255813956496
1645251283173 4 11.847578999999996 0 1527618 0.3307 0.00043023255813956496
1645251287090 4 11.83828299999999 0 1297467 0.2814 0.000662790697674609

