1645235076645 1 3.999999 1344 346799 0.1238 -5.7791999999999994
1645235079573 3 5.082924 0 755039 0.269 0.000174418604651283
1645235082672 3 5.983579000000001 0 835161 0.2982 0.00043023255813956496
1645235086038 3 6.618865000000001 0 908792 0.32480000000000003 0.00043023255813956496
1645235089026 3 7.623537999999998 0 804438 0.2871 0.00043023255813956496
1645235092093 3 8.557172 0 828659 0.2955 0.00043023255813956496
1645235095558 3 9.093125999999998 0 937332 0.3346 0.00043023255813956496
1645235098440 3 10.211866999999998 0 776416 0.2777 0.00043023255813956496
1645235102212 3 10.442238000000003 0 1025687 0.36629999999999996 0.00043023255813956496
1645235105249 3 11.401226000000001 0 815426 0.2913 0.00043023255813956496
1645235109024 3 11.781789000000003 0 884625 0.3168 0.00043023255813956496
1645235113359 3 11.520028000000003 0 904952 0.3236 0.00043023255813956496
1645235116879 3 11.7729 0 954418 0.341 0.00043023255813956496
1645235120769 3 11.974228000000004 0 910446 0.3226 0.00043023255813956496
1645235131850 3 4.803188000000006 0 922454 1.0973000000000002 0.00043023255813956496
1645235133407 1 7.241407000000002 0 367058 0.1349 0.00043023255813956496
1645235134858 1 9.791975 0 377983 0.1347 0.00017441860465117198
1645235137126 1 11.684187000000001 0 326924 0.11510000000000001 0.00017441860465117198
1645235141110 1 11.672652999999997 0 388939 0.1381 0.00017441860465117198
1645235145145 1 11.660567999999998 0 392939 0.1434 0.00017441860465117198
1645235148810 3 11.904751000000005 0 841370 0.3039 0.000174418604651283
1645235152795 3 11.890676 0 947658 0.3384 0.00043023255813956496
1645235156891 3 11.880335000000002 0 828958 0.296 0.00043023255813956496
1645235160995 3 11.869678000000008 0 977791 0.3499 0.00043023255813956496
1645235165136 3 11.609702999999996 0 847215 0.3028 0.00043023255813956496
1645235169097 3 11.570130000000006 0 978032 0.3836 0.00043023255813956496
1645235173040 3 11.840012999999999 0 934237 0.33399999999999996 0.00043023255813956496
1645235176829 3 11.828547 0 889600 0.318 0.00043023255813956496
1645235180973 3 11.818472 0 988774 0.3539 0.00043023255813956496
1645235184973 3 11.807597999999999 0 808061 0.2882 0.00043023255813956496
1645235189129 3 11.755587000000006 0 995677 0.3553 0.00043023255813956496
1645235200459 3 4.4583219999999955 271 924757 1.1224 -1.1648697674418604
1645235201826 1 7.086993000000007 0 307174 0.1132 0.00043023255813956496
1645235203434 1 9.479908000000009 0 420407 0.1492 0.00017441860465117198
1645235205248 1 11.708867999999995 0 340231 0.1212 0.00017441860465117198
1645235209195 1 11.946004000000016 0 374730 0.1336 0.00017441860465117198
1645235213088 1 11.93081699999999 0 353022 0.1291 0.00017441860465117198
1645235217199 3 11.911171999999993 0 967347 0.3493 0.000174418604651283
1645235221177 3 11.894449000000009 0 935273 0.3351 0.00043023255813956496
1645235225057 3 11.887763000000007 0 916928 0.3274 0.00043023255813956496
1645235229524 3 11.621567999999996 0 940743 0.3362 0.00043023255813956496
1645235233271 3 11.859036000000003 0 877888 0.31320000000000003 0.00043023255813956496
1645235239158 3 9.75464500000001 0 839766 0.5783 0.00043023255813956496
1645235241701 2 11.213619999999992 0 618775 0.2243 0.00043023255813956496
1645235245109 2 11.82379499999999 0 642262 0.2292 0.00027906976744174194
1645235249201 2 11.815099000000004 0 553119 0.19690000000000002 0.00027906976744174194
1645235253119 2 11.808613000000008 0 640678 0.2311 0.00027906976744174194
1645235257141 2 11.796735000000012 0 535087 0.1913 0.00027906976744174194
1645235261230 3 11.789225000000016 0 974212 0.34750000000000003 0.000279069767441964
1645235265439 3 11.525821000000008 0 867483 0.3102 0.00043023255813956496
1645235269079 3 11.840582000000012 0 987232 0.3532 0.00043023255813956496
1645235275253 3 9.663702999999998 0 921956 0.6058 0.00043023255813956496
1645235277650 2 11.265023000000014 0 601045 0.2182 0.00043023255813956496
1645235281422 2 11.734508000000005 0 605033 0.2162 0.00027906976744174194
1645235285423 2 11.694301999999993 0 530643 0.18919999999999998 0.00027906976744174194
1645235289383 2 11.712078999999989 0 652691 0.23559999999999998 0.00027906976744174194
1645235293168 2 11.957476000000014 0 609815 0.2171 0.00027906976744174194
1645235297154 3 11.94095200000001 0 802415 0.28650000000000003 0.000279069767441964
1645235301340 3 11.678443000000016 0 999009 0.3578 0.00043023255813956496
1645235305051 3 11.918480000000017 0 869418 0.3103 0.00043023255813956496
1645235309368 3 11.660790999999989 0 897686 0.321 0.00043023255813956496
1645235313406 3 11.653965 0 960141 0.3432 0.00043023255813956496
1645235317282 3 11.641027000000008 0 914618 0.3269 0.00043023255813956496
1645235321279 3 11.881764000000004 0 949031 0.3392 0.00043023255813956496
1645235325181 3 11.876512999999989 0 919929 0.3289 0.00043023255813956496
1645235329110 3 11.866964999999993 0 930570 0.3321 0.00043023255813956496
1645235333418 3 11.607821999999999 0 894188 0.31920000000000004 0.00043023255813956496
1645235337505 3 11.596091999999999 0 835562 0.2984 0.00043023255813956496
1645235341136 3 11.778793000000007 0 986170 0.3524 0.00043023255813956496
1645235345185 3 11.826628000000028 0 955812 0.3417 0.00043023255813956496
1645235349281 3 11.817564000000004 0 837688 0.29900000000000004 0.00043023255813956496
1645235353366 3 11.559750000000008 0 972932 0.3482 0.00043023255813956496
1645235357356 3 11.80067200000002 0 807690 0.2882 0.00043023255813956496
1645235360917 3 11.997648000000027 0 968173 0.3459 0.00043023255813956496
1645235365133 3 11.78180500000002 0 872734 0.3113 0.00043023255813956496
1645235369282 3 11.773953000000006 0 991679 0.3544 0.00043023255813956496
1645235373207 3 11.764012999999977 0 930061 0.3326 0.00043023255813956496
1645235377467 3 11.505321999999978 0 884740 0.3165 0.00043023255813956496
1645235381034 3 11.879663999999991 0 968599 0.3464 0.00043023255813956496
1645235385173 3 11.976575000000025 0 848189 0.3029 0.00043023255813956496
1645235389320 3 11.71629200000001 0 989262 0.3534 0.00043023255813956496
1645235393249 3 11.708010000000002 0 929927 0.3325 0.00043023255813956496
1645235397373 3 11.699383000000012 0 845977 0.3024 0.00043023255813956496
1645235401091 3 11.822115999999994 0 1009703 0.36110000000000003 0.00043023255813956496
1645235405277 3 11.686158999999975 0 861836 0.3084 0.00043023255813956496

