1645245900542 1 3.999999 892 346799 0.076 -3.8356
1645245902360 1 6.208972 0 363755 0.0842 0.00017441860465117198
1645245903304 1 9.257462 0 362842 0.08070000000000001 0.00017441860465117198
1645245905544 3 11.016704 0 908792 0.2023 0.000174418604651283
1645245908959 3 11.845626 0 804438 0.1789 0.00043023255813956496
1645245912954 3 11.811991999999998 0 828659 0.1872 0.00043023255813956496
1645245917164 3 11.552754999999998 0 937332 0.20870000000000002 0.00043023255813956496
1645245921020 3 11.548072999999999 0 776416 0.1728 0.00043023255813956496
1645245924930 3 11.78714 0 1025687 0.2283 0.00043023255813956496
1645245928871 3 11.779062000000003 0 815426 0.18180000000000002 0.00043023255813956496
1645245932959 3 11.771083000000004 0 884625 0.1966 0.00043023255813956496
1645245937097 3 11.509137000000003 0 904952 0.20190000000000002 0.00043023255813956496
1645245940877 3 11.752211000000003 0 954418 0.21259999999999998 0.00043023255813956496
1645245945046 3 11.747376000000003 0 910446 0.20339999999999997 0.00043023255813956496
1645245948731 3 11.967243000000003 0 922454 0.20550000000000002 0.00043023255813956496
1645245952953 3 11.71076 0 942842 0.20990000000000003 0.00043023255813956496
1645245957054 3 11.699056000000006 0 884128 0.1968 0.00043023255813956496
1645245961033 3 11.687830000000005 0 828263 0.18380000000000002 0.00043023255813956496
1645245964829 3 11.929307000000009 0 981175 0.2182 0.00043023255813956496
1645245969041 3 11.669183000000004 0 939007 0.2088 0.00043023255813956496
1645245973028 3 11.664270000000002 0 841370 0.1865 0.00043023255813956496
1645245976761 3 11.901521000000002 0 947658 0.2111 0.00043023255813956496
1645245980726 3 11.892080000000007 0 828958 0.18460000000000001 0.00043023255813956496
1645245985045 3 11.629458 0 977791 0.21760000000000002 0.00043023255813956496
1645245989065 3 11.602502000000001 0 847215 0.1867 0.00043023255813956496
1645245992859 3 11.848674000000003 0 978032 0.2171 0.00043023255813956496
1645245997044 3 11.587337000000005 0 934237 0.2077 0.00043023255813956496
1645246001137 3 11.560569000000001 0 889600 0.198 0.00043023255813956496
1645246004952 3 11.802574000000007 0 988774 0.2203 0.00043023255813956496
1645246008883 3 11.797207 0 808061 0.1768 0.00043023255813956496
1645246013217 3 11.537908999999999 0 995677 0.2213 0.00043023255813956496
1645246016901 3 11.782695000000004 0 924757 0.20579999999999998 0.00043023255813956496
1645246020829 3 11.749594000000002 0 808228 0.18 0.00043023255813956496
1645246025337 3 11.560186000000002 0 1014212 0.21610000000000001 0.00043023255813956496
1645246029361 3 11.54779099999999 0 845218 0.188 0.00043023255813956496
1645246033140 3 11.666439999999994 0 910767 0.20249999999999999 0.00043023255813956496
1645246037273 3 11.654852000000005 0 901777 0.20070000000000002 0.00043023255813956496
1645246041058 3 11.869924999999995 0 967347 0.2152 0.00043023255813956496
1645246045271 3 11.587018 0 935273 0.20779999999999998 0.00043023255813956496
1645246048927 3 11.830473000000012 0 916928 0.2036 0.00043023255813956496
1645246053218 3 11.54561799999999 0 940743 0.2113 0.00043023255813956496
1645246057315 3 11.52695399999999 0 877888 0.195 0.00043023255813956496
1645246061306 3 11.515080000000012 0 839766 0.1867 0.00043023255813956496
1645246065104 3 11.760279999999995 0 976062 0.21680000000000002 0.00043023255813956496
1645246069389 3 11.502472000000012 0 958353 0.2132 0.00043023255813956496
1645246072867 3 11.998469999999998 0 836268 0.1859 0.00043023255813956496
1645246077137 3 11.736965999999995 0 968967 0.2157 0.00043023255813956496
1645246081107 3 11.728240999999997 0 825839 0.18409999999999999 0.00043023255813956496
1645246084917 3 11.968768000000011 0 974212 0.2165 0.00043023255813956496
1645246088938 0 11.961160000000007 0 128759 0.028499999999999998 0.00043023255813956496
1645246093046 0 11.700353000000007 0 199367 0.0441 0.00006976744186043549
1645246097153 0 11.694470999999993 0 220759 0.0484 0.00006976744186043549
1645246101176 0 11.686741000000012 0 149511 0.0407 0.00006976744186043549
1645246105136 0 11.672649000000007 0 118879 0.033800000000000004 0.00006976744186043549
1645246109022 0 11.915812000000017 0 85418 0.0263 0.00006976744186043549
1645246112870 0 11.871004999999997 0 68807 0.022 0.00006976744186043549
1645246117355 0 11.576458000000002 0 132565 0.0366 0.00006976744186043549
1645246121319 0 11.542415000000005 0 117262 0.0337 0.00006976744186043549
1645246125269 0 11.533717999999993 0 116418 0.033 0.00006976744186043549
1645246128971 0 11.778087 0 223024 0.056799999999999996 0.00006976744186043549
1645246133152 0 11.77266499999999 0 214538 0.054900000000000004 0.00006976744186043549
1645246136755 0 11.993065000000001 0 178191 0.047299999999999995 0.00006976744186043549
1645246140818 0 11.984702999999996 0 161454 0.043 0.00006976744186043549
1645246144988 0 11.729422 0 212225 0.05450000000000001 0.00006976744186043549
1645246149128 0 11.722796000000017 0 195858 0.051000000000000004 0.00006976744186043549
1645246153103 0 11.710971 0 119665 0.0339 0.00006976744186043549
1645246157066 0 11.704583000000014 0 108667 0.0318 0.00006976744186043549
1645246160902 0 11.948603999999989 0 64782 0.0212 0.00006976744186043549
1645246164788 0 11.93947700000001 0 87523 0.0264 0.00006976744186043549
1645246168828 0 11.934600999999986 0 155607 0.0419 0.00006976744186043549
1645246173240 0 11.672247000000027 0 100404 0.029199999999999997 0.00006976744186043549
1645246176839 0 11.913091000000009 0 183614 0.0482 0.00006976744186043549
1645246180973 0 11.907564999999977 0 197686 0.0509 0.00006976744186043549
1645246185160 0 11.651663999999982 0 217520 0.05600000000000001 0.00006976744186043549
1645246189150 0 11.643129999999985 0 132353 0.0363 0.00006976744186043549
1645246193298 0 11.634867999999983 0 199853 0.0526 0.00006976744186043549
1645246196988 0 11.848598999999979 0 225614 0.057199999999999994 0.00006976744186043549
1645246201012 0 11.841093999999998 0 150477 0.0409 0.00006976744186043549
1645246204984 0 11.834055999999975 0 117995 0.034 0.00006976744186043549
1645246208864 0 11.824524999999994 0 86503 0.026600000000000002 0.00006976744186043549
1645246213222 0 11.569528999999989 0 67335 0.0217 0.00006976744186043549
1645246217210 0 11.559787000000028 0 132169 0.0366 0.00006976744186043549
1645246221171 0 11.548951999999986 0 118800 0.0335 0.00006976744186043549
1645246225131 0 11.79073900000003 0 116618 0.033100000000000004 0.00006976744186043549

