1645234348120 1 3.999999 868 346799 0.0726 -3.7323999999999997
1645234349886 3 6.251787 0 755039 0.1553 0.000174418604651283
1645234351705 3 8.433585 0 835161 0.1719 0.00043023255813956496
1645234353682 3 10.454812 0 908792 0.1874 0.00043023255813956496
1645234356439 3 11.855728 0 804438 0.1658 0.00043023255813956496
1645234360744 3 11.599616999999999 0 828659 0.17070000000000002 0.00043023255813956496
1645234364787 3 11.588369 0 937332 0.1931 0.00043023255813956496
1645234368496 3 11.830780999999998 0 776416 0.1598 0.00043023255813956496
1645234372725 3 11.571014000000002 0 1025687 0.21190000000000003 0.00043023255813956496
1645234376511 3 11.817332000000004 0 815426 0.1682 0.00043023255813956496
1645234380438 3 11.810789 0 884625 0.1825 0.00043023255813956496
1645234384409 3 11.792385000000003 0 904952 0.18680000000000002 0.00043023255813956496
1645234388470 3 11.784755000000004 0 954418 0.1964 0.00043023255813956496
1645234392447 3 11.778526 0 910446 0.18680000000000002 0.00043023255813956496
1645234396447 3 11.768721 0 922454 0.1905 0.00043023255813956496
1645234400490 3 11.76128 0 942842 0.1945 0.00043023255813956496
1645234404414 3 11.755658000000004 0 884128 0.18209999999999998 0.00043023255813956496
1645234408216 3 11.998196 0 828263 0.1705 0.00043023255813956496
1645234412338 3 11.991684000000006 0 981175 0.2023 0.00043023255813956496
1645234416379 3 11.972003999999998 0 939007 0.1928 0.00043023255813956496
1645234420221 3 11.966189999999997 0 841370 0.17350000000000002 0.00043023255813956496
1645234424276 3 11.958077000000003 0 947658 0.195 0.00043023255813956496
1645234428203 3 11.948340000000002 0 828958 0.1701 0.00043023255813956496
1645234432316 3 11.937089999999998 0 977791 0.2016 0.00043023255813956496
1645234436664 3 11.683079000000006 0 847215 0.17450000000000002 0.00043023255813956496
1645234440278 3 11.929614999999998 0 978032 0.2015 0.00043023255813956496
1645234444309 3 11.918807999999999 0 934237 0.19290000000000002 0.00043023255813956496
1645234448249 3 11.913004999999998 0 889600 0.1835 0.00043023255813956496
1645234452391 3 11.902793000000003 0 988774 0.2037 0.00043023255813956496
1645234456664 3 11.646095000000003 0 808061 0.16670000000000001 0.00043023255813956496
1645234460315 3 11.883224999999996 0 995677 0.20470000000000002 0.00043023255813956496
1645234464321 3 11.875830000000008 0 924757 0.1908 0.00043023255813956496
1645234468586 3 11.618409999999997 0 808228 0.1665 0.00043023255813956496
1645234472774 3 11.610848000000004 0 1014212 0.2081 0.00043023255813956496
1645234476614 3 11.60071099999999 0 845218 0.1736 0.00043023255813956496
1645234480586 3 11.595939000000016 0 910767 0.1871 0.00043023255813956496
1645234484548 3 11.834942000000012 0 901777 0.1853 0.00043023255813956496
1645234488642 3 11.570363000000015 0 967347 0.19870000000000002 0.00043023255813956496
1645234492684 3 11.561115999999998 0 935273 0.193 0.00043023255813956496
1645234496670 3 11.549754000000007 0 916928 0.1885 0.00043023255813956496
1645234500717 3 11.543993 0 940743 0.194 0.00043023255813956496
1645234504636 3 11.533995000000004 0 877888 0.1807 0.00043023255813956496
1645234508468 3 11.778354000000007 0 839766 0.1726 0.00043023255813956496
1645234512582 3 11.76930200000001 0 976062 0.2011 0.00043023255813956496
1645234516658 3 11.512319999999988 0 958353 0.1972 0.00043023255813956496
1645234520483 3 11.751206999999994 0 836268 0.1723 0.00043023255813956496
1645234524586 3 11.738923 0 968967 0.19990000000000002 0.00043023255813956496
1645234528383 3 11.985511000000002 0 825839 0.16970000000000002 0.00043023255813956496
1645234532491 3 11.727508 0 974212 0.2002 0.00043023255813956496
1645234536385 3 11.969117000000011 0 867483 0.1793 0.00043023255813956496
1645234540525 3 11.709804999999989 0 987232 0.2031 0.00043023255813956496
1645234544536 3 11.702266000000009 0 921956 0.1899 0.00043023255813956496
1645234548524 3 11.686500999999993 0 913803 0.1885 0.00043023255813956496
1645234552595 3 11.675350000000009 0 958215 0.1973 0.00043023255813956496
1645234556411 3 11.918672000000015 0 832934 0.1711 0.00043023255813956496
1645234560584 3 11.651917999999995 0 1005593 0.20659999999999998 0.00043023255813956496
1645234564616 3 11.639398 0 935985 0.1927 0.00043023255813956496
1645234568376 3 11.876261 0 802415 0.1651 0.00043023255813956496
1645234572534 3 11.611891000000014 0 999009 0.20579999999999998 0.00043023255813956496
1645234576462 3 11.856065000000001 0 869418 0.179 0.00043023255813956496
1645234580417 3 11.849336999999991 0 897686 0.1852 0.00043023255813956496
1645234584508 3 11.836657000000002 0 960141 0.1983 0.00043023255813956496
1645234588491 3 11.821538000000004 0 914618 0.1885 0.00043023255813956496
1645234592553 3 11.813178999999991 0 949031 0.1958 0.00043023255813956496
1645234596554 3 11.806218999999999 0 919929 0.1897 0.00043023255813956496
1645234600573 3 11.792483000000004 0 930570 0.1917 0.00043023255813956496
1645234604532 3 11.783633000000009 0 894188 0.18409999999999999 0.00043023255813956496
1645234608380 3 11.776966000000016 0 835562 0.1721 0.00043023255813956496
1645234612585 3 11.769535000000019 0 986170 0.20339999999999997 0.00043023255813956496
1645234616681 3 11.504001000000017 0 955812 0.19690000000000002 0.00043023255813956496
1645234620515 3 11.742126999999982 0 837688 0.173 0.00043023255813956496
1645234624641 3 11.730876000000023 0 972932 0.2 0.00043023255813956496
1645234628409 3 11.975993000000017 0 807690 0.1664 0.00043023255813956496
1645234632514 3 11.719089999999994 0 968173 0.1991 0.00043023255813956496
1645234636414 3 11.958720000000028 0 872734 0.1797 0.00043023255813956496
1645234640564 3 11.703908000000013 0 991679 0.20379999999999998 0.00043023255813956496
1645234644582 3 11.675099999999986 0 930061 0.1913 0.00043023255813956496
1645234648516 3 11.664810999999986 0 884740 0.1826 0.00043023255813956496
1645234652629 3 11.65643799999998 0 968599 0.19990000000000002 0.00043023255813956496
1645234656473 3 11.891992000000016 0 848189 0.1742 0.00043023255813956496
1645234660615 3 11.628881999999976 0 989262 0.20379999999999998 0.00043023255813956496
1645234664634 3 11.615253999999993 0 929927 0.1893 0.00043023255813956496
1645234668497 3 11.849234000000024 0 845977 0.1739 0.00043023255813956496
1645234672688 3 11.592808999999988 0 1009703 0.2083 0.00043023255813956496
1645234676572 3 11.577449000000001 0 861836 0.1776 0.00043023255813956496

