1645256601621 1 3.999999 2941 346799 0.2837 -12.6463
1645256603576 0 6.07145 0 213385 0.1755 0.00017441860465117198
1645256604837 0 8.809721 0 141806 0.11599999999999999 0.00006976744186043549
1645256605847 0 11.799342000000001 0 112578 0.091 0.00006976744186043549
1645256610109 0 11.695632 0 80671 0.0655 0.00006976744186043549
1645256613763 0 11.937598 0 68729 0.055700000000000006 0.00006976744186043549
1645256617990 0 11.680254999999999 0 137895 0.11240000000000001 0.00006976744186043549
1645256622029 0 11.67333 0 114138 0.09290000000000001 0.00006976744186043549
1645256626173 0 11.667098000000003 0 126013 0.1036 0.00006976744186043549
1645256630057 0 11.661589000000003 0 217236 0.178 0.00006976744186043549
1645256633946 0 11.900471000000003 0 219398 0.1794 0.00006976744186043549
1645256637994 0 11.89537 0 177648 0.14479999999999998 0.00006976744186043549
1645256641957 0 11.886832000000005 0 166856 0.13640000000000002 0.00006976744186043549
1645256645890 0 11.882801 0 223685 0.18309999999999998 0.00006976744186043549
1645256650165 0 11.627231000000002 0 206455 0.1679 0.00006976744186043549
1645256654261 0 11.617557000000005 0 121534 0.0996 0.00006976744186043549
1645256658227 0 11.612525000000005 0 105092 0.086 0.00006976744186043549
1645256661835 0 11.856323000000003 0 63086 0.0505 0.00006976744186043549
1645256666138 0 11.593129000000005 0 87739 0.0707 0.00006976744186043549
1645256669987 0 11.837044000000006 0 152905 0.12490000000000001 0.00006976744186043549
1645256673909 0 11.830078999999998 0 100587 0.08209999999999999 0.00006976744186043549
1645256678026 0 11.822530999999998 0 186001 0.1514 0.00006976744186043549
1645256682270 0 11.555980000000005 0 201620 0.16399999999999998 0.00006976744186043549
1645256686150 0 11.552320000000009 0 218012 0.178 0.00006976744186043549
1645256690275 0 11.547205000000005 0 123058 0.1006 0.00006976744186043549
1645256694008 0 11.790571999999997 0 198856 0.1628 0.00006976744186043549
1645256697950 0 11.783569 0 223061 0.18309999999999998 0.00006976744186043549
1645256702226 0 11.524079999999998 0 143385 0.1176 0.00006976744186043549
1645256706285 0 11.519179000000008 0 117021 0.0948 0.00006976744186043549
1645256710057 0 11.763413 0 83595 0.0668 0.00006976744186043549
1645256714225 0 11.505526000000003 0 68011 0.055400000000000005 0.00006976744186043549
1645256717924 0 11.748595000000009 0 134264 0.10969999999999999 0.00006976744186043549
1645256721948 0 11.739202000000006 0 113722 0.0922 0.00006976744186043549
1645256726050 0 11.732208999999997 0 122694 0.0997 0.00006976744186043549
1645256729907 0 11.972925000000004 0 215146 0.1748 0.00006976744186043549
1645256733745 0 11.965981 0 213339 0.1739 0.00006976744186043549
1645256737793 0 11.954681999999991 0 176949 0.1451 0.00006976744186043549
1645256742184 0 11.693984 0 158356 0.12869999999999998 0.00006976744186043549
1645256746096 0 11.689271999999988 0 219852 0.1803 0.00006976744186043549
1645256749805 0 11.934180999999995 0 196864 0.1613 0.00006976744186043549
1645256753865 0 11.924419 0 116610 0.096 0.00006976744186043549
1645256757850 0 11.916944999999998 0 107223 0.0884 0.00006976744186043549
1645256761988 0 11.65987100000001 0 64332 0.0522 0.00006976744186043549
1645256765811 0 11.902158000000014 0 88753 0.072 0.00006976744186043549
1645256770174 0 11.645015 0 153489 0.1262 0.00006976744186043549
1645256774111 0 11.639060999999998 0 101805 0.0832 0.00006976744186043549
1645256778251 0 11.630075000000005 0 186822 0.1528 0.00006976744186043549
1645256781992 0 11.872326000000015 0 200149 0.1646 0.00006976744186043549
1645256785849 0 11.865262000000001 0 215305 0.1756 0.00006976744186043549
1645256790008 0 11.856217000000015 0 128759 0.10600000000000001 0.00006976744186043549
1645256794243 0 11.596654000000001 0 199367 0.1628 0.00006976744186043549
1645256798149 0 11.590810000000005 0 220759 0.1805 0.00006976744186043549
1645256801971 0 11.836387000000002 0 149511 0.1226 0.00006976744186043549
1645256806041 0 11.82597899999999 0 118879 0.0968 0.00006976744186043549
1645256809842 0 11.817736999999994 0 85418 0.06949999999999999 0.00006976744186043549
1645256813992 0 11.81065000000001 0 68807 0.055200000000000006 0.00006976744186043549
1645256818163 0 11.544989000000015 0 132565 0.1069 0.00006976744186043549
1645256822225 0 11.540109000000001 0 117262 0.0959 0.00006976744186043549
1645256826265 0 11.529485999999991 0 116418 0.0945 0.00006976744186043549
1645256830202 0 11.523762000000005 0 223024 0.18309999999999998 0.00006976744186043549
1645256834065 0 11.769013999999999 0 214538 0.1768 0.00006976744186043549
1645256838137 0 11.75642400000001 0 178191 0.14650000000000002 0.00006976744186043549
1645256842052 0 11.746758999999997 0 161454 0.13140000000000002 0.00006976744186043549
1645256845883 0 11.991194000000007 0 212225 0.1729 0.00006976744186043549
1645256850094 0 11.731694000000005 0 195858 0.1603 0.00006976744186043549
1645256854168 0 11.726047999999992 0 119665 0.0973 0.00006976744186043549
1645256858156 0 11.720384000000024 0 108667 0.0883 0.00006976744186043549
1645256861781 0 11.963436000000002 0 64782 0.0519 0.00006976744186043549
1645256866098 0 11.702560000000005 0 87523 0.0706 0.00006976744186043549
1645256869979 0 11.693337999999983 0 155607 0.1265 0.00006976744186043549
1645256873901 0 11.937501999999995 0 100404 0.08209999999999999 0.00006976744186043549
1645256877999 0 11.679805999999985 0 183614 0.1489 0.00006976744186043549
1645256882215 0 11.673299999999983 0 197686 0.1617 0.00006976744186043549
1645256886094 0 11.667853999999977 0 217520 0.178 0.00006976744186043549
1645256889761 0 11.912203999999974 0 132353 0.10729999999999999 0.00006976744186043549
1645256894004 0 11.654226999999992 0 199853 0.1641 0.00006976744186043549
1645256897951 0 11.897302000000025 0 225614 0.1843 0.00006976744186043549
1645256901783 0 11.889781000000028 0 150477 0.1236 0.00006976744186043549
1645256905842 0 11.881975000000011 0 117995 0.0957 0.00006976744186043549
1645256910146 0 11.625485000000026 0 86503 0.06939999999999999 0.00006976744186043549
1645256913782 0 11.87104800000003 0 67335 0.054400000000000004 0.00006976744186043549
1645256917977 0 11.864103999999998 0 132169 0.10869999999999999 0.00006976744186043549
1645256922054 0 11.604794000000027 0 118800 0.0972 0.00006976744186043549
1645256926105 0 11.595203000000026 0 116618 0.0945 0.00006976744186043549

