1645255710651 1 3.999999 6387 346799 0.6267 -27.4641
1645255714733 0 4.369306 439 213385 0.3843 -1.8875255813953484
1645255717429 0 5.672378000000001 0 141806 0.258 0.00006976744186043549
1645255719560 0 7.5410260000000005 0 112578 0.20099999999999998 0.00006976744186043549
1645255721119 0 9.981620999999999 0 80671 0.1441 0.00006976744186043549
1645255723471 0 11.789681 0 68729 0.12290000000000001 0.00006976744186043549
1645255727577 0 11.527769 0 137895 0.24910000000000002 0.00006976744186043549
1645255731761 0 11.518391999999999 0 114138 0.2069 0.00006976744186043549
1645255735640 0 11.510237000000004 0 126013 0.2278 0.00006976744186043549
1645255739723 0 11.379128000000001 0 217236 0.396 0.00006976744186043549
1645255743801 0 11.299825000000006 0 219398 0.396 0.00006976744186043549
1645255747602 0 11.724798 0 177648 0.318 0.00006976744186043549
1645255751211 0 11.963678999999999 0 166856 0.3006 0.00006976744186043549
1645255755378 0 11.722463000000005 0 223685 0.40490000000000004 0.00006976744186043549
1645255759250 0 11.850002000000003 0 206455 0.375 0.00006976744186043549
1645255763559 0 11.687599000000006 0 121534 0.219 0.00006976744186043549
1645255767554 0 11.678536000000001 0 105092 0.1888 0.00006976744186043549
1645255771322 0 11.918316000000004 0 63086 0.11399999999999999 0.00006976744186043549
1645255775504 0 11.659841999999998 0 87739 0.156 0.00006976744186043549
1645255779367 0 11.904553000000007 0 152905 0.2762 0.00006976744186043549
1645255783299 0 11.89782600000001 0 100587 0.1829 0.00006976744186043549
1645255787265 0 11.892314999999996 0 186001 0.33599999999999997 0.00006976744186043549
1645255791525 0 11.633998000000005 0 201620 0.363 0.00006976744186043549
1645255795577 0 11.522818999999998 0 218012 0.39289999999999997 0.00006976744186043549
1645255799422 0 11.866639000000006 0 123058 0.2218 0.00006976744186043549
1645255803142 0 11.958455999999998 0 198856 0.36 0.00006976744186043549
1645255807316 0 11.787019999999998 0 223061 0.4051 0.00006976744186043549
1645255811546 0 11.582054 0 143385 0.2611 0.00006976744186043549
1645255815760 0 11.567327000000006 0 117021 0.21000000000000002 0.00006976744186043549
1645255819359 0 11.805762999999999 0 83595 0.1496 0.00006976744186043549
1645255823694 0 11.545960000000008 0 68011 0.12310000000000001 0.00006976744186043549
1645255827741 0 11.537807 0 134264 0.2428 0.00006976744186043549
1645255831401 0 11.778175000000005 0 113722 0.20400000000000001 0.00006976744186043549
1645255835743 0 11.518994000000006 0 122694 0.22200000000000003 0.00006976744186043549
1645255839713 0 11.38935699999999 0 215146 0.387 0.00006976744186043549
1645255843669 0 11.431190000000015 0 213339 0.3841 0.00006976744186043549
1645255847501 0 11.735923000000014 0 176949 0.3207 0.00006976744186043549
1645255851480 0 11.728137000000004 0 158356 0.28490000000000004 0.00006976744186043549
1645255855577 0 11.523225999999994 0 219852 0.3989 0.00006976744186043549
1645255859269 0 11.831456000000003 0 196864 0.3568 0.00006976744186043549
1645255863490 0 11.69969900000001 0 116610 0.2098 0.00006976744186043549
1645255867511 0 11.691127999999992 0 107223 0.1918 0.00006976744186043549
1645255871251 0 11.931377999999995 0 64332 0.11379999999999998 0.00006976744186043549
1645255875454 0 11.674579999999992 0 88753 0.15889999999999999 0.00006976744186043549
1645255879323 0 11.918855000000008 0 153489 0.2759 0.00006976744186043549
1645255883263 0 11.913967000000014 0 101805 0.1832 0.00006976744186043549
1645255887281 0 11.906425000000013 0 186822 0.3392 0.00006976744186043549
1645255891543 0 11.645587000000006 0 200149 0.3629 0.00006976744186043549
1645255895541 0 11.559580000000011 0 215305 0.3899 0.00006976744186043549
1645255899500 0 11.627693999999991 0 128759 0.23399999999999999 0.00006976744186043549
1645255903225 0 11.874931000000004 0 199367 0.36 0.00006976744186043549
1645255907332 0 11.770454 0 220759 0.399 0.00006976744186043549
1645255911662 0 11.596123000000006 0 149511 0.2693 0.00006976744186043549
1645255915460 0 11.840182999999996 0 118879 0.2158 0.00006976744186043549
1645255919645 0 11.583681000000013 0 85418 0.1558 0.00006976744186043549
1645255923482 0 11.825380999999993 0 68807 0.12290000000000001 0.00006976744186043549
1645255927496 0 11.817943000000014 0 132565 0.2399 0.00006976744186043549
1645255931741 0 11.558213999999992 0 117262 0.2129 0.00006976744186043549
1645255935442 0 11.803236999999996 0 116418 0.21030000000000001 0.00006976744186043549
1645255939611 0 11.490425000000016 0 223024 0.40490000000000004 0.00006976744186043549
1645255943637 0 11.463056999999992 0 214538 0.3899 0.00006976744186043549
1645255947493 0 11.760659000000004 0 178191 0.3244 0.00006976744186043549
1645255951513 0 11.733261999999996 0 161454 0.2904 0.00006976744186043549
1645255955490 0 11.612455000000011 0 212225 0.3841 0.00006976744186043549
1645255959140 0 11.961625999999995 0 195858 0.3537 0.00006976744186043549
1645255963418 0 11.929193999999995 0 119665 0.21589999999999998 0.00006976744186043549
1645255967482 0 11.663242000000025 0 108667 0.1953 0.00006976744186043549
1645255971269 0 11.902266999999995 0 64782 0.1169 0.00006976744186043549
1645255975480 0 11.631064999999978 0 87523 0.1585 0.00006976744186043549
1645255979431 0 11.869020999999975 0 155607 0.2817 0.00006976744186043549
1645255983340 0 11.857848999999987 0 100404 0.1796 0.00006976744186043549
1645255987740 0 11.5822 0 183614 0.3301 0.00006976744186043549
1645255991425 0 11.679214000000002 0 197686 0.3567 0.00006976744186043549
1645255995498 0 11.602484000000004 0 217520 0.3955 0.00006976744186043549
1645255999521 0 11.774748999999986 0 132353 0.23959999999999998 0.00006976744186043549
1645256003269 0 11.830896999999993 0 199853 0.363 0.00006976744186043549
1645256007467 0 11.633479000000023 0 225614 0.40800000000000003 0.00006976744186043549
1645256011322 0 11.987909000000002 0 150477 0.273 0.00006976744186043549
1645256015565 0 11.723942000000022 0 117995 0.2129 0.00006976744186043549
1645256019195 0 11.95505700000001 0 86503 0.1532 0.00006976744186043549
1645256023522 0 11.697784000000013 0 67335 0.1199 0.00006976744186043549
1645256027510 0 11.686568000000022 0 132169 0.23679999999999998 0.00006976744186043549
1645256031260 0 11.92611800000003 0 118800 0.213 0.00006976744186043549

