1645231532321 1 3.999999 1532 346799 0.1427 -6.587599999999999
1645231535643 3 4.686722 0 755039 0.31120000000000003 0.000174418604651283
1645231539186 3 5.144584000000001 0 835161 0.3439 0.00043023255813956496
1645231543034 3 5.295386000000001 0 908792 0.3741 0.00043023255813956496
1645231546449 3 5.880527999999998 0 804438 0.3317 0.00043023255813956496
1645231549966 3 6.364324 0 828659 0.3408 0.00043023255813956496
1645231561309 3 4.491433000000001 5459 937332 1.1221 -23.47326976744186
1645231564735 3 5.052651999999998 0 776416 0.323 0.00043023255813956496
1645231569112 3 4.686809000000004 0 1025687 0.42210000000000003 0.00043023255813956496
1645231572615 3 5.176376000000005 0 815426 0.3363 0.00043023255813956496
1645231576391 3 5.403117999999999 0 884625 0.3629 0.00043023255813956496
1645231580230 3 5.561819 0 904952 0.372 0.00043023255813956496
1645231584693 3 5.448157999999999 0 954418 0.4123 0.00043023255813956496
1645231590976 3 4.3106010000000055 1212 910446 0.616 -5.21116976744186
1645231592761 1 6.5189710000000005 0 374050 0.1568 0.00043023255813956496
1645231596775 3 6.508972 0 942842 0.3891 0.000174418604651283
1645231600534 3 6.746811000000001 0 884128 0.3634 0.00043023255813956496
1645231604093 3 7.196083000000002 0 828263 0.3413 0.00043023255813956496
1645231608269 3 7.027031000000008 0 981175 0.40359999999999996 0.00043023255813956496
1645231612248 3 7.033940000000001 0 939007 0.3874 0.00043023255813956496
1645231615837 3 7.4466309999999964 0 841370 0.34700000000000003 0.00043023255813956496
1645231619859 3 7.426767999999996 0 947658 0.3907 0.00043023255813956496
1645231625848 3 5.431128000000001 0 828958 0.5779 0.00043023255813956496
1645231627733 1 7.5464660000000094 0 401133 0.1685 0.00043023255813956496
1645231631333 3 7.9461179999999985 0 847215 0.3483 0.000174418604651283
1645231635465 3 7.816268000000008 0 978032 0.4022 0.00043023255813956496
1645231639413 3 7.866797000000005 0 934237 0.3845 0.00043023255813956496
1645231643191 3 8.096429999999998 0 889600 0.3664 0.00043023255813956496
1645231647377 3 7.904956999999996 0 988774 0.4074 0.00043023255813956496
1645231650814 3 8.466121000000001 0 808061 0.3331 0.00043023255813956496
1645231657280 3 6.001332000000005 0 995677 0.6343 0.00043023255813956496
1645231659197 1 8.085976000000002 0 409513 0.1716 0.00043023255813956496
1645231662656 3 8.629092999999997 0 808228 0.333 0.000174418604651283
1645231666939 3 8.344893999999996 0 1014212 0.4171 0.00043023255813956496
1645231670514 3 8.766621000000015 0 845218 0.3468 0.00043023255813956496
1645231674390 3 8.895914000000005 0 910767 0.3752 0.00043023255813956496
1645231678547 3 8.731653999999992 0 901777 0.4027 0.00043023255813956496
1645231682644 3 8.636755999999991 0 967347 0.399 0.00043023255813956496
1645231686615 3 8.664350000000013 0 935273 0.3866 0.00043023255813956496
1645231690494 3 8.787016999999992 0 916928 0.3773 0.00043023255813956496
1645231694472 3 8.807095000000004 0 940743 0.387 0.00043023255813956496
1645231698193 3 9.087538999999992 0 877888 0.3617 0.00043023255813956496
1645231701751 3 9.530135999999999 0 839766 0.3463 0.00043023255813956496
1645231705872 3 9.407146000000012 0 976062 0.4022 0.00043023255813956496
1645231709923 3 9.356693000000007 0 958353 0.3949 0.00043023255813956496
1645231713474 3 9.807413999999994 0 836268 0.3444 0.00043023255813956496
1645231717579 3 9.706654000000015 0 968967 0.39940000000000003 0.00043023255813956496
1645231721081 3 10.198237000000006 0 825839 0.33999999999999997 0.00043023255813956496
1645231725197 3 10.082435000000004 0 974212 0.40119999999999995 0.00043023255813956496
1645231728873 3 10.40615600000001 0 867483 0.35750000000000004 0.00043023255813956496
1645231733032 3 10.247488000000004 0 987232 0.4056 0.00043023255813956496
1645231736928 3 10.350724000000014 0 921956 0.3794 0.00043023255813956496
1645231740799 3 10.483739000000014 0 913803 0.3765 0.00043023255813956496
1645231744842 3 10.436866000000009 0 958215 0.3944 0.00043023255813956496
1645231748372 3 10.907569999999993 0 832934 0.3429 0.00043023255813956496
1645231752625 3 10.658840999999995 0 1005593 0.4136 0.00043023255813956496
1645231756588 3 10.69368 0 935985 0.38580000000000003 0.00043023255813956496
1645231760025 3 11.254790000000014 0 802415 0.3317 0.00043023255813956496
1645231764245 3 11.035372999999993 0 999009 0.41200000000000003 0.00043023255813956496
1645231767937 3 11.342804000000001 0 869418 0.3586 0.00043023255813956496
1645231771740 3 11.53976800000001 0 897686 0.3704 0.00043023255813956496
1645231777956 3 9.323712999999998 0 960141 0.611 0.00043023255813956496
1645231779793 1 11.487559000000005 0 394237 0.1648 0.00043023255813956496
1645231783809 3 11.470399000000015 0 949031 0.38980000000000004 0.000174418604651283
1645231787706 3 11.574441000000007 0 919929 0.3778 0.00043023255813956496
1645231791640 3 11.640630000000016 0 930570 0.3826 0.00043023255813956496
1645231795422 3 11.857428000000027 0 894188 0.36829999999999996 0.00043023255813956496
1645231799474 3 11.922829999999976 0 835562 0.3447 0.00043023255813956496
1645231803638 3 11.641114000000016 0 986170 0.40659999999999996 0.00043023255813956496
1645231807682 3 11.59726599999999 0 955812 0.39390000000000003 0.00043023255813956496
1645231811739 3 11.65732300000002 0 837688 0.3453 0.00043023255813956496
1645231817997 3 9.284216000000015 0 972932 0.6155 0.00043023255813956496
1645231819592 1 11.686840000000018 0 335171 0.1403 0.00043023255813956496
1645231823689 3 11.592417000000012 0 968173 0.39790000000000003 0.000174418604651283
1645231827386 3 11.893371000000002 0 872734 0.3593 0.00043023255813956496
1645231831579 3 11.701769000000013 0 991679 0.40919999999999995 0.00043023255813956496
1645231835508 3 11.771222000000023 0 930061 0.3831 0.00043023255813956496
1645231839758 3 11.602621999999997 0 884740 0.365 0.00043023255813956496
1645231844039 3 11.24197700000002 0 968599 0.4162 0.00043023255813956496
1645231847629 3 11.652168000000017 0 848189 0.3492 0.00043023255813956496
1645231851859 3 11.420709999999985 0 989262 0.4083 0.00043023255813956496
1645231857895 3 9.385662000000025 0 929927 0.5936 0.00043023255813956496
1645231859542 1 11.738230999999985 0 347396 0.14579999999999999 0.00043023255813956496

