1645251105887 1 3.999999 868 346799 0.0752 -3.7323999999999997
1645251106781 1 7.117103 0 363755 0.0791 0.00017441860465117198
1645251107663 1 10.235710000000001 0 362842 0.0787 0.00017441860465117198
1645251110101 1 11.860105 0 384791 0.08399999999999999 0.00017441860465117198
1645251114086 3 11.851052 0 804438 0.1784 0.000174418604651283
1645251118070 3 11.846818999999998 0 828659 0.1881 0.00043023255813956496
1645251122234 3 11.838908999999997 0 937332 0.2064 0.00043023255813956496
1645251126525 3 11.581724999999999 0 776416 0.16870000000000002 0.00043023255813956496
1645251130345 3 11.575667000000003 0 1025687 0.22200000000000003 0.00043023255813956496
1645251134211 3 11.818253000000002 0 815426 0.1767 0.00043023255813956496
1645251138237 3 11.812496000000003 0 884625 0.19190000000000002 0.00043023255813956496
1645251142303 3 11.805261999999999 0 904952 0.1961 0.00043023255813956496
1645251146472 3 11.546491000000003 0 954418 0.2069 0.00043023255813956496
1645251150538 3 11.540985 0 910446 0.1971 0.00043023255813956496
1645251154137 3 11.783402000000002 0 922454 0.2002 0.00043023255813956496
1645251158284 3 11.778931 0 942842 0.2044 0.00043023255813956496
1645251162299 3 11.764636000000003 0 884128 0.1917 0.00043023255813956496
1645251166194 3 11.754365 0 828263 0.1794 0.00043023255813956496
1645251169915 3 11.999313999999998 0 981175 0.21280000000000002 0.00043023255813956496
1645251174051 3 11.994758000000004 0 939007 0.20350000000000001 0.00043023255813956496
1645251177977 3 11.982472999999999 0 841370 0.1826 0.00043023255813956496
1645251182131 3 11.974717999999996 0 947658 0.2051 0.00043023255813956496
1645251186028 3 11.960186000000007 0 828958 0.1789 0.00043023255813956496
1645251190246 3 11.702213 0 977791 0.2124 0.00043023255813956496
1645251194175 3 11.948689000000002 0 847215 0.1833 0.00043023255813956496
1645251198403 3 11.692295999999999 0 978032 0.21200000000000002 0.00043023255813956496
1645251202052 3 11.934590999999998 0 934237 0.20249999999999999 0.00043023255813956496
1645251206082 3 11.928690000000003 0 889600 0.1926 0.00043023255813956496
1645251210329 3 11.671306000000001 0 988774 0.2143 0.00043023255813956496
1645251214177 3 11.908166000000008 0 808061 0.17509999999999998 0.00043023255813956496
1645251218440 3 11.597549 0 995677 0.21600000000000003 0.00043023255813956496
1645251222545 3 11.584764000000007 0 924757 0.20049999999999998 0.00043023255813956496
1645251226393 3 11.579374999999999 0 808228 0.17470000000000002 0.00043023255813956496
1645251230189 3 11.820724999999996 0 1014212 0.2198 0.00043023255813956496
1645251234119 3 11.81619599999999 0 845218 0.1832 0.00043023255813956496
1645251238196 3 11.810949999999991 0 910767 0.1975 0.00043023255813956496
1645251242259 3 11.800350000000009 0 901777 0.195 0.00043023255813956496
1645251246462 3 11.54367099999999 0 967347 0.2098 0.00043023255813956496
1645251250591 3 11.535751000000005 0 935273 0.2024 0.00043023255813956496
1645251254182 3 11.767095000000012 0 916928 0.1986 0.00043023255813956496
1645251258323 3 11.75639799999999 0 940743 0.20379999999999998 0.00043023255813956496
1645251262322 3 11.750624000000016 0 877888 0.19019999999999998 0.00043023255813956496
1645251266243 3 11.746392000000014 0 839766 0.1822 0.00043023255813956496
1645251269960 3 11.986986000000002 0 976062 0.21190000000000003 0.00043023255813956496
1645251274138 3 11.982287000000014 0 958353 0.20800000000000002 0.00043023255813956496
1645251278049 3 11.973849999999999 0 836268 0.18109999999999998 0.00043023255813956496
1645251282249 3 11.710836 0 968967 0.2098 0.00043023255813956496
1645251286145 3 11.954848999999996 0 825839 0.179 0.00043023255813956496
1645251290364 3 11.697405000000003 0 974212 0.21150000000000002 0.00043023255813956496
1645251294349 3 11.688063999999997 0 867483 0.18839999999999998 0.00043023255813956496
1645251298089 3 11.934237999999993 0 987232 0.21349999999999997 0.00043023255813956496
1645251302192 3 11.918231999999989 0 921956 0.1992 0.00043023255813956496
1645251306278 3 11.660341000000017 0 913803 0.19770000000000001 0.00043023255813956496
1645251310453 3 11.652236000000016 0 958215 0.20729999999999998 0.00043023255813956496
1645251314357 3 11.643090999999998 0 832934 0.1805 0.00043023255813956496
1645251318174 3 11.808313999999996 0 1005593 0.2178 0.00043023255813956496
1645251322324 3 11.804041000000012 0 935985 0.2028 0.00043023255813956496
1645251326167 3 11.799598000000003 0 802415 0.17450000000000002 0.00043023255813956496
1645251330432 3 11.540941000000004 0 999009 0.2164 0.00043023255813956496
1645251334420 3 11.537509 0 869418 0.1887 0.00043023255813956496
1645251338473 3 11.532319000000001 0 897686 0.1946 0.00043023255813956496
1645251342345 3 11.77240599999999 0 960141 0.2231 0.00043023255813956496
1645251346430 3 11.71643499999999 0 914618 0.1983 0.00043023255813956496
1645251350091 3 11.949355999999995 0 949031 0.20590000000000003 0.00043023255813956496
1645251354182 3 11.940496999999993 0 919929 0.1992 0.00043023255813956496
1645251358294 3 11.678900999999996 0 930570 0.2016 0.00043023255813956496
1645251362337 3 11.674237000000005 0 894188 0.1943 0.00043023255813956496
1645251366251 3 11.66144700000001 0 835562 0.1813 0.00043023255813956496
1645251370491 3 11.655486999999994 0 986170 0.2136 0.00043023255813956496
1645251374172 3 11.897549000000026 0 955812 0.2069 0.00043023255813956496
1645251378085 3 11.887966000000006 0 837688 0.1802 0.00043023255813956496
1645251382292 3 11.627223000000015 0 972932 0.21080000000000002 0.00043023255813956496
1645251386142 3 11.86969700000003 0 807690 0.1749 0.00043023255813956496
1645251390344 3 11.609397999999999 0 968173 0.2101 0.00043023255813956496
1645251394344 3 11.600363000000016 0 872734 0.1897 0.00043023255813956496
1645251398097 3 11.843244000000027 0 991679 0.2152 0.00043023255813956496
1645251402211 3 11.838530999999989 0 930061 0.2015 0.00043023255813956496
1645251406230 3 11.833889 0 884740 0.1917 0.00043023255813956496
1645251410431 3 11.57473600000003 0 968599 0.20990000000000003 0.00043023255813956496
1645251414368 3 11.569823999999983 0 848189 0.18380000000000002 0.00043023255813956496
1645251418123 3 11.812877000000015 0 989262 0.21480000000000002 0.00043023255813956496
1645251422240 3 11.798970999999995 0 929927 0.2017 0.00043023255813956496
1645251426178 3 11.792056000000002 0 845977 0.1834 0.00043023255813956496
1645251430467 3 11.536106000000018 0 1009703 0.2185 0.00043023255813956496
1645251434436 3 11.526264000000026 0 861836 0.187 0.00043023255813956496

