1645249100007 1 3.999999 3894 346799 0.3779 -16.7442
1645249103101 0 4.91943 0 213385 0.23220000000000002 0.00017441860465117198
1645249104778 0 7.242622000000001 0 141806 0.1538 0.00006976744186043549
1645249106108 0 9.910926 0 112578 0.1212 0.00006976744186043549
1645249108099 0 11.926143999999999 0 80671 0.087 0.00006976744186043549
1645249112465 0 11.665793999999998 0 68729 0.0733 0.00006976744186043549
1645249116610 0 11.639698 0 137895 0.1503 0.00006976744186043549
1645249120482 0 11.618915999999999 0 114138 0.1247 0.00006976744186043549
1645249124485 0 11.609648000000004 0 126013 0.1368 0.00006976744186043549
1645249128470 0 11.602281000000001 0 217236 0.23570000000000002 0.00006976744186043549
1645249132597 1 11.424061000000002 0 366374 0.39990000000000003 0.000069767441860491
1645249136552 1 11.468818000000006 0 352030 0.3823 0.00017441860465117198
1645249140706 1 11.317377 0 371605 0.403 0.00017441860465117198
1645249145015 1 11.005681000000003 0 385670 0.41859999999999997 0.00017441860465117198
1645249149212 1 10.806876000000003 0 374050 0.40679999999999994 0.00017441860465117198
1645249153326 1 10.692440000000005 0 367058 0.398 0.00017441860465117198
1645249157561 1 10.458052000000002 0 377983 0.4117 0.00017441860465117198
1645249161274 1 10.745443999999999 0 326924 0.35550000000000004 0.00017441860465117198
1645249165628 1 10.391579000000007 0 388939 0.42350000000000004 0.00017441860465117198
1645249170022 1 9.999779000000004 0 392939 0.4271 0.00017441860465117198
1645249174082 1 9.936463000000003 0 362131 0.39289999999999997 0.00017441860465117198
1645249178578 1 9.441500000000005 0 402712 0.4372 0.00017441860465117198
1645249182248 1 9.770831999999999 0 327400 0.3553 0.00017441860465117198
1645249186740 1 9.279295000000005 0 401133 0.43739999999999996 0.00017441860465117198
1645249190345 1 9.674138 0 317452 0.3451 0.00017441860465117198
1645249194760 1 9.259223000000006 0 391753 0.42699999999999994 0.00017441860465117198
1645249199096 1 8.923729000000009 0 384934 0.4183 0.00017441860465117198
1645249200815 0 11.204087999999999 0 143385 0.1553 0.00017441860465117198
1645249204220 0 11.851431000000005 0 117021 0.1261 0.00006976744186043549
1645249208229 0 11.843198000000001 0 83595 0.0887 0.00006976744186043549
1645249212610 0 11.584838000000005 0 68011 0.07339999999999999 0.00006976744186043549
1645249216695 0 11.340215999999998 0 134264 0.1449 0.00006976744186043549
1645249220557 0 11.536815000000004 0 113722 0.12310000000000001 0.00006976744186043549
1645249224507 0 11.525423000000004 0 122694 0.13340000000000002 0.00006976744186043549
1645249228457 0 11.767803000000015 0 215146 0.2325 0.00006976744186043549
1645249232681 1 11.338099 0 374730 0.4081 0.000069767441860491
1645249236626 1 11.394134000000008 0 353022 0.3826 0.00017441860465117198
1645249241019 1 10.99968100000001 0 393253 0.42699999999999994 0.00017441860465117198
1645249245170 1 10.849525999999997 0 368813 0.4013 0.00017441860465117198
1645249249352 1 10.666919000000007 0 372578 0.4043 0.00017441860465117198
1645249253537 1 10.482080999999994 0 374507 0.4062 0.00017441860465117198
1645249257708 1 10.311161999999996 0 372824 0.4048 0.00017441860465117198
1645249261379 1 10.639837999999997 0 326437 0.3537 0.00017441860465117198
1645249265687 1 10.332872000000009 0 383127 0.41689999999999994 0.00017441860465117198
1645249270159 1 9.859994 0 400632 0.4354 0.00017441860465117198
1645249274009 1 10.010089999999991 0 342596 0.3729 0.00017441860465117198
1645249278582 1 9.437311999999991 0 407655 0.44420000000000004 0.00017441860465117198
1645249282373 1 9.646360000000016 0 337450 0.3668 0.00017441860465117198
1645249284818 0 11.201851000000005 0 215305 0.2323 0.00017441860465117198
1645249288339 0 11.861694 0 128759 0.1401 0.00006976744186043549
1645249292626 0 11.604196000000002 0 199367 0.2169 0.00006976744186043549
1645249296643 0 11.59763000000001 0 220759 0.2391 0.00006976744186043549
1645249300427 0 11.591982000000002 0 149511 0.1623 0.00006976744186043549
1645249304353 0 11.837842999999992 0 118879 0.12940000000000002 0.00006976744186043549
1645249308403 0 11.826933999999994 0 85418 0.0939 0.00006976744186043549
1645249312264 0 11.821514000000008 0 68807 0.0733 0.00006976744186043549
1645249316325 0 11.804514000000012 0 132565 0.1434 0.00006976744186043549
1645249320253 0 11.78601900000001 0 117262 0.1273 0.00006976744186043549
1645249324636 0 11.524002999999993 0 116418 0.1264 0.00006976744186043549
1645249328689 0 11.510059000000012 0 223024 0.24289999999999998 0.00006976744186043549
1645249332632 0 11.501035000000002 0 214538 0.2323 0.00006976744186043549
1645249336208 0 11.993262000000016 0 178191 0.1951 0.00006976744186043549
1645249340084 0 11.981964000000005 0 161454 0.1743 0.00006976744186043549
1645249344507 0 11.724501000000004 0 212225 0.2305 0.00006976744186043549
1645249348276 0 11.965120000000013 0 195858 0.21349999999999997 0.00006976744186043549
1645249352217 0 11.926235999999989 0 119665 0.1298 0.00006976744186043549
1645249356511 0 11.661231999999984 0 108667 0.1177 0.00006976744186043549
1645249360320 0 11.903277000000003 0 64782 0.06810000000000001 0.00006976744186043549
1645249364404 0 11.647926999999981 0 87523 0.09559999999999999 0.00006976744186043549
1645249368222 0 11.891611000000012 0 155607 0.1691 0.00006976744186043549
1645249372435 0 11.622390999999993 0 100404 0.10800000000000001 0.00006976744186043549
1645249376538 0 11.616706000000022 0 183614 0.198 0.00006976744186043549
1645249380311 0 11.862430000000018 0 197686 0.2152 0.00006976744186043549
1645249384292 0 11.856716000000006 0 217520 0.23559999999999998 0.00006976744186043549
1645249388349 0 11.848484999999982 0 132353 0.14350000000000002 0.00006976744186043549
1645249392654 0 11.584908999999982 0 199853 0.21669999999999998 0.00006976744186043549
1645249396210 0 11.823865000000012 0 225614 0.244 0.00006976744186043549
1645249400480 0 11.56584300000003 0 150477 0.16419999999999998 0.00006976744186043549
1645249404375 0 11.805346999999983 0 117995 0.1283 0.00006976744186043549
1645249408443 0 11.799784999999986 0 86503 0.09409999999999999 0.00006976744186043549
1645249412291 0 11.791859999999986 0 67335 0.0718 0.00006976744186043549
1645249416366 0 11.781983000000025 0 132169 0.1436 0.00006976744186043549
1645249420296 0 11.776159000000007 0 118800 0.1301 0.00006976744186043549

