1645247539637 1 3.999999 1797 346799 0.1674 -7.727099999999999
1645247541497 1 6.1388869999999995 0 363755 0.17609999999999998 0.00017441860465117198
1645247543346 1 8.289237 0 362842 0.17470000000000002 0.00017441860465117198
1645247545309 1 10.326899000000001 0 384791 0.1857 0.00017441860465117198
1645247548056 1 11.776950999999999 0 339137 0.1639 0.00017441860465117198
1645247552046 1 11.771512 0 393219 0.1886 0.00017441860465117198
1645247556099 1 11.762387 0 406206 0.1956 0.00017441860465117198
1645247560176 1 11.505357999999998 0 303135 0.1467 0.00017441860465117198
1645247563781 1 11.996491000000002 0 414092 0.2001 0.00017441860465117198
1645247568014 1 11.734192000000004 0 337705 0.1631 0.00017441860465117198
1645247571895 1 11.964110000000005 0 366374 0.1778 0.00017441860465117198
1645247575700 1 11.954285000000006 0 352030 0.1703 0.00017441860465117198
1645247580093 1 11.692859000000006 0 371605 0.1792 0.00017441860465117198
1645247584061 1 11.680131000000003 0 385670 0.1864 0.00017441860465117198
1645247587963 1 11.920129000000003 0 374050 0.1805 0.00017441860465117198
1645247591844 1 11.902869000000003 0 367058 0.1768 0.00017441860465117198
1645247595775 1 11.894061 0 377983 0.1829 0.00017441860465117198
1645247599948 1 11.887944000000005 0 326924 0.1573 0.00017441860465117198
1645247603930 1 11.881650000000008 0 388939 0.1875 0.00017441860465117198
1645247607930 1 11.871218999999996 0 392939 0.19 0.00017441860465117198
1645247611784 1 11.863425000000007 0 362131 0.1742 0.00017441860465117198
1645247615828 1 11.849331000000006 0 402712 0.19419999999999998 0.00017441860465117198
1645247620027 1 11.838406000000006 0 327400 0.15789999999999998 0.00017441860465117198
1645247624072 1 11.578407999999996 0 401133 0.1945 0.00017441860465117198
1645247628211 1 11.571140999999997 0 317452 0.1535 0.00017441860465117198
1645247632206 1 11.564778000000004 0 391753 0.1891 0.00017441860465117198
1645247636172 1 11.557682999999997 0 384934 0.1865 0.00017441860465117198
1645247640038 1 11.798018999999996 0 367179 0.1767 0.00017441860465117198
1645247644006 1 11.79084300000001 0 387965 0.18660000000000002 0.00017441860465117198
1645247648227 1 11.527292000000003 0 333821 0.1612 0.00017441860465117198
1645247652239 1 11.514955999999998 0 394452 0.19090000000000001 0.00017441860465117198
1645247656317 1 11.507588999999996 0 409513 0.1976 0.00017441860465117198
1645247659905 1 11.752651 0 307174 0.1488 0.00017441860465117198
1645247664034 1 11.747209999999995 0 420407 0.2029 0.00017441860465117198
1645247667780 1 11.991351000000009 0 340231 0.16419999999999998 0.00017441860465117198
1645247671685 1 11.983318999999995 0 374730 0.1805 0.00017441860465117198
1645247675984 1 11.72622899999999 0 353022 0.1695 0.00017441860465117198
1645247679988 1 11.717732000000012 0 393253 0.1897 0.00017441860465117198
1645247683860 1 11.960949999999997 0 368813 0.17709999999999998 0.00017441860465117198
1645247687763 1 11.901540000000011 0 372578 0.1796 0.00017441860465117198
1645247692177 1 11.693201000000016 0 374507 0.1813 0.00017441860465117198
1645247696085 1 11.682500000000005 0 372824 0.1797 0.00017441860465117198
1645247699766 1 11.925609000000009 0 326437 0.158 0.00017441860465117198
1645247704210 1 11.667756999999995 0 383127 0.1845 0.00017441860465117198
1645247707751 1 11.901913000000008 0 400632 0.1936 0.00017441860465117198
1645247712005 1 11.64588599999999 0 342596 0.1651 0.00017441860465117198
1645247716082 1 11.639387999999997 0 407655 0.1968 0.00017441860465117198
1645247719812 1 11.881719000000004 0 337450 0.1626 0.00017441860465117198
1645247723859 1 11.871263999999996 0 404220 0.19490000000000002 0.00017441860465117198
1645247728066 1 11.61460199999999 0 331794 0.1603 0.00017441860465117198
1645247732053 1 11.607475999999991 0 390086 0.18819999999999998 0.00017441860465117198
1645247736025 1 11.84999400000001 0 387516 0.1871 0.00017441860465117198
1645247739890 1 11.843615999999997 0 365827 0.1764 0.00017441860465117198
1645247743883 1 11.835777000000007 0 392579 0.1895 0.00017441860465117198
1645247748119 1 11.573332999999991 0 337939 0.16319999999999998 0.00017441860465117198
1645247752184 1 11.559331000000014 0 406896 0.19619999999999999 0.00017441860465117198
1645247756174 1 11.55287899999999 0 390582 0.1886 0.00017441860465117198
1645247759869 1 11.788850999999994 0 328479 0.15940000000000001 0.00017441860465117198
1645247763899 1 11.784145999999993 0 399016 0.1928 0.00017441860465117198
1645247768301 1 11.52104 0 370990 0.1799 0.00017441860465117198
1645247772194 1 11.51524599999999 0 371149 0.17909999999999998 0.00017441860465117198
1645247776087 1 11.76028199999999 0 372261 0.1795 0.00017441860465117198
1645247780102 1 11.752936000000005 0 394237 0.1907 0.00017441860465117198
1645247783986 1 11.746777000000009 0 368311 0.1776 0.00017441860465117198
1645247787933 1 11.73857799999999 0 381418 0.18409999999999999 0.00017441860465117198
1645247791805 1 11.984386999999998 0 368451 0.1776 0.00017441860465117198
1645247795705 1 11.969718999999998 0 371908 0.1797 0.00017441860465117198
1645247799897 1 11.963888999999995 0 328352 0.15789999999999998 0.00017441860465117198
1645247803828 1 11.959144999999978 0 379027 0.1825 0.00017441860465117198
1645247807898 1 11.882251999999994 0 407465 0.1966 0.00017441860465117198
1645247812116 1 11.695124000000021 0 333046 0.1609 0.00017441860465117198
1645247815739 1 11.937247000000013 0 416856 0.20179999999999998 0.00017441860465117198
1645247819961 1 11.679201999999975 0 335171 0.16160000000000002 0.00017441860465117198
1645247824005 1 11.66900800000002 0 401613 0.1943 0.00017441860465117198
1645247827737 1 11.91325599999999 0 337330 0.16319999999999998 0.00017441860465117198
1645247832234 1 11.647947999999985 0 391244 0.189 0.00017441860465117198
1645247836220 1 11.636398999999983 0 387864 0.1877 0.00017441860465117198
1645247840079 1 11.630061000000012 0 363813 0.17529999999999998 0.00017441860465117198
1645247844070 1 11.61970500000001 0 391839 0.1889 0.00017441860465117198
1645247847799 1 11.862998000000005 0 336898 0.1625 0.00017441860465117198
1645247852245 1 11.604512 0 381135 0.18409999999999999 0.00017441860465117198
1645247856212 1 11.593455000000006 0 386654 0.1867 0.00017441860465117198
1645247859993 1 11.832067999999992 0 347396 0.16699999999999998 0.00017441860465117198
1645247863994 1 11.823118000000022 0 392538 0.1896 0.00017441860465117198
1645247867876 1 11.819029999999998 0 367209 0.1777 0.00017441860465117198

