1645239414495 1 3.999999 1735 346799 0.1625 -7.4605
1645239416325 0 6.17296 0 213385 0.0993 0.00017441860465117198
1645239418157 1 8.342153 0 362842 0.1701 0.000069767441860491
1645239420085 1 10.412296000000001 0 384791 0.1799 0.00017441860465117198
1645239422801 1 11.835358 0 339137 0.1597 0.00017441860465117198
1645239426771 1 11.826935999999998 0 393219 0.1843 0.00017441860465117198
1645239430801 1 11.821528 0 406206 0.1899 0.00017441860465117198
1645239434840 1 11.810261 0 303135 0.1421 0.00017441860465117198
1645239438914 1 11.802663000000003 0 414092 0.1945 0.00017441860465117198
1645239443113 1 11.543213000000002 0 337705 0.1554 0.00017441860465117198
1645239446949 1 11.785307000000003 0 366374 0.1714 0.00017441860465117198
1645239451224 1 11.513541000000004 0 352030 0.1654 0.00017441860465117198
1645239454583 1 11.986240000000002 0 371605 0.1736 0.00017441860465117198
1645239459014 1 11.728372 0 385670 0.18080000000000002 0.00017441860465117198
1645239462885 1 11.698855000000002 0 374050 0.17509999999999998 0.00017441860465117198
1645239466720 1 11.944458000000004 0 367058 0.17170000000000002 0.00017441860465117198
1645239470611 1 11.934427 0 377983 0.1772 0.00017441860465117198
1645239474753 1 11.927023000000005 0 326924 0.1524 0.00017441860465117198
1645239478693 1 11.916611000000003 0 388939 0.182 0.00017441860465117198
1645239482653 1 11.902980999999997 0 392939 0.1844 0.00017441860465117198
1645239486968 1 11.645263999999997 0 362131 0.1696 0.00017441860465117198
1645239490970 1 11.638891000000001 0 402712 0.1883 0.00017441860465117198
1645239494646 1 11.883808000000002 0 327400 0.1532 0.00017441860465117198
1645239498648 1 11.873614000000003 0 401133 0.18839999999999998 0.00017441860465117198
1645239502762 1 11.865263999999996 0 317452 0.1492 0.00017441860465117198
1645239506719 1 11.849931999999995 0 391753 0.1834 0.00017441860465117198
1645239511152 1 11.595073 0 384934 0.1806 0.00017441860465117198
1645239514995 1 11.556326999999996 0 367179 0.1723 0.00017441860465117198
1645239518927 1 11.803246999999999 0 387965 0.18209999999999998 0.00017441860465117198
1645239523111 1 11.539392000000007 0 333821 0.15589999999999998 0.00017441860465117198
1645239527077 1 11.532342999999997 0 394452 0.1851 0.00017441860465117198
1645239531118 1 11.522987 0 409513 0.19219999999999998 0.00017441860465117198
1645239535174 1 11.507886999999997 0 307174 0.1442 0.00017441860465117198
1645239538765 1 11.750644000000008 0 420407 0.19770000000000001 0.00017441860465117198
1645239542975 1 11.745222000000012 0 340231 0.1597 0.00017441860465117198
1645239546845 1 11.738708000000003 0 374730 0.1752 0.00017441860465117198
1645239550633 1 11.984123000000011 0 353022 0.16519999999999999 0.00017441860465117198
1645239554594 1 11.977049999999991 0 393253 0.1834 0.00017441860465117198
1645239558943 1 11.714306999999991 0 368813 0.1728 0.00017441860465117198
1645239562803 1 11.708027000000016 0 372578 0.1739 0.00017441860465117198
1645239566678 1 11.954036000000002 0 374507 0.17509999999999998 0.00017441860465117198
1645239571036 1 11.697069999999997 0 372824 0.1746 0.00017441860465117198
1645239574683 1 11.923593000000011 0 326437 0.1525 0.00017441860465117198
1645239578590 1 11.916258999999997 0 383127 0.1793 0.00017441860465117198
1645239582634 1 11.908085 0 400632 0.1877 0.00017441860465117198
1645239586865 1 11.650100000000009 0 342596 0.1603 0.00017441860465117198
1645239590899 1 11.643623999999988 0 407655 0.1914 0.00017441860465117198
1645239595107 1 11.635311000000002 0 337450 0.1584 0.00017441860465117198
1645239599115 1 11.605654000000015 0 404220 0.1889 0.00017441860465117198
1645239602845 0 11.84602000000001 0 128759 0.0603 0.00017441860465117198
1645239606882 0 11.829713999999996 0 199367 0.0927 0.00006976744186043549
1645239611033 0 11.569340000000011 0 220759 0.10329999999999999 0.00006976744186043549
1645239614854 0 11.810025999999993 0 149511 0.0703 0.00006976744186043549
1645239619050 0 11.552797999999996 0 118879 0.0576 0.00006976744186043549
1645239623089 0 11.547269999999997 0 85418 0.0416 0.00006976744186043549
1645239627067 0 11.536946999999998 0 68807 0.034 0.00006976744186043549
1645239630837 0 11.774169 0 132565 0.06420000000000001 0.00006976744186043549
1645239635044 0 11.51256699999999 0 117262 0.05669999999999999 0.00006976744186043549
1645239639231 0 11.498387000000008 0 116418 0.05689999999999999 0.00006976744186043549
1645239642920 0 11.730346999999995 0 223024 0.1068 0.00006976744186043549
1645239646555 0 11.967253999999997 0 214538 0.1018 0.00006976744186043549
1645239651018 0 11.705052999999992 0 178191 0.0836 0.00006976744186043549
1645239654921 0 11.694724000000008 0 161454 0.0779 0.00006976744186043549
1645239658577 0 11.937813000000006 0 212225 0.10049999999999999 0.00006976744186043549
1645239662655 0 11.924837999999994 0 195858 0.09419999999999999 0.00006976744186043549
1645239666947 0 11.66740999999999 0 119665 0.0576 0.00006976744186043549
1645239670618 0 11.90681699999999 0 108667 0.053200000000000004 0.00006976744186043549
1645239675085 0 11.648121000000003 0 64782 0.0316 0.00006976744186043549
1645239678645 0 11.86316800000003 0 87523 0.0421 0.00006976744186043549
1645239683024 0 11.608032999999978 0 155607 0.074 0.00006976744186043549
1645239686654 0 11.849693000000002 0 100404 0.0492 0.00006976744186043549
1645239690662 0 11.83940100000001 0 183614 0.0871 0.00006976744186043549
1645239694749 0 11.832392000000027 0 197686 0.0937 0.00006976744186043549
1645239698928 0 11.574694000000022 0 217520 0.1036 0.00006976744186043549
1645239702690 0 11.818110999999988 0 132353 0.0634 0.00006976744186043549
1645239706772 0 11.809631000000024 0 199853 0.095 0.00006976744186043549
1645239710976 0 11.553832999999997 0 225614 0.10769999999999999 0.00006976744186043549
1645239714844 0 11.794985999999994 0 150477 0.07289999999999999 0.00006976744186043549
1645239719049 0 11.538114000000007 0 117995 0.05689999999999999 0.00006976744186043549
1645239723126 0 11.530092000000025 0 86503 0.041499999999999995 0.00006976744186043549
1645239727110 0 11.52244300000001 0 67335 0.0328 0.00006976744186043549
1645239730893 0 11.763526000000013 0 132169 0.0638 0.00006976744186043549
1645239735102 0 11.507699000000002 0 118800 0.0576 0.00006976744186043549
1645239738788 0 11.748424999999997 0 116618 0.05689999999999999 0.00006976744186043549

