1645248831618 1 3.999999 3889 346799 0.3778 -16.7227
1645248834185 0 5.454936999999999 0 213385 0.2323 0.00017441860465117198
1645248835843 0 7.796606000000001 0 141806 0.1552 0.00006976744186043549
1645248837155 0 10.483967 0 112578 0.12110000000000001 0.00006976744186043549
1645248840138 0 11.629492999999998 0 80671 0.0872 0.00006976744186043549
1645248843991 0 11.872336999999998 0 68729 0.0751 0.00006976744186043549
1645248848080 0 11.614542 0 137895 0.14850000000000002 0.00006976744186043549
1645248851923 0 11.859990999999997 0 114138 0.12450000000000001 0.00006976744186043549
1645248855892 0 11.852679000000002 0 126013 0.1366 0.00006976744186043549
1645248859859 0 11.844563 0 217236 0.2354 0.00006976744186043549
1645248863855 0 11.839297000000002 0 219398 0.23900000000000002 0.00006976744186043549
1645248867876 0 11.826777 0 177648 0.19119999999999998 0.00006976744186043549
1645248872289 0 11.567987000000002 0 166856 0.18080000000000002 0.00006976744186043549
1645248876315 0 11.561363 0 223685 0.2425 0.00006976744186043549
1645248880153 0 11.548975000000006 0 206455 0.2237 0.00006976744186043549
1645248884094 0 11.792842 0 121534 0.1333 0.00006976744186043549
1645248887838 0 11.811475999999999 0 105092 0.11279999999999998 0.00006976744186043549
1645248892099 0 11.779503000000005 0 63086 0.0666 0.00006976744186043549
1645248896146 0 11.521625 0 87739 0.0937 0.00006976744186043549
1645248899906 0 11.766773 0 152905 0.1656 0.00006976744186043549
1645248904107 0 11.758359999999996 0 100587 0.1093 0.00006976744186043549
1645248908225 0 11.500298999999998 0 186001 0.2015 0.00006976744186043549
1645248912035 0 11.744397000000006 0 201620 0.2202 0.00006976744186043549
1645248915995 0 11.734193000000005 0 218012 0.2358 0.00006976744186043549
1645248919952 0 11.725576000000004 0 123058 0.1348 0.00006976744186043549
1645248923718 0 11.967286000000001 0 198856 0.217 0.00006976744186043549
1645248927757 0 11.963323000000003 0 223061 0.2426 0.00006976744186043549
1645248931908 0 11.954715000000007 0 143385 0.1554 0.00006976744186043549
1645248935789 0 11.944789 0 117021 0.1262 0.00006976744186043549
1645248939795 0 11.936622 0 83595 0.0886 0.00006976744186043549
1645248944157 0 11.68235 0 68011 0.0751 0.00006976744186043549
1645248948208 0 11.676647000000003 0 134264 0.1453 0.00006976744186043549
1645248952053 0 11.667518999999999 0 113722 0.12310000000000001 0.00006976744186043549
1645248955962 0 11.910725999999997 0 122694 0.1316 0.00006976744186043549
1645248959898 0 11.900700999999998 0 215146 0.23399999999999999 0.00006976744186043549
1645248963832 0 11.895154999999988 0 213339 0.2324 0.00006976744186043549
1645248967865 0 11.880393999999995 0 176949 0.1931 0.00006976744186043549
1645248972192 0 11.618178999999998 0 158356 0.17250000000000001 0.00006976744186043549
1645248976196 0 11.611014000000011 0 219852 0.23929999999999998 0.00006976744186043549
1645248979940 0 11.853608000000008 0 196864 0.21349999999999997 0.00006976744186043549
1645248983816 0 11.843818999999996 0 116610 0.1268 0.00006976744186043549
1645248988087 0 11.587116000000009 0 107223 0.11610000000000001 0.00006976744186043549
1645248991884 0 11.831571999999994 0 64332 0.0683 0.00006976744186043549
1645248995944 0 11.826422000000008 0 88753 0.0953 0.00006976744186043549
1645249000227 0 11.570212999999995 0 153489 0.1674 0.00006976744186043549
1645249003915 0 11.812321999999995 0 101805 0.1093 0.00006976744186043549
1645249008055 0 11.805612999999994 0 186822 0.20329999999999998 0.00006976744186043549
1645249011851 0 11.800359000000014 0 200149 0.2186 0.00006976744186043549
1645249016278 0 11.54401200000001 0 215305 0.2323 0.00006976744186043549
1645249020279 0 11.537552000000005 0 128759 0.1399 0.00006976744186043549
1645249024030 0 11.777601000000004 0 199367 0.2149 0.00006976744186043549
1645249028048 0 11.769859999999994 0 220759 0.24089999999999998 0.00006976744186043549
1645249032277 0 11.513272999999998 0 149511 0.1623 0.00006976744186043549
1645249036188 0 11.505345000000005 0 118879 0.1299 0.00006976744186043549
1645249040222 0 11.500526000000008 0 85418 0.0922 0.00006976744186043549
1645249044087 0 11.735770000000002 0 68807 0.0751 0.00006976744186043549
1645249048139 0 11.729397000000006 0 132565 0.144 0.00006976744186043549
1645249052025 0 11.722658999999993 0 117262 0.1282 0.00006976744186043549
1645249055901 0 11.964186000000012 0 116418 0.1263 0.00006976744186043549
1645249059946 0 11.707987000000003 0 223024 0.2427 0.00006976744186043549
1645249063886 0 11.94926000000001 0 214538 0.23399999999999999 0.00006976744186043549
1645249067922 0 11.942878000000007 0 178191 0.1931 0.00006976744186043549
1645249071783 0 11.932296000000008 0 161454 0.1758 0.00006976744186043549
1645249076191 0 11.67048299999999 0 212225 0.2307 0.00006976744186043549
1645249079928 0 11.912835000000001 0 195858 0.2136 0.00006976744186043549
1645249083815 0 11.903922999999992 0 119665 0.128 0.00006976744186043549
1645249088109 0 11.642374000000018 0 108667 0.11779999999999999 0.00006976744186043549
1645249091900 0 11.881923000000029 0 64782 0.0683 0.00006976744186043549
1645249095967 0 11.87364500000001 0 87523 0.0957 0.00006976744186043549
1645249100266 0 11.614109999999982 0 155607 0.1691 0.00006976744186043549
1645249103943 0 11.855449000000021 0 100404 0.1076 0.00006976744186043549
1645249108042 0 11.844462000000021 0 183614 0.1986 0.00006976744186043549
1645249112288 0 11.582538 0 197686 0.21349999999999997 0.00006976744186043549
1645249116247 0 11.57478900000001 0 217520 0.23559999999999998 0.00006976744186043549
1645249120289 0 11.569590000000005 0 132353 0.1434 0.00006976744186043549
1645249124055 0 11.81372399999998 0 199853 0.2171 0.00006976744186043549
1645249128103 0 11.557029 0 225614 0.24409999999999998 0.00006976744186043549
1645249131848 0 11.793746999999996 0 150477 0.1638 0.00006976744186043549
1645249136232 0 11.536864999999977 0 117995 0.128 0.00006976744186043549
1645249140272 0 11.52972299999999 0 86503 0.09230000000000001 0.00006976744186043549
1645249144110 0 11.772498999999982 0 67335 0.0736 0.00006976744186043549
1645249148151 0 11.510792999999978 0 132169 0.14350000000000002 0.00006976744186043549
1645249152064 0 11.749783999999977 0 118800 0.1295 0.00006976744186043549
1645249155940 0 11.74383499999999 0 116618 0.1262 0.00006976744186043549

