1645254451580 1 3.999999 1242 346799 0.11180000000000001 -5.340599999999999
1645254453533 1 6.037974999999999 0 363755 0.1169 0.00017441860465117198
1645254454818 1 8.755148 0 362842 0.11679999999999999 0.00017441860465117198
1645254456177 1 11.395245000000001 0 384791 0.12390000000000001 0.00017441860465117198
1645254459905 1 11.782157999999999 0 339137 0.1096 0.00017441860465117198
1645254463952 1 11.738140999999999 0 393219 0.12840000000000001 0.00017441860465117198
1645254467889 1 11.730151 0 406206 0.1311 0.00017441860465117198
1645254471990 1 11.723778 0 303135 0.09709999999999999 0.00017441860465117198
1645254475993 1 11.710342000000004 0 414092 0.1377 0.00017441860465117198
1645254479695 1 11.955661000000003 0 337705 0.1086 0.00017441860465117198
1645254483992 1 11.699967000000001 0 366374 0.1182 0.00017441860465117198
1645254487749 1 11.939501 0 352030 0.1125 0.00017441860465117198
1645254492067 3 11.682937000000003 0 954418 0.3077 0.000174418604651283
1645254496114 3 11.674088000000005 0 910446 0.2933 0.00043023255813956496
1645254499746 3 11.882839000000004 0 922454 0.29769999999999996 0.00043023255813956496
1645254505901 3 9.669760000000004 0 942842 0.6 0.00043023255813956496
1645254509018 3 10.554028000000002 0 884128 0.2889 0.00043023255813956496
1645254511851 3 11.720260000000003 0 828263 0.2677 0.00043023255813956496
1645254516181 3 11.583753000000002 0 981175 0.31589999999999996 0.00043023255813956496
1645254519841 3 11.818975000000009 0 939007 0.3025 0.00043023255813956496
1645254524184 3 11.556956 0 841370 0.2716 0.00043023255813956496
1645254527869 3 11.799228 0 947658 0.3052 0.00043023255813956496
1645254532185 3 11.539967000000004 0 828958 0.2664 0.00043023255813956496
1645254535982 3 11.782138000000003 0 977791 0.3153 0.00043023255813956496
1645254539866 3 11.766002 0 847215 0.2733 0.00043023255813956496
1645254546059 3 9.512537000000009 0 978032 0.6068 0.00043023255813956496
1645254549353 3 10.222019000000003 0 934237 0.3054 0.00043023255813956496
1645254552384 3 11.187815 0 889600 0.28690000000000004 0.00043023255813956496
1645254555716 3 11.856244000000004 0 988774 0.3185 0.00043023255813956496
1645254559951 3 11.86891 0 808061 0.2601 0.00043023255813956496
1645254563794 3 11.828266999999997 0 995677 0.32130000000000003 0.00043023255813956496
1645254567910 3 11.820285999999996 0 924757 0.2981 0.00043023255813956496
1645254572143 3 11.562716000000009 0 808228 0.26080000000000003 0.00043023255813956496
1645254576033 3 11.556252 0 1014212 0.3275 0.00043023255813956496
1645254581726 3 9.844833999999992 0 845218 0.5559999999999999 0.00043023255813956496
1645254584947 3 10.624319000000014 0 910767 0.298 0.00043023255813956496
1645254587998 3 11.577680000000015 0 901777 0.2908 0.00043023255813956496
1645254591867 3 11.711029999999994 0 967347 0.3217 0.00043023255813956496
1645254596042 3 11.706694999999996 0 935273 0.3019 0.00043023255813956496
1645254599648 3 11.949266999999992 0 916928 0.2956 0.00043023255813956496
1645254603811 3 11.943124000000012 0 940743 0.3027 0.00043023255813956496
1645254607761 3 11.935207999999989 0 877888 0.2824 0.00043023255813956496
1645254612103 3 11.674813 0 839766 0.27080000000000004 0.00043023255813956496
1645254615909 3 11.904235999999997 0 976062 0.3154 0.00043023255813956496
1645254620125 3 11.62839600000001 0 958353 0.3094 0.00043023255813956496
1645254623943 3 11.871969000000007 0 836268 0.2699 0.00043023255813956496
1645254628207 3 11.593514999999996 0 968967 0.313 0.00043023255813956496
1645254631998 3 11.585374000000002 0 825839 0.2665 0.00043023255813956496
1645254635775 3 11.824916000000002 0 974212 0.31389999999999996 0.00043023255813956496
1645254639924 0 11.816282000000001 0 128759 0.041499999999999995 0.00043023255813956496
1645254644193 0 11.559292999999997 0 199367 0.0643 0.00006976744186043549
1645254648090 0 11.54056 0 220759 0.06620000000000001 0.00006976744186043549
1645254652187 0 11.53308100000001 0 149511 0.0477 0.00006976744186043549
1645254656230 0 11.523413000000005 0 118879 0.0426 0.00006976744186043549
1645254660197 0 11.515802000000008 0 85418 0.0314 0.00006976744186043549
1645254664094 0 11.508711000000005 0 68807 0.0259 0.00006976744186043549
1645254668190 0 11.50036 0 132565 0.0459 0.00006976744186043549
1645254671722 0 11.991630000000015 0 117262 0.0419 0.00006976744186043549
1645254675763 0 11.984374000000003 0 116418 0.0414 0.00006976744186043549
1645254679663 0 11.972272000000004 0 223024 0.0753 0.00006976744186043549
1645254684017 0 11.711330000000004 0 214538 0.073 0.00006976744186043549
1645254687776 0 11.951745000000017 0 178191 0.0611 0.00006976744186043549
1645254691961 0 11.694187999999997 0 161454 0.05600000000000001 0.00006976744186043549
1645254695815 0 11.938480999999996 0 212225 0.0721 0.00006976744186043549
1645254700106 0 11.677881000000014 0 195858 0.0669 0.00006976744186043549
1645254704143 0 11.668486999999999 0 119665 0.0422 0.00006976744186043549
1645254708162 0 11.633780999999999 0 108667 0.0386 0.00006976744186043549
1645254712038 0 11.604633999999976 0 64782 0.0242 0.00006976744186043549
1645254715990 0 11.599949999999978 0 87523 0.0318 0.00006976744186043549
1645254720145 0 11.586970000000008 0 155607 0.0543 0.00006976744186043549
1645254724143 0 11.582655999999986 0 100404 0.036199999999999996 0.00006976744186043549
1645254727887 0 11.827273999999989 0 183614 0.063 0.00006976744186043549
1645254732203 0 11.56726100000003 0 197686 0.0679 0.00006976744186043549
1645254736075 0 11.55961400000001 0 217520 0.0751 0.00006976744186043549
1645254740162 0 11.55021499999998 0 132353 0.0463 0.00006976744186043549
1645254743975 0 11.79076200000003 0 199853 0.06899999999999999 0.00006976744186043549
1645254747855 0 11.782890000000009 0 225614 0.0761 0.00006976744186043549
1645254752019 0 11.772813999999983 0 150477 0.0526 0.00006976744186043549
1645254756056 0 11.762536000000011 0 117995 0.0411 0.00006976744186043549
1645254759999 0 11.724121000000025 0 86503 0.0316 0.00006976744186043549
1645254763866 0 11.71564699999999 0 67335 0.0252 0.00006976744186043549
1645254767959 0 11.709343999999987 0 132169 0.0465 0.00006976744186043549
1645254772013 0 11.699011999999982 0 118800 0.0426 0.00006976744186043549
1645254776047 0 11.690206999999987 0 116618 0.0418 0.00006976744186043549

