1645255000730 1 3.999999 1664 346799 0.1547 -7.1552
1645255002455 1 6.280653 0 363755 0.1621 0.00017441860465117198
1645255004172 1 8.566042000000001 0 362842 0.1613 0.00017441860465117198
1645255005982 1 10.755316 0 384791 0.1706 0.00017441860465117198
1645255009093 1 11.647124999999999 0 339137 0.1505 0.00017441860465117198
1645255012945 1 11.892657999999999 0 393219 0.1748 0.00017441860465117198
1645255016851 1 11.885537 0 406206 0.1803 0.00017441860465117198
1645255021304 1 11.624523999999997 0 303135 0.13540000000000002 0.00017441860465117198
1645255025248 1 11.618154000000004 0 414092 0.1845 0.00017441860465117198
1645255029363 1 11.604670000000002 0 337705 0.151 0.00017441860465117198
1645255033105 1 11.848238000000002 0 366374 0.1634 0.00017441860465117198
1645255037275 1 11.592894000000001 0 352030 0.15660000000000002 0.00017441860465117198
1645255041031 1 11.832126000000002 0 371605 0.1654 0.00017441860465117198
1645255045372 1 11.571310000000004 0 385670 0.1724 0.00017441860465117198
1645255049132 1 11.805549 0 374050 0.1659 0.00017441860465117198
1645255053377 1 11.544995 0 367058 0.1633 0.00017441860465117198
1645255057158 1 11.786634 0 377983 0.1684 0.00017441860465117198
1645255061208 1 11.528009000000004 0 326924 0.145 0.00017441860465117198
1645255065037 1 11.767803999999998 0 388939 0.17250000000000001 0.00017441860465117198
1645255069395 1 11.505558000000008 0 392939 0.1756 0.00017441860465117198
1645255073118 1 11.74598300000001 0 362131 0.1613 0.00017441860465117198
1645255077010 1 11.740364999999997 0 402712 0.1793 0.00017441860465117198
1645255081079 1 11.734001000000006 0 327400 0.14479999999999998 0.00017441860465117198
1645255084964 1 11.975020999999998 0 401133 0.1786 0.00017441860465117198
1645255088980 1 11.775924000000003 0 317452 0.1412 0.00017441860465117198
1645255092821 1 11.954346999999999 0 391753 0.1739 0.00017441860465117198
1645255097142 1 11.695009999999996 0 384934 0.1713 0.00017441860465117198
1645255100874 1 11.940016999999997 0 367179 0.16319999999999998 0.00017441860465117198
1645255105207 1 11.68065200000001 0 387965 0.1731 0.00017441860465117198
1645255109285 1 11.673401999999996 0 333821 0.1477 0.00017441860465117198
1645255113139 1 11.663976000000005 0 394452 0.1754 0.00017441860465117198
1645255117053 1 11.907373000000007 0 409513 0.1816 0.00017441860465117198
1645255121024 1 11.895933 0 307174 0.13720000000000002 0.00017441860465117198
1645255124989 1 11.889228000000003 0 420407 0.18660000000000002 0.00017441860465117198
1645255129112 1 11.872932999999989 0 340231 0.1522 0.00017441860465117198
1645255132885 1 11.859129999999993 0 374730 0.16670000000000001 0.00017441860465117198
1645255137050 1 11.85510099999999 0 353022 0.15660000000000002 0.00017441860465117198
1645255140908 1 11.846952000000016 0 393253 0.1752 0.00017441860465117198
1645255145158 1 11.589868999999993 0 368813 0.16399999999999998 0.00017441860465117198
1645255148917 1 11.833072000000016 0 372578 0.1659 0.00017441860465117198
1645255153188 1 11.575950000000006 0 374507 0.1668 0.00017441860465117198
1645255156954 1 11.814353000000011 0 372824 0.1651 0.00017441860465117198
1645255161015 1 11.803827000000013 0 326437 0.1452 0.00017441860465117198
1645255165310 1 11.545080000000013 0 383127 0.1702 0.00017441860465117198
1645255169191 1 11.789699000000013 0 400632 0.1779 0.00017441860465117198
1645255173323 1 11.510726000000005 0 342596 0.153 0.00017441860465117198
1645255177264 1 11.719807000000003 0 407655 0.1815 0.00017441860465117198
1645255180895 1 11.936111000000011 0 337450 0.15089999999999998 0.00017441860465117198
1645255185330 1 11.655822999999998 0 404220 0.1797 0.00017441860465117198
1645255188929 1 11.880358999999999 0 331794 0.14850000000000002 0.00017441860465117198
1645255193271 1 11.600288000000006 0 390086 0.17350000000000002 0.00017441860465117198
1645255197110 1 11.829039999999992 0 387516 0.17270000000000002 0.00017441860465117198
1645255201340 1 11.566360000000003 0 365827 0.16240000000000002 0.00017441860465117198
1645255205196 1 11.549834000000004 0 392579 0.1748 0.00017441860465117198
1645255209320 1 11.459381000000008 0 337939 0.1499 0.00017441860465117198
1645255213243 1 11.683444000000009 0 406896 0.181 0.00017441860465117198
1645255217098 1 11.663019999999989 0 390582 0.174 0.00017441860465117198
1645255221185 1 11.637419999999992 0 328479 0.14750000000000002 0.00017441860465117198
1645255225078 1 11.84343899999999 0 399016 0.17709999999999998 0.00017441860465117198
1645255229350 1 11.559878999999995 0 370990 0.1649 0.00017441860465117198
1645255233121 1 11.790853999999996 0 371149 0.1658 0.00017441860465117198
1645255237390 1 11.518517000000003 0 372261 0.1664 0.00017441860465117198
1645255241256 1 11.502094 0 394237 0.17470000000000002 0.00017441860465117198
1645255245010 1 11.735351000000009 0 368311 0.1636 0.00017441860465117198
1645255248817 1 11.970901999999995 0 381418 0.16899999999999998 0.00017441860465117198
1645255253069 1 11.70816099999999 0 368451 0.1631 0.00017441860465117198
1645255256840 1 11.94091800000001 0 371908 0.16599999999999998 0.00017441860465117198
1645255260914 1 11.92512099999999 0 328352 0.146 0.00017441860465117198
1645255265228 1 11.642158999999992 0 379027 0.16870000000000002 0.00017441860465117198
1645255269147 1 11.607752000000005 0 407465 0.1815 0.00017441860465117198
1645255273240 1 11.592641000000015 0 333046 0.1479 0.00017441860465117198
1645255277223 1 11.556508000000008 0 416856 0.1861 0.00017441860465117198
1645255281339 1 11.548670000000016 0 335171 0.14950000000000002 0.00017441860465117198
1645255285233 1 11.539341999999976 0 401613 0.1783 0.00017441860465117198
1645255289345 1 11.52597400000002 0 337330 0.1507 0.00017441860465117198
1645255293184 1 11.76646599999998 0 391244 0.174 0.00017441860465117198
1645255297014 1 11.751125000000002 0 387864 0.1723 0.00017441860465117198
1645255301226 1 11.724252999999976 0 363813 0.16140000000000002 0.00017441860465117198
1645255305068 1 11.719523999999979 0 391839 0.174 0.00017441860465117198
1645255309169 1 11.70635900000002 0 336898 0.1498 0.00017441860465117198
1645255312970 1 11.942617999999982 0 381135 0.1696 0.00017441860465117198
1645255317300 1 11.68533500000001 0 386654 0.1721 0.00017441860465117198
1645255320945 1 11.924709000000007 0 347396 0.1547 0.00017441860465117198
1645255325293 1 11.66172499999999 0 392538 0.17450000000000002 0.00017441860465117198
1645255329030 1 11.727349000000004 0 367209 0.16319999999999998 0.00017441860465117198

