1645231198626 1 3.999999 3664 346799 0.3553 -15.755199999999999
1645231202453 1 4.404138 226 363755 0.3724 -0.9716255813953488
1645231206261 1 4.594506000000001 0 362842 0.37120000000000003 0.00017441860465117198
1645231210292 1 4.564198000000001 0 384791 0.3935 0.00017441860465117198
1645231213861 1 4.994541999999999 0 339137 0.3471 0.00017441860465117198
1645231217987 1 4.868787999999999 0 393219 0.4025 0.00017441860465117198
1645231222267 1 4.589276999999999 0 406206 0.41600000000000004 0.00017441860465117198
1645231225477 1 5.380137999999999 0 303135 0.3104 0.00017441860465117198
1645231229828 1 5.027427000000003 0 414092 0.4237 0.00017441860465117198
1645231233381 1 5.474107000000004 0 337705 0.3452 0.00017441860465117198
1645231237238 1 5.617791000000004 0 366374 0.376 0.00017441860465117198
1645231240948 1 5.908087000000002 0 352030 0.36160000000000003 0.00017441860465117198
1645231244870 1 5.988485000000004 0 371605 0.3806 0.00017441860465117198
1645231248915 1 5.940568000000006 0 385670 0.3948 0.00017441860465117198
1645231252837 1 6.018972000000005 0 374050 0.3821 0.00017441860465117198
1645231256691 1 6.164904 0 367058 0.3755 0.00017441860465117198
1645231260660 1 6.195057000000006 0 377983 0.3874 0.00017441860465117198
1645231264098 1 6.757492999999997 0 326924 0.3339 0.00017441860465117198
1645231268179 1 6.6773310000000095 0 388939 0.3983 0.00017441860465117198
1645231272311 1 6.547008000000005 0 392939 0.40279999999999994 0.00017441860465117198
1645231276131 1 6.724345999999997 0 362131 0.371 0.00017441860465117198
1645231280358 1 6.498041000000001 0 402712 0.4124 0.00017441860465117198
1645231283814 1 7.0432890000000015 0 327400 0.33599999999999997 0.00017441860465117198
1645231288038 1 6.817917000000008 0 401133 0.4109 0.00017441860465117198
1645231291379 1 7.477434000000002 0 317452 0.3247 0.00017441860465117198
1645231295477 1 7.378640000000004 0 391753 0.4 0.00017441860465117198
1645231299539 1 7.315806000000009 0 384934 0.3949 0.00017441860465117198
1645231303386 1 7.4743330000000014 0 367179 0.3744 0.00017441860465117198
1645231307477 1 7.3788959999999975 0 387965 0.3984 0.00017441860465117198
1645231310997 1 7.859773000000004 0 333821 0.3419 0.00017441860465117198
1645231315158 1 7.701613000000009 0 394452 0.40469999999999995 0.00017441860465117198
1645231319462 1 7.395184 0 409513 0.41929999999999995 0.00017441860465117198
1645231322706 1 8.149563999999998 0 307174 0.3149 0.00017441860465117198
1645231327109 1 7.747338000000013 0 420407 0.43019999999999997 0.00017441860465117198
1645231330709 1 8.147528999999992 0 340231 0.3487 0.00017441860465117198
1645231334628 1 8.229324999999989 0 374730 0.3823 0.00017441860465117198
1645231338340 1 8.516331000000008 0 353022 0.3598 0.00017441860465117198
1645231342490 1 8.366931999999991 0 393253 0.403 0.00017441860465117198
1645231346370 1 8.485683999999992 0 368813 0.3775 0.00017441860465117198
1645231350293 1 8.564236999999991 0 372578 0.38239999999999996 0.00017441860465117198
1645231354243 1 8.612096000000008 0 374507 0.3839 0.00017441860465117198
1645231358184 1 8.671951000000007 0 372824 0.38239999999999996 0.00017441860465117198
1645231361623 1 9.232424000000009 0 326437 0.3347 0.00017441860465117198
1645231365637 1 9.218769000000009 0 383127 0.3921 0.00017441860465117198
1645231369828 1 9.027107 0 400632 0.40970000000000006 0.00017441860465117198
1645231373432 1 9.426272000000012 0 342596 0.3504 0.00017441860465117198
1645231377717 1 9.142167999999998 0 407655 0.4175 0.00017441860465117198
1645231381270 1 9.58758800000001 0 337450 0.34550000000000003 0.00017441860465117198
1645231385524 1 9.33140800000001 0 404220 0.4144 0.00017441860465117198
1645231389046 1 9.810193999999996 0 331794 0.3407 0.00017441860465117198
1645231393157 1 9.698882999999995 0 390086 0.4001 0.00017441860465117198
1645231397219 1 9.636061000000012 0 387516 0.39649999999999996 0.00017441860465117198
1645231401076 1 9.779593000000006 0 365827 0.3744 0.00017441860465117198
1645231405204 1 9.653773000000001 0 392579 0.40309999999999996 0.00017441860465117198
1645231408759 1 10.098271000000011 0 337939 0.3456 0.00017441860465117198
1645231413049 1 9.810829000000012 0 406896 0.4175 0.00017441860465117198
1645231417157 1 9.698415000000011 0 390582 0.4 0.00017441860465117198
1645231420646 1 10.212602000000004 0 328479 0.3376 0.00017441860465117198
1645231424853 1 10.002782999999994 0 399016 0.4096 0.00017441860465117198
1645231428756 1 10.098948000000007 0 370990 0.3807 0.00017441860465117198
1645231432657 1 10.19771399999999 0 371149 0.3806 0.00017441860465117198
1645231436564 1 10.292753000000005 0 372261 0.3809 0.00017441860465117198
1645231440699 1 10.157553000000007 0 394237 0.4034 0.00017441860465117198
1645231444580 1 10.278276000000005 0 368311 0.3775 0.00017441860465117198
1645231448586 1 10.269106999999991 0 381418 0.39039999999999997 0.00017441860465117198
1645231452467 1 10.38846000000001 0 368451 0.3776 0.00017441860465117198
1645231456387 1 10.468201000000022 0 371908 0.3822 0.00017441860465117198
1645231459843 1 11.014010999999982 0 328352 0.3358 0.00017441860465117198
1645231463831 1 11.02490499999999 0 379027 0.3872 0.00017441860465117198
1645231468116 1 10.739507000000003 0 407465 0.4176 0.00017441860465117198
1645231471634 1 11.221345999999983 0 333046 0.3424 0.00017441860465117198
1645231476022 1 10.835268999999982 0 416856 0.4288 0.00017441860465117198
1645231479556 1 11.300242000000026 0 335171 0.34209999999999996 0.00017441860465117198
1645231483782 1 11.073913000000005 0 401613 0.41109999999999997 0.00017441860465117198
1645231487353 1 11.503720999999985 0 337330 0.3456 0.00017441860465117198
1645231491491 1 11.36465800000002 0 391244 0.40140000000000003 0.00017441860465117198
1645231495570 1 11.286143999999979 0 387864 0.3983 0.00017441860465117198
1645231499421 1 11.438716999999997 0 363813 0.374 0.00017441860465117198
1645231503559 1 11.298745999999994 0 391839 0.4016 0.00017441860465117198
1645231507110 1 11.746871999999996 0 336898 0.344 0.00017441860465117198
1645231511124 1 11.732083999999986 0 381135 0.3903 0.00017441860465117198
1645231515188 1 11.668248000000006 0 386654 0.3968 0.00017441860465117198
1645231518867 1 11.989103999999998 0 347396 0.3567 0.00017441860465117198
1645231522999 1 11.856946999999991 0 392538 0.4032 0.00017441860465117198

