1645242492631 1 3.999999 2582 346799 0.2447 -11.1026
1645242495324 1 5.318772 0 363755 0.2593 0.00017441860465117198
1645242498014 1 6.6325650000000005 0 362842 0.2581 0.00017441860465117198
1645242500850 1 7.794627 0 384791 0.2734 0.00017441860465117198
1645242503376 1 9.266466999999999 0 339137 0.242 0.00017441860465117198
1645242506278 1 10.364479999999999 0 393219 0.2801 0.00017441860465117198
1645242509269 1 11.373804 0 406206 0.2895 0.00017441860465117198
1645242513037 1 11.798656999999999 0 303135 0.21680000000000002 0.00017441860465117198
1645242517107 1 11.538808000000003 0 414092 0.2959 0.00017441860465117198
1645242521122 1 11.533040000000003 0 337705 0.2419 0.00017441860465117198
1645242525343 1 11.528081 0 366374 0.26139999999999997 0.00017441860465117198
1645242528957 1 11.770932000000002 0 352030 0.25139999999999996 0.00017441860465117198
1645242533205 1 11.513988000000005 0 371605 0.2646 0.00017441860465117198
1645242537050 1 11.759667 0 385670 0.2741 0.00017441860465117198
1645242541323 1 11.501102000000003 0 374050 0.26680000000000004 0.00017441860465117198
1645242545048 1 11.735911999999999 0 367058 0.2624 0.00017441860465117198
1645242548849 1 11.98236 0 377983 0.2702 0.00017441860465117198
1645242552786 1 11.973213000000001 0 326924 0.2332 0.00017441860465117198
1645242557162 1 11.713627000000002 0 388939 0.2777 0.00017441860465117198
1645242561064 1 11.704589999999996 0 392939 0.27999999999999997 0.00017441860465117198
1645242564758 1 11.948101000000008 0 362131 0.2592 0.00017441860465117198
1645242568734 1 11.943173999999999 0 402712 0.28759999999999997 0.00017441860465117198
1645242573178 1 11.686065 0 327400 0.23420000000000002 0.00017441860465117198
1645242577143 1 11.675009000000003 0 401133 0.28650000000000003 0.00017441860465117198
1645242581011 1 11.667448000000007 0 317452 0.2264 0.00017441860465117198
1645242584903 1 11.903773999999999 0 391753 0.2788 0.00017441860465117198
1645242588758 1 11.895887000000002 0 384934 0.27559999999999996 0.00017441860465117198
1645242592992 1 11.883510000000001 0 367179 0.2626 0.00017441860465117198
1645242596862 1 11.877220000000008 0 387965 0.2766 0.00017441860465117198
1645242600850 1 11.867387000000008 0 333821 0.2385 0.00017441860465117198
1645242605261 1 11.605621 0 394452 0.281 0.00017441860465117198
1645242609275 1 11.597878000000009 0 409513 0.29100000000000004 0.00017441860465117198
1645242613072 1 11.585755000000006 0 307174 0.22000000000000003 0.00017441860465117198
1645242617176 1 11.576048 0 420407 0.2996 0.00017441860465117198
1645242621213 1 11.566134000000005 0 340231 0.2428 0.00017441860465117198
1645242624990 1 11.805464 0 374730 0.267 0.00017441860465117198
1645242629110 1 11.549244000000016 0 353022 0.25179999999999997 0.00017441860465117198
1645242633023 1 11.790472999999992 0 393253 0.2811 0.00017441860465117198
1645242637259 1 11.535460999999998 0 368813 0.2637 0.00017441860465117198
1645242641020 1 11.778887999999995 0 372578 0.26589999999999997 0.00017441860465117198
1645242645290 1 11.519560000000013 0 374507 0.26680000000000004 0.00017441860465117198
1645242649050 1 11.759356999999994 0 372824 0.2658 0.00017441860465117198
1645242652982 1 11.75399999999999 0 326437 0.23290000000000002 0.00017441860465117198
1645242656825 1 11.998345 0 383127 0.2738 0.00017441860465117198
1645242660799 1 11.990578 0 400632 0.28650000000000003 0.00017441860465117198
1645242664836 1 11.978532000000001 0 342596 0.24420000000000003 0.00017441860465117198
1645242668844 1 11.972881999999998 0 407655 0.2905 0.00017441860465117198
1645242672865 1 11.967630000000014 0 337450 0.24209999999999998 0.00017441860465117198
1645242676858 1 11.958888000000002 0 404220 0.2889 0.00017441860465117198
1645242680817 1 11.951703000000009 0 331794 0.2366 0.00017441860465117198
1645242684709 1 11.940650000000005 0 390086 0.2779 0.00017441860465117198
1645242689070 1 11.679282 0 387516 0.2757 0.00017441860465117198
1645242692786 1 11.921537999999998 0 365827 0.2605 0.00017441860465117198
1645242697181 1 11.66426899999999 0 392579 0.2799 0.00017441860465117198
1645242701190 1 11.652473000000015 0 337939 0.2404 0.00017441860465117198
1645242705202 1 11.635886999999997 0 406896 0.2909 0.00017441860465117198
1645242709079 1 11.614937999999995 0 390582 0.27749999999999997 0.00017441860465117198
1645242713038 1 11.841181000000006 0 328479 0.23559999999999998 0.00017441860465117198
1645242716986 1 11.786622999999992 0 399016 0.2841 0.00017441860465117198
1645242720789 1 11.98694900000001 0 370990 0.2643 0.00017441860465117198
1645242725066 1 11.707968999999991 0 371149 0.2644 0.00017441860465117198
1645242728826 1 11.931252999999998 0 372261 0.2652 0.00017441860465117198
1645242732746 1 11.915087999999997 0 394237 0.2802 0.00017441860465117198
1645242736992 1 11.880085000000008 0 368311 0.2627 0.00017441860465117198
1645242740826 1 11.848134000000016 0 381418 0.2717 0.00017441860465117198
1645242745062 1 11.815778999999992 0 368451 0.263 0.00017441860465117198
1645242749328 1 11.540654000000018 0 371908 0.2652 0.00017441860465117198
1645242753259 1 11.514602000000025 0 328352 0.2327 0.00017441860465117198
1645242757065 1 11.726463000000024 0 379027 0.2701 0.00017441860465117198
1645242761083 1 11.69181500000002 0 407465 0.2907 0.00017441860465117198
1645242765071 1 11.649172000000021 0 333046 0.2374 0.00017441860465117198
1645242769151 1 11.62392699999998 0 416856 0.2975 0.00017441860465117198
1645242773138 1 11.597614000000021 0 335171 0.2383 0.00017441860465117198
1645242777116 1 11.571017999999981 0 401613 0.2853 0.00017441860465117198
1645242781141 1 11.544606999999985 0 337330 0.24169999999999997 0.00017441860465117198
1645242785049 1 11.769410999999991 0 391244 0.2792 0.00017441860465117198
1645242788947 1 11.73960199999999 0 387864 0.2782 0.00017441860465117198
1645242792676 1 11.970042999999976 0 363813 0.2601 0.00017441860465117198
1645242797076 1 11.694516000000021 0 391839 0.27959999999999996 0.00017441860465117198
1645242801077 1 11.677121 0 336898 0.23969999999999997 0.00017441860465117198
1645242804903 1 11.909515999999996 0 381135 0.2713 0.00017441860465117198
1645242808780 1 11.894521999999995 0 386654 0.2765 0.00017441860465117198
1645242812875 1 11.878406999999982 0 347396 0.2485 0.00017441860465117198
1645242817274 1 11.612698000000023 0 392538 0.2799 0.00017441860465117198

