1645232636736 1 3.999999 7132 346799 0.7005 -30.6676
1645232641989 0 4.3818459999999995 1587 213385 0.4272 -6.823925581395349
1645232644993 0 5.376417000000001 0 141806 0.2871 0.00006976744186043549
1645232647389 0 6.980136 0 112578 0.22200000000000003 0.00006976744186043549
1645232649125 0 9.243345999999999 0 80671 0.16060000000000002 0.00006976744186043549
1645232650627 0 11.741147999999999 0 68729 0.1365 0.00006976744186043549
1645232654571 0 11.937573 0 137895 0.2801 0.00006976744186043549
1645232658519 0 11.92916 0 114138 0.2324 0.00006976744186043549
1645232662689 0 11.918535000000002 0 126013 0.2528 0.00006976744186043549
1645232667204 0 11.166526000000001 0 217236 0.43689999999999996 0.00006976744186043549
1645232671744 0 10.624736000000006 0 219398 0.44000000000000006 0.00006976744186043549
1645232675468 0 10.900376000000001 0 177648 0.3588 0.00006976744186043549
1645232678989 0 11.379595000000002 0 166856 0.335 0.00006976744186043549
1645232683641 0 10.728266000000005 0 223685 0.4511 0.00006976744186043549
1645232687940 0 10.428842000000003 0 206455 0.41689999999999994 0.00006976744186043549
1645232690536 0 11.832789000000005 0 121534 0.246 0.00006976744186043549
1645232694760 0 11.821896000000002 0 105092 0.2084 0.00006976744186043549
1645232698644 0 11.813522000000006 0 63086 0.1263 0.00006976744186043549
1645232703056 0 11.555101000000008 0 87739 0.1776 0.00006976744186043549
1645232706754 0 11.776688000000007 0 152905 0.3074 0.00006976744186043549
1645232710886 0 11.51777700000001 0 100587 0.2016 0.00006976744186043549
1645232714728 0 11.641143 0 186001 0.3724 0.00006976744186043549
1645232718933 0 11.436458000000002 0 201620 0.4064 0.00006976744186043549
1645232723473 0 10.894714000000008 0 218012 0.4405 0.00006976744186043549
1645232726607 0 11.972197000000008 0 123058 0.2495 0.00006976744186043549
1645232730754 0 11.614435999999998 0 198856 0.39980000000000004 0.00006976744186043549
1645232735398 0 10.970499000000004 0 223061 0.45099999999999996 0.00006976744186043549
1645232738444 0 11.92713400000001 0 143385 0.2905 0.00006976744186043549
1645232742938 0 11.680334000000002 0 117021 0.23570000000000002 0.00006976744186043549
1645232746728 0 11.64403 0 83595 0.1675 0.00006976744186043549
1645232750714 0 11.886015999999998 0 68011 0.1365 0.00006976744186043549
1645232754543 0 11.873159000000001 0 134264 0.27 0.00006976744186043549
1645232758925 0 11.615885000000006 0 113722 0.2254 0.00006976744186043549
1645232762998 0 11.606277000000006 0 122694 0.2459 0.00006976744186043549
1645232767449 0 10.919905 0 215146 0.4338 0.00006976744186043549
1645232771889 0 10.47982300000001 0 213339 0.4306 0.00006976744186043549
1645232775577 0 10.79200800000001 0 176949 0.3554 0.00006976744186043549
1645232778891 0 11.478436000000016 0 158356 0.3175 0.00006976744186043549
1645232783469 0 10.900492000000014 0 219852 0.4438 0.00006976744186043549
1645232787611 0 10.761394999999993 0 196864 0.39980000000000004 0.00006976744186043549
1645232790600 0 11.787303000000009 0 116610 0.2359 0.00006976744186043549
1645232794866 0 11.525044000000008 0 107223 0.2152 0.00006976744186043549
1645232798785 0 11.767164000000008 0 64332 0.12969999999999998 0.00006976744186043549
1645232802690 0 11.759194000000008 0 88753 0.17729999999999999 0.00006976744186043549
1645232806921 0 11.503860000000003 0 153489 0.3073 0.00006976744186043549
1645232810603 0 11.99404899999999 0 101805 0.2049 0.00006976744186043549
1645232814527 0 11.840778 0 186822 0.3792 0.00006976744186043549
1645232818695 0 11.674730000000011 0 200149 0.4029 0.00006976744186043549
1645232823137 0 11.231107000000009 0 215305 0.43 0.00006976744186043549
1645232826869 0 11.695652999999993 0 128759 0.2596 0.00006976744186043549
1645232830996 0 11.372132999999991 0 199367 0.3997 0.00006976744186043549
1645232835577 0 10.791118000000012 0 220759 0.4441 0.00006976744186043549
1645232838717 0 11.651136000000008 0 149511 0.3004 0.00006976744186043549
1645232842747 0 11.660727000000009 0 118879 0.2392 0.00006976744186043549
1645232846632 0 11.903861000000006 0 85418 0.1743 0.00006976744186043549
1645232850649 0 11.897863999999998 0 68807 0.1366 0.00006976744186043549
1645232854941 0 11.641134999999991 0 132565 0.2664 0.00006976744186043549
1645232858907 0 11.631400000000014 0 117262 0.23570000000000002 0.00006976744186043549
1645232862904 0 11.622217000000006 0 116418 0.23570000000000002 0.00006976744186043549
1645232867554 0 10.814723000000015 0 223024 0.4505 0.00006976744186043549
1645232872027 0 10.34052299999999 0 214538 0.4337 0.00006976744186043549
1645232875790 0 10.579748999999993 0 178191 0.3621 0.00006976744186043549
1645232879172 0 11.199191000000013 0 161454 0.3245 0.00006976744186043549
1645232883577 0 10.790661999999998 0 212225 0.4266 0.00006976744186043549
1645232887678 0 10.69046800000001 0 195858 0.3963 0.00006976744186043549
1645232890707 0 11.818891000000008 0 119665 0.2391 0.00006976744186043549
1645232895042 0 11.559241999999983 0 108667 0.22210000000000002 0.00006976744186043549
1645232898962 0 11.543632000000002 0 64782 0.1299 0.00006976744186043549
1645232902837 0 11.538994000000002 0 87523 0.1741 0.00006976744186043549
1645232906595 0 11.783943000000022 0 155607 0.3145 0.00006976744186043549
1645232910763 0 11.772641000000021 0 100404 0.2017 0.00006976744186043549
1645232914573 0 11.795866999999987 0 183614 0.369 0.00006976744186043549
1645232918671 0 11.697494000000006 0 197686 0.39649999999999996 0.00006976744186043549
1645232923178 0 11.190868000000023 0 217520 0.43710000000000004 0.00006976744186043549
1645232926481 0 11.993935000000022 0 132353 0.2666 0.00006976744186043549
1645232930630 0 11.740792999999996 0 199853 0.4032 0.00006976744186043549
1645232935448 0 10.920560000000023 0 225614 0.45430000000000004 0.00006976744186043549
1645232938658 0 11.711955999999986 0 150477 0.3039 0.00006976744186043549
1645232942716 0 11.79410200000001 0 117995 0.23889999999999997 0.00006976744186043549
1645232947066 0 11.53675400000003 0 86503 0.1708 0.00006976744186043549

