1645237550164 1 3.999999 4171 346799 0.4043 -17.935299999999998
1645237559206 3 4.411529 5439 755039 0.8803000000000001 -23.38752558139535
1645237569152 3 4.334136000000001 5867 835161 0.9721 -25.227669767441856
1645237579873 3 4.423922000000001 6815 908792 1.0592000000000001 -29.30406976744186
1645237589449 3 4.460953999999999 5614 804438 0.9372 -24.13976976744186
1645237599231 3 4.299348999999999 5619 828659 0.9648999999999999 -24.16126976744186
1645237610373 3 4.387274999999999 7234 937332 1.0924 -31.105769767441856
1645237619657 3 4.345697999999999 5244 776416 0.9061999999999999 -22.548769767441858
1645237631752 3 4.312814000000003 8064 1025687 1.1958 -34.67476976744186
1645237641471 3 4.345188 5752 815426 0.9502 -24.733169767441858
1645237651934 3 4.323723000000001 6435 884625 1.0337999999999998 -27.67006976744186
1645237662703 3 4.486571000000005 6937 904952 1.0555999999999999 -29.828669767441855
1645237674115 3 4.401299999999999 7326 954418 1.1146 -31.501369767441858
1645237684952 3 4.393737000000002 6835 910446 1.0612 -29.390069767441858
1645237695936 3 4.453225000000003 7041 922454 1.0759 -30.275869767441858
1645237707157 3 4.469230000000003 7236 942842 1.0997999999999999 -31.114369767441858
1645237717673 3 4.4238420000000005 6473 884128 1.0316 -27.833469767441855
1645237727452 3 4.368694000000005 5725 828263 0.9648 -24.61706976744186
1645237739103 3 4.323917000000009 7603 981175 1.1441000000000001 -32.69246976744186
1645237750263 3 4.400379000000001 7239 939007 1.0939 -31.127269767441856
1645237760301 3 4.361157000000006 6000 841370 0.9819000000000001 -25.79956976744186
1645237771489 3 4.331247000000005 7160 947658 1.1054 -30.78756976744186
1645237781354 3 4.467855999999998 6004 828958 0.9651 -25.81676976744186
1645237792895 3 4.441293999999999 7515 977791 1.1403 -32.314069767441865
1645237802983 3 4.429724000000007 6077 847215 0.9874 -26.13066976744186
1645237814521 3 4.484000000000009 7593 978032 1.1401999999999999 -32.64946976744186
1645237825631 3 4.301825000000008 6932 934237 1.089 -29.807169767441856
1645237836224 3 4.456531999999996 6744 889600 1.0372 -28.998769767441857
1645237847883 3 4.4254860000000065 7629 988774 1.1532 -32.80426976744186
1645237857544 3 4.2640499999999975 5501 808061 0.9432 -23.653869767441858
1645237869275 3 4.255904000000001 7722 995677 1.1606999999999998 -33.20416976744186

