1645255359539 1 3.999999 4468 346799 0.4343 -19.2124
1645255362410 0 5.150865 0 213385 0.266 0.00017441860465117198
1645255364288 0 7.273077000000001 0 141806 0.178 0.00006976744186043549
1645255365786 0 9.773242 0 112578 0.1399 0.00006976744186043549
1645255367890 0 11.699848999999999 0 80671 0.1001 0.00006976744186043549
1645255371832 0 11.941854 0 68729 0.0841 0.00006976744186043549
1645255375670 0 11.932561 0 137895 0.172 0.00006976744186043549
1645255379694 0 11.919127 0 114138 0.1422 0.00006976744186043549
1645255383876 0 11.910127000000003 0 126013 0.1581 0.00006976744186043549
1645255387688 0 11.898822000000003 0 217236 0.2721 0.00006976744186043549
1645255392031 0 11.639562000000005 0 219398 0.2736 0.00006976744186043549
1645255395846 0 11.885724000000003 0 177648 0.2219 0.00006976744186043549
1645255400029 0 11.630040000000001 0 166856 0.20800000000000002 0.00006976744186043549
1645255403928 0 11.868989 0 223685 0.27999999999999997 0.00006976744186043549
1645255408109 0 11.613973000000001 0 206455 0.258 0.00006976744186043549
1645255411769 0 11.859334000000004 0 121534 0.1552 0.00006976744186043549
1645255416193 0 11.593298000000004 0 105092 0.1319 0.00006976744186043549
1645255420072 0 11.584693000000001 0 63086 0.0779 0.00006976744186043549
1645255423752 0 11.826695999999998 0 87739 0.1079 0.00006976744186043549
1645255427769 0 11.818939999999998 0 152905 0.19190000000000002 0.00006976744186043549
1645255432130 0 11.558496000000005 0 100587 0.1258 0.00006976744186043549
1645255436070 0 11.549739000000002 0 186001 0.2339 0.00006976744186043549
1645255440191 0 11.538086000000007 0 201620 0.2522 0.00006976744186043549
1645255444013 0 11.778350000000003 0 218012 0.272 0.00006976744186043549
1645255448151 0 11.520764 0 123058 0.1541 0.00006976744186043549
1645255452249 0 11.504063000000002 0 198856 0.25 0.00006976744186043549
1645255455661 0 11.997094000000004 0 223061 0.27999999999999997 0.00006976744186043549
1645255460071 0 11.734972999999997 0 143385 0.1797 0.00006976744186043549
1645255463610 0 11.97587 0 117021 0.1434 0.00006976744186043549
1645255467759 0 11.969260000000006 0 83595 0.10389999999999999 0.00006976744186043549
1645255471733 0 11.958099000000004 0 68011 0.0858 0.00006976744186043549
1645255476031 0 11.702596 0 134264 0.16799999999999998 0.00006976744186043549
1645255480050 0 11.690371999999996 0 113722 0.14179999999999998 0.00006976744186043549
1645255483690 0 11.931246000000002 0 122694 0.152 0.00006976744186043549
1645255487973 0 11.670724000000007 0 215146 0.2682 0.00006976744186043549
1645255491749 0 11.913206000000002 0 213339 0.2678 0.00006976744186043549
1645255496071 0 11.655631 0 176949 0.2222 0.00006976744186043549
1645255500149 0 11.644801000000001 0 158356 0.19770000000000001 0.00006976744186043549
1645255504012 0 11.637473999999997 0 219852 0.2759 0.00006976744186043549
1645255508088 0 11.629254000000003 0 196864 0.2459 0.00006976744186043549
1645255512173 0 11.617478000000006 0 116610 0.1463 0.00006976744186043549
1645255516130 0 11.609958000000006 0 107223 0.1339 0.00006976744186043549
1645255520035 0 11.605424 0 64332 0.0801 0.00006976744186043549
1645255523759 0 11.841844000000009 0 88753 0.1099 0.00006976744186043549
1645255527791 0 11.834202000000005 0 153489 0.1917 0.00006976744186043549
1645255532169 0 11.575845000000015 0 101805 0.12789999999999999 0.00006976744186043549
1645255536109 0 11.566562000000005 0 186822 0.23370000000000002 0.00006976744186043549
1645255540238 0 11.558099999999996 0 200149 0.2524 0.00006976744186043549
1645255544029 0 11.547466000000014 0 215305 0.2677 0.00006976744186043549
1645255548269 0 11.538223000000016 0 128759 0.1617 0.00006976744186043549
1645255551849 0 11.783035000000012 0 199367 0.2479 0.00006976744186043549
1645255556209 0 11.519000000000005 0 220759 0.2758 0.00006976744186043549
1645255560200 0 11.51146399999999 0 149511 0.188 0.00006976744186043549
1645255564294 0 11.503761999999995 0 118879 0.1479 0.00006976744186043549
1645255567995 0 11.741959000000008 0 85418 0.1079 0.00006976744186043549
1645255571979 0 11.726123999999999 0 68807 0.0862 0.00006976744186043549
1645255575751 0 11.965251999999992 0 132565 0.1659 0.00006976744186043549
1645255579834 0 11.954585000000009 0 117262 0.148 0.00006976744186043549
1645255583900 0 11.696000999999995 0 116418 0.144 0.00006976744186043549
1645255587812 0 11.940716000000009 0 223024 0.27999999999999997 0.00006976744186043549
1645255592098 0 11.678763000000004 0 214538 0.2685 0.00006976744186043549
1645255595949 0 11.67193499999999 0 178191 0.2237 0.00006976744186043549
1645255600076 0 11.665881000000013 0 161454 0.2022 0.00006976744186043549
1645255603835 0 11.90455399999999 0 212225 0.2637 0.00006976744186043549
1645255607891 0 11.895094999999998 0 195858 0.2439 0.00006976744186043549
1645255611970 0 11.639168000000012 0 119665 0.148 0.00006976744186043549
1645255615935 0 11.627994999999999 0 108667 0.136 0.00006976744186043549
1645255619855 0 11.872620999999981 0 64782 0.08 0.00006976744186043549
1645255624051 0 11.610336000000018 0 87523 0.1081 0.00006976744186043549
1645255628094 0 11.598213999999984 0 155607 0.1938 0.00006976744186043549
1645255631970 0 11.589012000000025 0 100404 0.12589999999999998 0.00006976744186043549
1645255635868 0 11.829119999999989 0 183614 0.2299 0.00006976744186043549
1645255639930 0 11.823178999999982 0 197686 0.246 0.00006976744186043549
1645255643772 0 11.814598999999987 0 217520 0.2736 0.00006976744186043549
1645255648050 0 11.551604999999995 0 132353 0.1659 0.00006976744186043549
1645255652150 0 11.540628000000027 0 199853 0.25 0.00006976744186043549
1645255656092 0 11.53304700000001 0 225614 0.282 0.00006976744186043549
1645255660069 0 11.516399999999976 0 150477 0.188 0.00006976744186043549
1645255664132 0 11.505506000000025 0 117995 0.1459 0.00006976744186043549
1645255667811 0 11.998297999999977 0 86503 0.1078 0.00006976744186043549
1645255671777 0 11.982683000000009 0 67335 0.0839 0.00006976744186043549
1645255676052 0 11.725681000000009 0 132169 0.1659 0.00006976744186043549
1645255679634 0 11.96773300000001 0 118800 0.1482 0.00006976744186043549
1645255683692 0 11.957394000000022 0 116618 0.1441 0.00006976744186043549

