1645252717337 1 3.999999 2497 346799 0.23690000000000003 -10.7371
1645252719019 0 6.430046 0 213385 0.1452 0.00017441860465117198
1645252720087 0 9.360386 0 141806 0.0965 0.00006976744186043549
1645252721942 0 11.558068 0 112578 0.0759 0.00006976744186043549
1645252726090 0 11.549240999999999 0 80671 0.0541 0.00006976744186043549
1645252729656 0 11.794448999999998 0 68729 0.047 0.00006976744186043549
1645252733692 0 11.786846 0 137895 0.0936 0.00006976744186043549
1645252738082 0 11.530353999999999 0 114138 0.07780000000000001 0.00006976744186043549
1645252742036 0 11.523401000000003 0 126013 0.0851 0.00006976744186043549
1645252746132 0 11.512219000000002 0 217236 0.1487 0.00006976744186043549
1645252749723 0 11.755841000000004 0 219398 0.1497 0.00006976744186043549
1645252753534 0 11.997273 0 177648 0.12079999999999999 0.00006976744186043549
1645252757776 0 11.733920000000005 0 166856 0.11439999999999999 0.00006976744186043549
1645252761893 0 11.728996000000002 0 223685 0.1517 0.00006976744186043549
1645252765906 0 11.724117 0 206455 0.1409 0.00006976744186043549
1645252769842 0 11.712147000000002 0 121534 0.0831 0.00006976744186043549
1645252773645 0 11.95655 0 105092 0.0705 0.00006976744186043549
1645252777666 0 11.948044000000003 0 63086 0.0411 0.00006976744186043549
1645252781868 0 11.683022000000008 0 87739 0.059199999999999996 0.00006976744186043549
1645252786013 0 11.673955000000007 0 152905 0.1041 0.00006976744186043549
1645252789798 0 11.657261000000005 0 100587 0.06860000000000001 0.00006976744186043549
1645252793665 0 11.899731000000003 0 186001 0.1266 0.00006976744186043549
1645252797648 0 11.891142000000002 0 201620 0.13799999999999998 0.00006976744186043549
1645252801736 0 11.877595999999997 0 218012 0.14850000000000002 0.00006976744186043549
1645252805677 0 11.866009000000005 0 123058 0.0841 0.00006976744186043549
1645252809629 0 11.860487000000006 0 198856 0.13520000000000001 0.00006976744186043549
1645252813757 0 11.854467999999997 0 223061 0.1517 0.00006976744186043549
1645252817835 0 11.844730999999996 0 143385 0.0977 0.00006976744186043549
1645252821732 0 11.838386 0 117021 0.0791 0.00006976744186043549
1645252825909 0 11.579541000000006 0 83595 0.057199999999999994 0.00006976744186043549
1645252829975 0 11.570836 0 68011 0.0469 0.00006976744186043549
1645252833975 0 11.565661000000006 0 134264 0.0903 0.00006976744186043549
1645252837855 0 11.809230999999997 0 113722 0.078 0.00006976744186043549
1645252841790 0 11.802678999999998 0 122694 0.0832 0.00006976744186043549
1645252845865 0 11.796629999999993 0 215146 0.14650000000000002 0.00006976744186043549
1645252849918 0 11.537443999999994 0 213339 0.1454 0.00006976744186043549
1645252853726 0 11.77999299999999 0 176949 0.1207 0.00006976744186043549
1645252857903 0 11.769900000000007 0 158356 0.1071 0.00006976744186043549
1645252862015 0 11.513653000000005 0 219852 0.15089999999999998 0.00006976744186043549
1645252865959 0 11.50562099999999 0 196864 0.1343 0.00006976744186043549
1645252869847 0 11.743158999999991 0 116610 0.0791 0.00006976744186043549
1645252873677 0 11.984484000000009 0 107223 0.0728 0.00006976744186043549
1645252877710 0 11.977191000000005 0 64332 0.0438 0.00006976744186043549
1645252881912 0 11.715468000000016 0 88753 0.060399999999999995 0.00006976744186043549
1645252885562 0 11.957618999999994 0 153489 0.10500000000000001 0.00006976744186043549
1645252889866 0 11.702719000000002 0 101805 0.0696 0.00006976744186043549
1645252893746 0 11.938872000000003 0 186822 0.128 0.00006976744186043549
1645252897718 0 11.924373000000003 0 200149 0.13720000000000002 0.00006976744186043549
1645252901783 0 11.665692000000007 0 215305 0.14650000000000002 0.00006976744186043549
1645252905767 0 11.911676999999997 0 128759 0.0883 0.00006976744186043549
1645252909731 0 11.902622000000008 0 199367 0.13640000000000002 0.00006976744186043549
1645252913838 0 11.646757000000008 0 220759 0.1508 0.00006976744186043549
1645252917965 0 11.636704000000009 0 149511 0.1022 0.00006976744186043549
1645252921878 0 11.631237999999996 0 118879 0.0811 0.00006976744186043549
1645252926061 0 11.621790000000004 0 85418 0.058399999999999994 0.00006976744186043549
1645252929627 0 11.864453999999995 0 68807 0.046700000000000005 0.00006976744186043549
1645252933622 0 11.857209000000012 0 132565 0.0893 0.00006976744186043549
1645252938035 0 11.597489999999993 0 117262 0.0813 0.00006976744186043549
1645252941929 0 11.58932999999999 0 116418 0.079 0.00006976744186043549
1645252946057 0 11.582892000000015 0 223024 0.1528 0.00006976744186043549
1645252950124 0 11.571815000000015 0 214538 0.1466 0.00006976744186043549
1645252953940 0 11.562569999999994 0 178191 0.1216 0.00006976744186043549
1645252958137 0 11.551715999999999 0 161454 0.1091 0.00006976744186043549
1645252961677 0 11.795037000000008 0 212225 0.1446 0.00006976744186043549
1645252966108 0 11.537326000000007 0 195858 0.133 0.00006976744186043549
1645252970019 0 11.530856 0 119665 0.081 0.00006976744186043549
1645252973868 0 11.772378000000003 0 108667 0.0749 0.00006976744186043549
1645252977906 0 11.765422999999998 0 64782 0.0437 0.00006976744186043549
1645252982095 0 11.506230000000016 0 87523 0.0593 0.00006976744186043549
1645252985757 0 11.745315000000005 0 155607 0.1062 0.00006976744186043549
1645252989531 0 11.989614000000017 0 100404 0.0674 0.00006976744186043549
1645252993878 0 11.732281999999998 0 183614 0.12490000000000001 0.00006976744186043549
1645252997821 0 11.723006999999996 0 197686 0.134 0.00006976744186043549
1645253001911 0 11.712175000000002 0 217520 0.1491 0.00006976744186043549
1645253005922 0 11.70599500000003 0 132353 0.0905 0.00006976744186043549
1645253009885 0 11.695988999999997 0 199853 0.1361 0.00006976744186043549
1645253013510 0 11.938782000000003 0 225614 0.1528 0.00006976744186043549
1645253017643 0 11.932538000000022 0 150477 0.1031 0.00006976744186043549
1645253021565 0 11.924922999999978 0 117995 0.08120000000000001 0.00006976744186043549
1645253025758 0 11.917845 0 86503 0.057999999999999996 0.00006976744186043549
1645253029813 0 11.661098999999979 0 67335 0.045700000000000005 0.00006976744186043549
1645253033825 0 11.653113000000019 0 132169 0.0902 0.00006976744186043549
1645253037737 0 11.894179000000008 0 118800 0.0811 0.00006976744186043549
1645253041626 0 11.88306 0 116618 0.0791 0.00006976744186043549

