1645244687710 1 3.999999 860 346799 0.0723 -3.698
1645244688585 1 7.143047 0 363755 0.0757 0.00017441860465117198
1645244689439 1 10.285077000000001 0 362842 0.0757 0.00017441860465117198
1645244692342 1 11.612048000000001 0 384791 0.0801 0.00017441860465117198
1645244696316 3 11.607290999999998 0 804438 0.17709999999999998 0.000174418604651283
1645244700232 3 11.593283999999999 0 828659 0.18180000000000002 0.00043023255813956496
1645244704378 3 11.584095999999999 0 937332 0.20459999999999998 0.00043023255813956496
1645244708110 3 11.828063999999998 0 776416 0.16299999999999998 0.00043023255813956496
1645244712362 3 11.564022000000001 0 1025687 0.2149 0.00043023255813956496
1645244716175 3 11.555867000000003 0 815426 0.17070000000000002 0.00043023255813956496
1645244720122 3 11.798985000000002 0 884625 0.1849 0.00043023255813956496
1645244724110 3 11.793223000000005 0 904952 0.189 0.00043023255813956496
1645244728206 3 11.533831 0 954418 0.19970000000000002 0.00043023255813956496
1645244732222 3 11.527809000000005 0 910446 0.1903 0.00043023255813956496
1645244736254 3 11.515922000000003 0 922454 0.1923 0.00043023255813956496
1645244740338 3 11.51153 0 942842 0.1973 0.00043023255813956496
1645244744288 3 11.501214000000004 0 884128 0.18460000000000001 0.00043023255813956496
1645244748134 3 11.739676000000003 0 828263 0.1731 0.00043023255813956496
1645244751778 3 11.986626999999999 0 981175 0.2049 0.00043023255813956496
1645244755850 3 11.977227 0 939007 0.1964 0.00043023255813956496
1645244760208 3 11.718772000000001 0 841370 0.1759 0.00043023255813956496
1645244763797 3 11.964228000000006 0 947658 0.1976 0.00043023255813956496
1645244768134 3 11.708850999999996 0 828958 0.17350000000000002 0.00043023255813956496
1645244771775 3 11.954265000000007 0 977791 0.2045 0.00043023255813956496
1645244776145 3 11.698553000000004 0 847215 0.17709999999999998 0.00043023255813956496
1645244779786 3 11.943869000000007 0 978032 0.2045 0.00043023255813956496
1645244783853 3 11.930552000000006 0 934237 0.1953 0.00043023255813956496
1645244787814 3 11.924003999999996 0 889600 0.1857 0.00043023255813956496
1645244791981 3 11.913567999999998 0 988774 0.2069 0.00043023255813956496
1645244796273 3 11.650138999999996 0 808061 0.1692 0.00043023255813956496
1645244799954 3 11.887636 0 995677 0.2082 0.00043023255813956496
1645244803985 3 11.879900000000006 0 924757 0.1934 0.00043023255813956496
1645244808274 3 11.621128999999996 0 808228 0.16899999999999998 0.00043023255813956496
1645244811998 3 11.863938000000005 0 1014212 0.21200000000000002 0.00043023255813956496
1645244816365 3 11.606623000000013 0 845218 0.1766 0.00043023255813956496
1645244820371 3 11.600367000000006 0 910767 0.1907 0.00043023255813956496
1645244824369 3 11.586636999999996 0 901777 0.1886 0.00043023255813956496
1645244827990 3 11.832611000000014 0 967347 0.20179999999999998 0.00043023255813956496
1645244832045 3 11.823285999999996 0 935273 0.1956 0.00043023255813956496
1645244836067 3 11.816107000000017 0 916928 0.1918 0.00043023255813956496
1645244840137 3 11.803663999999998 0 940743 0.1966 0.00043023255813956496
1645244844069 3 11.798622999999992 0 877888 0.1832 0.00043023255813956496
1645244848426 3 11.540911999999992 0 839766 0.1752 0.00043023255813956496
1645244852071 3 11.78588099999999 0 976062 0.2045 0.00043023255813956496
1645244856172 3 11.781272999999999 0 958353 0.2004 0.00043023255813956496
1645244860019 3 11.772592000000003 0 836268 0.175 0.00043023255813956496
1645244864149 3 11.766134999999991 0 968967 0.20270000000000002 0.00043023255813956496
1645244867979 3 11.752939999999995 0 825839 0.173 0.00043023255813956496
1645244872117 3 11.745682000000016 0 974212 0.2037 0.00043023255813956496
1645244876033 3 11.737571000000003 0 867483 0.1814 0.00043023255813956496
1645244880199 3 11.72645 0 987232 0.2064 0.00043023255813956496
1645244884222 3 11.717030999999992 0 921956 0.19290000000000002 0.00043023255813956496
1645244888234 3 11.708191999999997 0 913803 0.1914 0.00043023255813956496
1645244891847 3 11.948999000000015 0 958215 0.2001 0.00043023255813956496
1645244896185 3 11.686863000000017 0 832934 0.1744 0.00043023255813956496
1645244899885 3 11.92809299999999 0 1005593 0.2101 0.00043023255813956496
1645244903948 3 11.920850999999999 0 935985 0.1957 0.00043023255813956496
1645244908230 3 11.666492000000005 0 802415 0.1678 0.00043023255813956496
1645244911927 3 11.906668999999994 0 999009 0.2091 0.00043023255813956496
1645244915840 3 11.902661999999992 0 869418 0.18180000000000002 0.00043023255813956496
1645244920320 3 11.641918000000004 0 897686 0.1875 0.00043023255813956496
1645244924087 3 11.885380999999995 0 960141 0.2009 0.00043023255813956496
1645244928101 3 11.625670000000014 0 914618 0.19119999999999998 0.00043023255813956496
1645244932188 3 11.619479000000013 0 949031 0.1985 0.00043023255813956496
1645244936212 3 11.607853000000006 0 919929 0.1924 0.00043023255813956496
1645244940259 3 11.602723999999995 0 930570 0.1944 0.00043023255813956496
1645244944245 3 11.584993999999995 0 894188 0.1872 0.00043023255813956496
1645244948091 3 11.82752099999999 0 835562 0.1746 0.00043023255813956496
1645244952268 3 11.570738000000006 0 986170 0.2062 0.00043023255813956496
1645244956384 3 11.56046600000002 0 955812 0.2 0.00043023255813956496
1645244960240 3 11.549624999999992 0 837688 0.17509999999999998 0.00043023255813956496
1645244964378 3 11.542353999999989 0 972932 0.20350000000000001 0.00043023255813956496
1645244968167 3 11.786562000000004 0 807690 0.1685 0.00043023255813956496
1645244972321 3 11.509381000000019 0 968173 0.2022 0.00043023255813956496
1645244976253 3 11.501688000000001 0 872734 0.1822 0.00043023255813956496
1645244979940 3 11.985518000000013 0 991679 0.2077 0.00043023255813956496
1645244984006 3 11.721937000000025 0 930061 0.1948 0.00043023255813956496
1645244987977 3 11.961234999999988 0 884740 0.1853 0.00043023255813956496
1645244992137 3 11.705609999999979 0 968599 0.20270000000000002 0.00043023255813956496
1645244996014 3 11.942911999999978 0 848189 0.1775 0.00043023255813956496
1645245000189 3 11.68233600000002 0 989262 0.2069 0.00043023255813956496
1645245004241 3 11.674906000000021 0 929927 0.1946 0.00043023255813956496
1645245008124 3 11.66037 0 845977 0.177 0.00043023255813956496
1645245011834 3 11.90734500000002 0 1009703 0.2109 0.00043023255813956496
1645245016243 3 11.648736999999983 0 861836 0.1802 0.00043023255813956496

