1645248970092 1 3.999999 3869 346799 0.37570000000000003 -16.6367
1645248972638 0 5.4802 0 213385 0.2325 0.00017441860465117198
1645248974300 0 7.816572000000001 0 141806 0.156 0.00006976744186043549
1645248975624 0 10.490624 0 112578 0.1213 0.00006976744186043549
1645248978588 0 11.616046999999998 0 80671 0.0853 0.00006976744186043549
1645248982457 0 11.861085 0 68729 0.0753 0.00006976744186043549
1645248987004 1 11.110498 0 406206 0.4425 0.000069767441860491
1645248990405 1 11.711797999999998 0 303135 0.3297 0.00017441860465117198
1645248995033 1 11.080784000000001 0 414092 0.45099999999999996 0.00017441860465117198
1645248998806 1 11.308309000000001 0 337705 0.3674 0.00017441860465117198
1645249002890 1 11.224200000000003 0 366374 0.39790000000000003 0.00017441860465117198
1645249006821 1 11.294678000000005 0 352030 0.3826 0.00017441860465117198
1645249010959 1 11.157793000000005 0 371605 0.4032 0.00017441860465117198
1645249015280 1 10.834438000000006 0 385670 0.4202 0.00017441860465117198
1645249019451 1 10.663779000000005 0 374050 0.4072 0.00017441860465117198
1645249023549 1 10.56559 0 367058 0.3981 0.00017441860465117198
1645249027782 1 10.334901000000002 0 377983 0.41150000000000003 0.00017441860465117198
1645249031455 1 10.660084000000005 0 326924 0.3553 0.00017441860465117198
1645249035797 1 10.317225000000008 0 388939 0.42380000000000007 0.00017441860465117198
1645249040167 1 9.947927000000007 0 392939 0.42699999999999994 0.00017441860465117198
1645249044215 1 9.899186999999998 0 362131 0.3947 0.00017441860465117198
1645249048710 1 9.406143 0 402712 0.43899999999999995 0.00017441860465117198
1645249052397 1 9.716307999999998 0 327400 0.3568 0.00017441860465117198
1645249056875 1 9.239402999999996 0 401133 0.4375 0.00017441860465117198
1645249060429 1 9.685241000000005 0 317452 0.3451 0.00017441860465117198
1645249064783 1 9.330651000000003 0 391753 0.4253 0.00017441860465117198
1645249069077 1 9.042119 0 384934 0.4184 0.00017441860465117198
1645249073182 1 8.932345999999995 0 367179 0.3986 0.00017441860465117198
1645249077515 1 8.600356000000005 0 387965 0.4218 0.00017441860465117198
1645249078518 0 11.597003999999998 0 83595 0.0889 0.00017441860465117198
1645249082358 0 11.907910999999999 0 68011 0.07339999999999999 0.00006976744186043549
1645249086420 0 11.783320000000003 0 134264 0.1451 0.00006976744186043549
1645249090377 1 11.894061000000008 0 307174 0.33490000000000003 0.000069767441860491
1645249095056 1 11.05880400000001 0 420407 0.4579 0.00017441860465117198
1645249098865 1 11.249818000000005 0 340231 0.3707 0.00017441860465117198
1645249103033 1 11.081874 0 374730 0.40650000000000003 0.00017441860465117198
1645249106961 1 11.153030000000001 0 353022 0.3827 0.00017441860465117198
1645249111334 1 10.779909000000004 0 393253 0.4271 0.00017441860465117198
1645249115438 1 10.678980999999993 0 368813 0.3997 0.00017441860465117198
1645249119587 1 10.528976 0 372578 0.40490000000000004 0.00017441860465117198
1645249123774 1 10.340382000000005 0 374507 0.4083 0.00017441860465117198
1645249127930 1 10.186667 0 372824 0.40490000000000004 0.00017441860465117198
1645249131582 1 10.534832999999992 0 326437 0.3536 0.00017441860465117198
1645249135872 1 10.242531000000014 0 383127 0.417 0.00017441860465117198
1645249140360 1 9.754573999999991 0 400632 0.4354 0.00017441860465117198
1645249144186 1 9.929509999999993 0 342596 0.37229999999999996 0.00017441860465117198
1645249148739 1 9.384479999999996 0 407655 0.4438 0.00017441860465117198
1645249152527 1 9.589963000000012 0 337450 0.3671 0.00017441860465117198
1645249157019 1 9.097263999999996 0 404220 0.4387 0.00017441860465117198
1645249160729 1 9.38480899999999 0 331794 0.3606 0.00017441860465117198
1645249165085 1 9.031634999999994 0 390086 0.4237 0.00017441860465117198
1645249169388 1 8.726230000000015 0 387516 0.4205 0.00017441860465117198
1645249171112 0 11.00552300000001 0 149511 0.1623 0.00017441860465117198
1645249174513 0 11.679524000000015 0 118879 0.1298 0.00006976744186043549
1645249178537 0 11.667146000000002 0 85418 0.0921 0.00006976744186043549
1645249182377 0 11.911100000000005 0 68807 0.0732 0.00006976744186043549
1645249186729 1 11.384839999999997 0 390582 0.42380000000000007 0.000069767441860491
1645249190399 1 11.716941999999989 0 328479 0.3569 0.00017441860465117198
1645249194872 1 11.242996000000005 0 399016 0.43410000000000004 0.00017441860465117198
1645249199026 1 11.08805799999999 0 370990 0.40309999999999996 0.00017441860465117198
1645249203158 1 10.955720000000014 0 371149 0.403 0.00017441860465117198
1645249207314 1 10.799953000000016 0 372261 0.40469999999999995 0.00017441860465117198
1645249211711 1 10.40326300000001 0 394237 0.4288 0.00017441860465117198
1645249215826 1 10.287745000000001 0 368311 0.39990000000000003 0.00017441860465117198
1645249220091 1 10.02294599999999 0 381418 0.41500000000000004 0.00017441860465117198
1645249224211 1 9.90630200000001 0 368451 0.40149999999999997 0.00017441860465117198
1645249228378 1 9.738432999999986 0 371908 0.40490000000000004 0.00017441860465117198
1645249232045 1 10.06870600000002 0 328352 0.3553 0.00017441860465117198
1645249236272 1 9.842784999999992 0 379027 0.4117 0.00017441860465117198
1645249240813 1 9.303493000000003 0 407465 0.4436 0.00017441860465117198
1645249244537 1 9.578657000000021 0 333046 0.3623 0.00017441860465117198
1645249249185 1 8.930364999999995 0 416856 0.45410000000000006 0.00017441860465117198
1645249252924 1 9.192093999999997 0 335171 0.364 0.00017441860465117198
1645249257405 1 8.71050600000001 0 401613 0.43760000000000004 0.00017441860465117198
1645249258966 0 11.147261000000015 0 132353 0.1434 0.00017441860465117198
1645249262239 0 11.996400999999992 0 199853 0.21669999999999998 0.00006976744186043549
1645249266279 0 11.954665999999975 0 225614 0.24369999999999997 0.00006976744186043549
1645249270523 0 11.728687999999977 0 150477 0.1639 0.00006976744186043549
1645249274408 0 11.719315999999992 0 117995 0.1282 0.00006976744186043549
1645249278457 0 11.71191600000003 0 86503 0.0939 0.00006976744186043549
1645249282302 0 11.956759999999974 0 67335 0.0736 0.00006976744186043549
1645249286610 1 11.505710000000022 0 386654 0.4202 0.000069767441860491
1645249290490 1 11.624115000000018 0 347396 0.3775 0.00017441860465117198
1645249294865 1 11.25212700000003 0 392538 0.42699999999999994 0.00017441860465117198

