1645242707400 1 3.999999 2583 346799 0.2472 -11.1069
1645242709899 0 5.520174 0 213385 0.1526 0.00017441860465117198
1645242711051 0 8.366745000000002 0 141806 0.1012 0.00006976744186043549
1645242711969 0 11.450123000000001 0 112578 0.0795 0.00006976744186043549
1645242715563 1 11.924881 0 339137 0.24300000000000002 0.000069767441860491
1645242720048 1 11.618455999999998 0 393219 0.27999999999999997 0.00017441860465117198
1645242724121 1 11.553101999999999 0 406206 0.2898 0.00017441860465117198
1645242727465 1 11.957601 0 303135 0.21680000000000002 0.00017441860465117198
1645242731583 1 11.923013000000001 0 414092 0.2965 0.00017441860465117198
1645242735652 1 11.907209000000002 0 337705 0.2413 0.00017441860465117198
1645242739913 1 11.623334 0 366374 0.26139999999999997 0.00017441860465117198
1645242744078 1 11.581553 0 352030 0.2515 0.00017441860465117198
1645242747876 1 11.769470000000005 0 371605 0.26480000000000004 0.00017441860465117198
1645242751787 1 11.726824 0 385670 0.2754 0.00017441860465117198
1645242755607 1 11.930216000000001 0 374050 0.26680000000000004 0.00017441860465117198
1645242759876 1 11.667985999999999 0 367058 0.2615 0.00017441860465117198
1645242763697 1 11.889763000000002 0 377983 0.2692 0.00017441860465117198
1645242767670 1 11.87585 0 326924 0.2333 0.00017441860465117198
1645242771606 1 11.825403000000009 0 388939 0.2784 0.00017441860465117198
1645242776057 1 11.546683000000002 0 392939 0.28159999999999996 0.00017441860465117198
1645242779766 1 11.751095000000007 0 362131 0.2581 0.00017441860465117198
1645242783782 1 11.719920000000002 0 402712 0.2872 0.00017441860465117198
1645242787759 1 11.710439000000008 0 327400 0.2343 0.00017441860465117198
1645242791768 1 11.686140000000009 0 401133 0.28700000000000003 0.00017441860465117198
1645242795666 1 11.845692999999997 0 317452 0.22599999999999998 0.00017441860465117198
1645242799585 1 11.893078000000003 0 391753 0.2788 0.00017441860465117198
1645242803964 1 11.622201000000004 0 384934 0.27559999999999996 0.00017441860465117198
1645242807698 1 11.855787000000007 0 367179 0.26139999999999997 0.00017441860465117198
1645242811594 1 11.848326999999998 0 387965 0.2782 0.00017441860465117198
1645242815627 1 11.793850000000006 0 333821 0.242 0.00017441860465117198
1645242820067 1 11.523859000000002 0 394452 0.2811 0.00017441860465117198
1645242824107 1 11.519666 0 409513 0.2918 0.00017441860465117198
1645242827922 1 11.503015000000005 0 307174 0.21869999999999998 0.00017441860465117198
1645242831568 1 11.994614999999996 0 420407 0.3007 0.00017441860465117198
1645242835623 1 11.972667000000001 0 340231 0.2428 0.00017441860465117198
1645242839945 1 11.707459999999998 0 374730 0.2672 0.00017441860465117198
1645242843587 1 11.93685099999999 0 353022 0.25179999999999997 0.00017441860465117198
1645242847605 1 11.91987499999999 0 393253 0.2813 0.00017441860465117198
1645242851866 1 11.659130000000005 0 368813 0.26230000000000003 0.00017441860465117198
1645242855686 1 11.774788999999998 0 372578 0.2669 0.00017441860465117198
1645242859972 1 11.622026000000005 0 374507 0.26680000000000004 0.00017441860465117198
1645242863755 1 11.856202999999994 0 372824 0.267 0.00017441860465117198
1645242867712 1 11.838994000000014 0 326437 0.23279999999999998 0.00017441860465117198
1645242872070 1 11.570772000000005 0 383127 0.2734 0.00017441860465117198
1645242876069 1 11.541483999999997 0 400632 0.2852 0.00017441860465117198
1645242880129 1 11.52863099999999 0 342596 0.244 0.00017441860465117198
1645242884155 1 11.511542999999989 0 407655 0.2907 0.00017441860465117198
1645242887698 1 11.971910000000008 0 337450 0.24100000000000002 0.00017441860465117198
1645242891703 1 11.943666000000007 0 404220 0.2891 0.00017441860465117198
1645242895779 0 11.660036999999988 0 128759 0.0913 0.00017441860465117198
1645242899826 0 11.65372099999999 0 199367 0.1427 0.00006976744186043549
1645242904006 0 11.636675999999994 0 220759 0.15689999999999998 0.00006976744186043549
1645242907693 0 11.873036000000013 0 149511 0.10569999999999999 0.00006976744186043549
1645242911671 0 11.863270999999997 0 118879 0.0847 0.00006976744186043549
1645242915901 0 11.587615 0 85418 0.0605 0.00006976744186043549
1645242920012 0 11.580889000000013 0 68807 0.049 0.00006976744186043549
1645242924079 0 11.574489999999997 0 132565 0.0943 0.00006976744186043549
1645242928043 0 11.547222000000005 0 117262 0.0841 0.00006976744186043549
1645242931987 0 11.533353000000005 0 116418 0.0823 0.00006976744186043549
1645242935712 0 11.773761000000007 0 223024 0.1601 0.00006976744186043549
1645242939873 0 11.765342000000004 0 214538 0.1537 0.00006976744186043549
1645242943766 0 11.759406000000013 0 178191 0.1273 0.00006976744186043549
1645242947532 0 11.99822900000001 0 161454 0.1143 0.00006976744186043549
1645242951685 0 11.740550000000013 0 212225 0.1512 0.00006976744186043549
1645242955718 0 11.733721000000003 0 195858 0.1403 0.00006976744186043549
1645242959691 0 11.978711000000004 0 119665 0.0848 0.00006976744186043549
1645242963583 0 11.944343000000003 0 108667 0.0771 0.00006976744186043549
1645242967670 0 11.93771300000003 0 64782 0.0459 0.00006976744186043549
1645242971921 0 11.676305000000013 0 87523 0.062 0.00006976744186043549
1645242975646 0 11.91738300000003 0 155607 0.1101 0.00006976744186043549
1645242979990 0 11.661699999999996 0 100404 0.07089999999999999 0.00006976744186043549
1645242983908 0 11.646453000000008 0 183614 0.1296 0.00006976744186043549
1645242987931 0 11.63482700000003 0 197686 0.1404 0.00006976744186043549
1645242991614 0 11.874025000000017 0 217520 0.15560000000000002 0.00006976744186043549
1645242995688 0 11.864961999999991 0 132353 0.09459999999999999 0.00006976744186043549
1645242999742 0 11.854007000000024 0 199853 0.1427 0.00006976744186043549
1645243003956 0 11.593815000000006 0 225614 0.16 0.00006976744186043549
1645243007665 0 11.832279000000028 0 150477 0.1079 0.00006976744186043549
1645243011626 0 11.824036999999976 0 117995 0.0833 0.00006976744186043549
1645243015860 0 11.566410000000019 0 86503 0.060899999999999996 0.00006976744186043549
1645243019968 0 11.557028000000003 0 67335 0.048299999999999996 0.00006976744186043549
1645243024035 0 11.549552000000006 0 132169 0.09459999999999999 0.00006976744186043549
1645243028014 0 11.541233999999974 0 118800 0.0851 0.00006976744186043549

