1645240009698 1 3.999999 777 346799 0.0659 -3.3411
1645240011361 3 6.346318 0 755039 0.14450000000000002 0.000174418604651283
1645240013063 3 8.645662000000002 0 835161 0.1597 0.00043023255813956496
1645240014911 3 10.795586 0 908792 0.1741 0.00043023255813956496
1645240018064 3 11.767662999999999 0 804438 0.1537 0.00043023255813956496
1645240022262 3 11.510603999999999 0 828659 0.159 0.00043023255813956496
1645240026245 3 11.506343999999999 0 937332 0.1883 0.00043023255813956496
1645240030349 3 11.497806 0 776416 0.1488 0.00043023255813956496
1645240033926 3 11.992363000000001 0 1025687 0.1966 0.00043023255813956496
1645240038091 3 11.731133000000003 0 815426 0.1558 0.00043023255813956496
1645240041892 3 11.973751 0 884625 0.1698 0.00043023255813956496
1645240046227 3 11.710626000000005 0 904952 0.1734 0.00043023255813956496
1645240050161 3 11.700495000000004 0 954418 0.1832 0.00043023255813956496
1645240054014 3 11.940823000000002 0 910446 0.17370000000000002 0.00043023255813956496
1645240057885 3 11.921433 0 922454 0.17709999999999998 0.00043023255813956496
1645240061792 3 11.914100000000005 0 942842 0.1806 0.00043023255813956496
1645240066079 3 11.659566000000005 0 884128 0.1691 0.00043023255813956496
1645240070273 3 11.645523000000004 0 828263 0.1588 0.00043023255813956496
1645240074254 3 11.640938000000006 0 981175 0.1879 0.00043023255813956496
1645240078187 3 11.632345 0 939007 0.181 0.00043023255813956496
1645240081914 3 11.876655 0 841370 0.1617 0.00043023255813956496
1645240086334 3 11.614351 0 947658 0.18180000000000002 0.00043023255813956496
1645240090044 3 11.842050999999998 0 828958 0.1592 0.00043023255813956496
1645240094022 3 11.829126000000002 0 977791 0.1878 0.00043023255813956496
1645240098246 3 11.570728000000003 0 847215 0.162 0.00043023255813956496
1645240102222 3 11.564734999999999 0 978032 0.1874 0.00043023255813956496
1645240106111 3 11.808146000000008 0 934237 0.17880000000000001 0.00043023255813956496
1645240109912 3 11.798264000000003 0 889600 0.1702 0.00043023255813956496
1645240114409 3 11.542664000000002 0 988774 0.1896 0.00043023255813956496
1645240118062 3 11.781788000000006 0 808061 0.15560000000000002 0.00043023255813956496
1645240122071 3 11.778622999999996 0 995677 0.191 0.00043023255813956496
1645240125952 3 11.770814000000001 0 924757 0.178 0.00043023255813956496
1645240130119 3 11.761549000000002 0 808228 0.1548 0.00043023255813956496
1645240134162 3 11.752161999999998 0 1014212 0.19419999999999998 0.00043023255813956496
1645240137885 3 11.995092999999997 0 845218 0.1619 0.00043023255813956496
1645240142237 3 11.735020999999989 0 910767 0.17450000000000002 0.00043023255813956496
1645240146082 3 11.722870999999998 0 901777 0.17270000000000002 0.00043023255813956496
1645240150042 3 11.965092999999996 0 967347 0.1847 0.00043023255813956496
1645240153939 3 11.95401799999999 0 935273 0.1792 0.00043023255813956496
1645240158294 3 11.697079000000002 0 916928 0.17509999999999998 0.00043023255813956496
1645240162204 3 11.686507000000006 0 940743 0.18009999999999998 0.00043023255813956496
1645240165988 3 11.93052800000001 0 877888 0.1679 0.00043023255813956496
1645240170196 3 11.672775000000001 0 839766 0.1608 0.00043023255813956496
1645240174171 3 11.662180000000006 0 976062 0.1874 0.00043023255813956496
1645240178107 3 11.88585599999999 0 958353 0.1833 0.00043023255813956496
1645240182315 3 11.628818999999993 0 836268 0.1602 0.00043023255813956496
1645240186275 3 11.616455000000002 0 968967 0.1861 0.00043023255813956496
1645240189956 3 11.856038000000012 0 825839 0.1584 0.00043023255813956496
1645240194422 3 11.600074000000006 0 974212 0.1867 0.00043023255813956496
1645240198191 3 11.838501000000008 0 867483 0.1666 0.00043023255813956496
1645240202189 3 11.834417000000002 0 987232 0.1887 0.00043023255813956496
1645240206055 3 11.825885999999997 0 921956 0.1766 0.00043023255813956496
1645240210417 3 11.567284 0 913803 0.17509999999999998 0.00043023255813956496
1645240214354 3 11.554096000000015 0 958215 0.1836 0.00043023255813956496
1645240218053 3 11.801365000000004 0 832934 0.1599 0.00043023255813956496
1645240222080 3 11.792862000000014 0 1005593 0.1928 0.00043023255813956496
1645240226476 3 11.537638000000015 0 935985 0.1797 0.00043023255813956496
1645240230119 3 11.782207999999997 0 802415 0.1538 0.00043023255813956496
1645240234140 3 11.771871000000004 0 999009 0.1913 0.00043023255813956496
1645240238403 3 11.516734000000014 0 869418 0.1663 0.00043023255813956496
1645240242230 3 11.752857000000006 0 897686 0.172 0.00043023255813956496
1645240246167 3 11.748435999999998 0 960141 0.1843 0.00043023255813956496
1645240250017 3 11.98660799999999 0 914618 0.1748 0.00043023255813956496
1645240253945 3 11.97831099999999 0 949031 0.1819 0.00043023255813956496
1645240257828 3 11.968417000000017 0 919929 0.1762 0.00043023255813956496
1645240262209 3 11.711982000000006 0 930570 0.1784 0.00043023255813956496
1645240266032 3 11.95622400000002 0 894188 0.1718 0.00043023255813956496
1645240270239 3 11.694924000000015 0 835562 0.15960000000000002 0.00043023255813956496
1645240274235 3 11.689366000000007 0 986170 0.1889 0.00043023255813956496
1645240278173 3 11.684101999999996 0 955812 0.1827 0.00043023255813956496
1645240281876 3 11.921811999999989 0 837688 0.1599 0.00043023255813956496
1645240286343 3 11.66352599999999 0 972932 0.1867 0.00043023255813956496
1645240289990 3 11.90263299999998 0 807690 0.1544 0.00043023255813956496
1645240293952 3 11.888830999999982 0 968173 0.1853 0.00043023255813956496
1645240298217 3 11.62792300000001 0 872734 0.1666 0.00043023255813956496
1645240302223 3 11.619096000000013 0 991679 0.19039999999999999 0.00043023255813956496
1645240306108 3 11.856989999999996 0 930061 0.17809999999999998 0.00043023255813956496
1645240310403 3 11.600062999999977 0 884740 0.16970000000000002 0.00043023255813956496
1645240314366 3 11.59241400000002 0 968599 0.1859 0.00043023255813956496
1645240318088 3 11.838291000000027 0 848189 0.1618 0.00043023255813956496
1645240322089 3 11.829077999999981 0 989262 0.1899 0.00043023255813956496
1645240326467 3 11.571169999999995 0 929927 0.1782 0.00043023255813956496
1645240330185 3 11.80998599999998 0 845977 0.1622 0.00043023255813956496
1645240334218 3 11.80624899999998 0 1009703 0.1933 0.00043023255813956496
1645240338486 3 11.549733000000003 0 861836 0.1653 0.00043023255813956496

