1645231554837 1 3.999999 1537 346799 0.1427 -6.6091
1645231557395 1 5.467596 0 363755 0.15 0.00017441860465117198
1645231559004 1 7.858533 0 362842 0.1494 0.00017441860465117198
1645231560696 1 10.166403 0 384791 0.1582 0.00017441860465117198
1645231563210 1 11.793187 0 339137 0.1395 0.00017441860465117198
1645231567465 1 11.530356 0 393219 0.1617 0.00017441860465117198
1645231571265 1 11.765180999999998 0 406206 0.1672 0.00017441860465117198
1645231575163 1 11.757386 0 303135 0.125 0.00017441860465117198
1645231579524 1 11.499789000000003 0 414092 0.1709 0.00017441860465117198
1645231583048 1 11.993502000000003 0 337705 0.1385 0.00017441860465117198
1645231587678 1 11.691417000000001 0 366374 0.1505 0.00017441860465117198
1645231591769 1 11.677448000000005 0 352030 0.1444 0.00017441860465117198
1645231595454 1 11.858628000000003 0 371605 0.15309999999999999 0.00017441860465117198
1645231599693 1 11.584957000000003 0 385670 0.1585 0.00017441860465117198
1645231603858 1 11.571407 0 374050 0.1538 0.00017441860465117198
1645231607581 1 11.704001000000005 0 367058 0.1506 0.00017441860465117198
1645231611270 1 11.940714 0 377983 0.155 0.00017441860465117198
1645231615775 1 11.655336000000005 0 326924 0.1347 0.00017441860465117198
1645231619517 1 11.869115000000008 0 388939 0.1598 0.00017441860465117198
1645231623789 1 11.595161000000004 0 392939 0.1617 0.00017441860465117198
1645231627396 1 11.825254000000001 0 362131 0.1489 0.00017441860465117198
1645231631670 1 11.566607000000005 0 402712 0.1655 0.00017441860465117198
1645231635670 1 11.552607000000009 0 327400 0.135 0.00017441860465117198
1645231639455 1 11.786191000000002 0 401133 0.1654 0.00017441860465117198
1645231643903 1 11.506368000000009 0 317452 0.1299 0.00017441860465117198
1645231647637 1 11.744574999999998 0 391753 0.1611 0.00017441860465117198
1645231651357 1 11.976309 0 384934 0.15860000000000002 0.00017441860465117198
1645231655494 1 11.712275000000005 0 367179 0.1512 0.00017441860465117198
1645231659726 1 11.68168200000001 0 387965 0.1597 0.00017441860465117198
1645231663718 1 11.666173999999998 0 333821 0.1371 0.00017441860465117198
1645231667477 1 11.889085000000009 0 394452 0.162 0.00017441860465117198
1645231671787 1 11.627902000000006 0 409513 0.1684 0.00017441860465117198
1645231675675 1 11.615066999999996 0 307174 0.12669999999999998 0.00017441860465117198
1645231679530 1 11.851236 0 420407 0.17350000000000002 0.00017441860465117198
1645231683554 1 11.842424999999992 0 340231 0.1401 0.00017441860465117198
1645231687716 1 11.576340000000016 0 374730 0.1542 0.00017441860465117198
1645231691798 1 11.560970999999995 0 353022 0.1452 0.00017441860465117198
1645231695533 1 11.803477000000015 0 393253 0.1617 0.00017441860465117198
1645231699677 1 11.538484000000011 0 368813 0.1518 0.00017441860465117198
1645231703842 1 11.524135000000001 0 372578 0.15309999999999999 0.00017441860465117198
1645231707505 1 11.765312999999992 0 374507 0.1541 0.00017441860465117198
1645231711654 1 11.756219000000016 0 372824 0.1537 0.00017441860465117198
1645231715608 1 11.748663999999991 0 326437 0.1341 0.00017441860465117198
1645231719298 1 11.985797999999988 0 383127 0.157 0.00017441860465117198
1645231723600 1 11.72352699999999 0 400632 0.1647 0.00017441860465117198
1645231727628 1 11.716579999999993 0 342596 0.14079999999999998 0.00017441860465117198
1645231731429 1 11.95436699999999 0 407655 0.16799999999999998 0.00017441860465117198
1645231735463 1 11.944065999999992 0 337450 0.1391 0.00017441860465117198
1645231739761 1 11.684865000000002 0 404220 0.1661 0.00017441860465117198
1645231743514 0 11.89102600000001 0 128759 0.0528 0.00017441860465117198
1645231747473 0 11.881531999999993 0 199367 0.08149999999999999 0.00006976744186043549
1645231751539 0 11.871561000000014 0 220759 0.0937 0.00006976744186043549
1645231755807 0 11.614834000000002 0 149511 0.0638 0.00006976744186043549
1645231759442 0 11.855586000000017 0 118879 0.0517 0.00006976744186043549
1645231763442 0 11.84715 0 85418 0.0382 0.00006976744186043549
1645231767388 0 11.83907099999999 0 68807 0.0306 0.00006976744186043549
1645231771575 0 11.828406999999999 0 132565 0.056999999999999995 0.00006976744186043549
1645231775714 0 11.573368000000016 0 117262 0.0508 0.00006976744186043549
1645231779854 0 11.567527000000013 0 116418 0.0503 0.00006976744186043549
1645231783422 0 11.804651000000007 0 223024 0.094 0.00006976744186043549
1645231787440 0 11.799146000000007 0 214538 0.091 0.00006976744186043549
1645231791827 0 11.53849199999999 0 178191 0.0763 0.00006976744186043549
1645231795635 0 11.784518999999989 0 161454 0.0688 0.00006976744186043549
1645231799648 0 11.772543000000013 0 212225 0.0898 0.00006976744186043549
1645231803601 0 11.753987999999993 0 195858 0.0829 0.00006976744186043549
1645231807230 0 11.99727999999999 0 119665 0.0516 0.00006976744186043549
1645231811326 0 11.992710999999986 0 108667 0.0466 0.00006976744186043549
1645231815252 0 11.981019000000003 0 64782 0.0293 0.00006976744186043549
1645231819260 0 11.97259200000002 0 87523 0.0391 0.00006976744186043549
1645231823546 0 11.715187000000014 0 155607 0.0666 0.00006976744186043549
1645231827602 0 11.70724100000001 0 100404 0.0443 0.00006976744186043549
1645231831501 0 11.697906999999987 0 183614 0.0779 0.00006976744186043549
1645231835455 0 11.941840000000013 0 197686 0.0842 0.00006976744186043549
1645231839510 0 11.93420100000003 0 217520 0.092 0.00006976744186043549
1645231843705 0 11.656334000000015 0 132353 0.05669999999999999 0.00006976744186043549
1645231847673 0 11.649833999999998 0 199853 0.0849 0.00006976744186043549
1645231851750 0 11.641786000000025 0 225614 0.09469999999999999 0.00006976744186043549
1645231855597 0 11.825509000000011 0 150477 0.06470000000000001 0.00006976744186043549
1645231859735 0 11.569148999999982 0 117995 0.0509 0.00006976744186043549
1645231863737 0 11.561841000000015 0 86503 0.0383 0.00006976744186043549
1645231867680 0 11.556202999999982 0 67335 0.030199999999999998 0.00006976744186043549
1645231871874 0 11.548476999999991 0 132169 0.056999999999999995 0.00006976744186043549
1645231875505 0 11.789719999999988 0 118800 0.0517 0.00006976744186043549
1645231879667 0 11.777506000000017 0 116618 0.0504 0.00006976744186043549

