1645237563818 1 3.999999 4164 346799 0.4035 -17.9052
1645237566539 0 5.285583 0 213385 0.2466 0.00017441860465117198
1645237568295 0 7.5312280000000005 0 141806 0.16599999999999998 0.00006976744186043549
1645237569716 0 10.109788000000002 0 112578 0.1309 0.00006976744186043549
1645237572269 0 11.648088 0 80671 0.0943 0.00006976744186043549
1645237576184 0 11.891322999999998 0 68729 0.0792 0.00006976744186043549
1645237580394 0 11.625492999999999 0 137895 0.1603 0.00006976744186043549
1645237584327 0 11.613515 0 114138 0.133 0.00006976744186043549
1645237588400 0 11.606513000000003 0 126013 0.1477 0.00006976744186043549
1645237592056 0 11.839523000000003 0 217236 0.2546 0.00006976744186043549
1645237596222 0 11.828806 0 219398 0.2564 0.00006976744186043549
1645237600394 0 11.564205000000001 0 177648 0.20670000000000002 0.00006976744186043549
1645237604457 0 11.554152000000002 0 166856 0.1955 0.00006976744186043549
1645237608163 0 11.792114000000005 0 223685 0.2604 0.00006976744186043549
1645237612167 0 11.785782000000005 0 206455 0.2398 0.00006976744186043549
1645237616195 0 11.777108000000005 0 121534 0.142 0.00006976744186043549
1645237620514 0 11.519001000000003 0 105092 0.1217 0.00006976744186043549
1645237624358 0 11.510526000000006 0 63086 0.0738 0.00006976744186043549
1645237628475 0 11.500495999999998 0 87739 0.10149999999999999 0.00006976744186043549
1645237631857 0 11.993716000000006 0 152905 0.17709999999999998 0.00006976744186043549
1645237636131 0 11.734826999999996 0 100587 0.1159 0.00006976744186043549
1645237639902 0 11.978296 0 186001 0.2158 0.00006976744186043549
1645237644365 0 11.709998999999996 0 201620 0.23450000000000001 0.00006976744186043549
1645237648003 0 11.944479000000001 0 218012 0.25270000000000004 0.00006976744186043549
1645237652064 0 11.933273 0 123058 0.1439 0.00006976744186043549
1645237655976 0 11.924699000000004 0 198856 0.2305 0.00006976744186043549
1645237660210 0 11.668408 0 223061 0.2618 0.00006976744186043549
1645237663973 0 11.907363000000004 0 143385 0.1658 0.00006976744186043549
1645237668422 0 11.647762 0 117021 0.1346 0.00006976744186043549
1645237671986 0 11.890746000000007 0 83595 0.0959 0.00006976744186043549
1645237676382 0 11.630516999999998 0 68011 0.0792 0.00006976744186043549
1645237680025 0 11.866245000000006 0 134264 0.15489999999999998 0.00006976744186043549
1645237684440 0 11.604556000000002 0 113722 0.131 0.00006976744186043549
1645237688463 0 11.594841000000002 0 122694 0.1423 0.00006976744186043549
1645237692072 0 11.835104999999999 0 215146 0.2509 0.00006976744186043549
1645237696155 0 11.825856000000016 0 213339 0.2468 0.00006976744186043549
1645237700307 0 11.568048000000005 0 176949 0.2048 0.00006976744186043549
1645237704257 0 11.812295000000006 0 158356 0.1842 0.00006976744186043549
1645237708425 0 11.552227000000016 0 219852 0.2566 0.00006976744186043549
1645237712337 0 11.546054999999996 0 196864 0.2304 0.00006976744186043549
1645237716293 0 11.532083999999998 0 116610 0.1348 0.00006976744186043549
1645237720147 0 11.774063000000012 0 107223 0.1255 0.00006976744186043549
1645237724511 0 11.518651000000006 0 64332 0.0757 0.00006976744186043549
1645237728140 0 11.763069000000002 0 88753 0.1032 0.00006976744186043549
1645237732531 0 11.498794000000004 0 153489 0.1789 0.00006976744186043549
1645237736316 0 11.740674000000013 0 101805 0.1182 0.00006976744186043549
1645237740096 0 11.978878000000009 0 186822 0.2177 0.00006976744186043549
1645237744043 0 11.970114999999993 0 200149 0.23410000000000003 0.00006976744186043549
1645237748139 0 11.712546000000003 0 215305 0.24900000000000003 0.00006976744186043549
1645237752261 0 11.702576999999991 0 128759 0.1515 0.00006976744186043549
1645237756186 0 11.694131999999996 0 199367 0.2325 0.00006976744186043549
1645237760357 0 11.680729000000014 0 220759 0.2564 0.00006976744186043549
1645237764221 0 11.675194000000005 0 149511 0.17509999999999998 0.00006976744186043549
1645237768204 0 11.665424999999999 0 118879 0.1384 0.00006976744186043549
1645237772308 0 11.652940999999998 0 85418 0.1 0.00006976744186043549
1645237776210 0 11.645318000000003 0 68807 0.0796 0.00006976744186043549
1645237780367 0 11.639406000000008 0 132565 0.1552 0.00006976744186043549
1645237784334 0 11.627260000000007 0 117262 0.1366 0.00006976744186043549
1645237788285 0 11.615903000000003 0 116418 0.1348 0.00006976744186043549
1645237791985 0 11.86059499999999 0 223024 0.2602 0.00006976744186043549
1645237796102 0 11.852215000000001 0 214538 0.25070000000000003 0.00006976744186043549
1645237800294 0 11.592275999999998 0 178191 0.20859999999999998 0.00006976744186043549
1645237804269 0 11.581472999999988 0 161454 0.1862 0.00006976744186043549
1645237808337 0 11.57195999999999 0 212225 0.2473 0.00006976744186043549
1645237812235 0 11.814964000000003 0 195858 0.2286 0.00006976744186043549
1645237816221 0 11.806523999999996 0 119665 0.13799999999999998 0.00006976744186043549
1645237820097 0 11.798328000000026 0 108667 0.1272 0.00006976744186043549
1645237824444 0 11.537592000000018 0 64782 0.0739 0.00006976744186043549
1645237828070 0 11.778904000000011 0 87523 0.1014 0.00006976744186043549
1645237832482 0 11.520230000000026 0 155607 0.1807 0.00006976744186043549
1645237836248 0 11.764321999999993 0 100404 0.1162 0.00006976744186043549
1645237840491 0 11.504047000000014 0 183614 0.21400000000000002 0.00006976744186043549
1645237843878 0 11.998625000000004 0 197686 0.2284 0.00006976744186043549
1645237848014 0 11.993317999999988 0 217520 0.25270000000000004 0.00006976744186043549
1645237852171 0 11.736859999999979 0 132353 0.15489999999999998 0.00006976744186043549
1645237856098 0 11.72546699999998 0 199853 0.2326 0.00006976744186043549
1645237860327 0 11.714867000000027 0 225614 0.262 0.00006976744186043549
1645237864186 0 11.705895999999996 0 150477 0.1755 0.00006976744186043549
1645237868154 0 11.699461999999983 0 117995 0.1365 0.00006976744186043549
1645237872257 0 11.69065599999999 0 86503 0.0995 0.00006976744186043549
1645237876129 0 11.93537600000002 0 67335 0.0774 0.00006976744186043549
1645237880261 0 11.665714999999977 0 132169 0.1533 0.00006976744186043549
1645237884250 0 11.658908999999994 0 118800 0.1384 0.00006976744186043549
1645237888194 0 11.646528999999987 0 116618 0.1347 0.00006976744186043549

