1645254486775 1 3.999999 996 346799 0.0889 -4.2828
1645254487512 0 7.276295 0 213385 0.0548 0.00017441860465117198
1645254487969 0 10.819793 0 141806 0.0365 0.00006976744186043549
1645254491360 0 11.501270000000002 0 112578 0.028199999999999996 0.00006976744186043549
1645254495234 0 11.742624 0 80671 0.0274 0.00006976744186043549
1645254499095 0 11.735434 0 68729 0.0237 0.00006976744186043549
1645254503111 0 11.729638999999999 0 137895 0.0417 0.00006976744186043549
1645254507061 0 11.972698999999999 0 114138 0.035199999999999995 0.00006976744186043549
1645254511061 0 11.959023000000002 0 126013 0.039 0.00006976744186043549
1645254515277 0 11.704767000000004 0 217236 0.0619 0.00006976744186043549
1645254518997 0 11.940222000000006 0 219398 0.0619 0.00006976744186043549
1645254523114 0 11.683964000000003 0 177648 0.0522 0.00006976744186043549
1645254527202 0 11.667026 0 166856 0.0485 0.00006976744186043549
1645254530935 0 11.907779000000005 0 223685 0.0637 0.00006976744186043549
1645254535121 0 11.903438000000001 0 206455 0.058699999999999995 0.00006976744186043549
1645254539090 0 11.895629 0 121534 0.0372 0.00006976744186043549
1645254543017 0 11.885833000000005 0 105092 0.033 0.00006976744186043549
1645254547335 0 11.627932000000001 0 63086 0.022 0.00006976744186043549
1645254551229 0 11.621789000000007 0 87739 0.028499999999999998 0.00006976744186043549
1645254555278 0 11.614326000000005 0 152905 0.0451 0.00006976744186043549
1645254559198 0 11.607909000000006 0 100587 0.0317 0.00006976744186043549
1645254563333 0 11.602761000000001 0 186001 0.0536 0.00006976744186043549
1645254567011 0 11.843897999999996 0 201620 0.057699999999999994 0.00006976744186043549
1645254571231 0 11.585440000000006 0 218012 0.0624 0.00006976744186043549
1645254575211 0 11.825499000000008 0 123058 0.0377 0.00006976744186043549
1645254579381 0 11.568280999999999 0 198856 0.056999999999999995 0.00006976744186043549
1645254583137 0 11.807866000000004 0 223061 0.0633 0.00006976744186043549
1645254587167 0 11.803526000000005 0 143385 0.0431 0.00006976744186043549
1645254591130 0 11.790382000000008 0 117021 0.0363 0.00006976744186043549
1645254595504 0 11.531226000000004 0 83595 0.027000000000000003 0.00006976744186043549
1645254599327 0 11.520714999999996 0 68011 0.0227 0.00006976744186043549
1645254603314 0 11.506685000000004 0 134264 0.0395 0.00006976744186043549
1645254607267 0 11.747856999999996 0 113722 0.0354 0.00006976744186043549
1645254611243 0 11.743175000000008 0 122694 0.0376 0.00006976744186043549
1645254614964 0 11.989379000000014 0 215146 0.0621 0.00006976744186043549
1645254619172 0 11.728107999999992 0 213339 0.0607 0.00006976744186043549
1645254623284 0 11.721873000000016 0 176949 0.051500000000000004 0.00006976744186043549
1645254626854 0 11.964352999999988 0 158356 0.0468 0.00006976744186043549
1645254631082 0 11.706401999999997 0 219852 0.063 0.00006976744186043549
1645254635240 0 11.695875000000001 0 196864 0.05620000000000001 0.00006976744186043549
1645254639199 0 11.687804 0 116610 0.0359 0.00006976744186043549
1645254643132 0 11.680447000000015 0 107223 0.033600000000000005 0.00006976744186043549
1645254646953 0 11.925273000000004 0 64332 0.0215 0.00006976744186043549
1645254651344 0 11.665622000000013 0 88753 0.0288 0.00006976744186043549
1645254654897 0 11.90661399999999 0 153489 0.0456 0.00006976744186043549
1645254659325 0 11.65050500000001 0 101805 0.0318 0.00006976744186043549
1645254662964 0 11.893348000000003 0 186822 0.0541 0.00006976744186043549
1645254667137 0 11.884906 0 200149 0.0573 0.00006976744186043549
1645254671349 0 11.625563 0 215305 0.0615 0.00006976744186043549
1645254675357 0 11.619459000000006 0 128759 0.040100000000000004 0.00006976744186043549
1645254679027 0 11.862934999999993 0 199367 0.0571 0.00006976744186043549
1645254683255 0 11.605657000000008 0 220759 0.0626 0.00006976744186043549
1645254687291 0 11.597842000000014 0 149511 0.0444 0.00006976744186043549
1645254691257 0 11.590185999999989 0 118879 0.0365 0.00006976744186043549
1645254695149 0 11.829045000000008 0 85418 0.029099999999999997 0.00006976744186043549
1645254698991 0 11.82287199999999 0 68807 0.023100000000000002 0.00006976744186043549
1645254702986 0 11.814256 0 132565 0.039900000000000005 0.00006976744186043549
1645254707454 0 11.55903699999999 0 117262 0.036699999999999997 0.00006976744186043549
1645254711409 0 11.553260999999992 0 116418 0.0355 0.00006976744186043549
1645254715142 0 11.791952000000009 0 223024 0.0631 0.00006976744186043549
1645254719358 0 11.534154999999998 0 214538 0.0617 0.00006976744186043549
1645254723477 0 11.528548 0 178191 0.052000000000000005 0.00006976744186043549
1645254727045 0 11.76886300000001 0 161454 0.0472 0.00006976744186043549
1645254731243 0 11.762009000000006 0 212225 0.0601 0.00006976744186043549
1645254735409 0 11.50389899999999 0 195858 0.05669999999999999 0.00006976744186043549
1645254738878 0 11.996065000000016 0 119665 0.0369 0.00006976744186043549
1645254742815 0 11.984890000000007 0 108667 0.0342 0.00006976744186043549
1645254747146 0 11.72671600000001 0 64782 0.0222 0.00006976744186043549
1645254751029 0 11.968012999999985 0 87523 0.0288 0.00006976744186043549
1645254755082 0 11.714604000000008 0 155607 0.0455 0.00006976744186043549
1645254758997 0 11.95998800000001 0 100404 0.0318 0.00006976744186043549
1645254763120 0 11.703763999999978 0 183614 0.0531 0.00006976744186043549
1645254767287 0 11.699779999999976 0 197686 0.056999999999999995 0.00006976744186043549
1645254771004 0 11.944322999999997 0 217520 0.0623 0.00006976744186043549
1645254774995 0 11.932024000000013 0 132353 0.0393 0.00006976744186043549
1645254779160 0 11.676058000000012 0 199853 0.05689999999999999 0.00006976744186043549
1645254782892 0 11.912833999999975 0 225614 0.0633 0.00006976744186043549
1645254786951 0 11.90290600000003 0 150477 0.0446 0.00006976744186043549
1645254790910 0 11.897426999999993 0 117995 0.0361 0.00006976744186043549
1645254795307 0 11.64188999999999 0 86503 0.0294 0.00006976744186043549
1645254799132 0 11.883856999999978 0 67335 0.0227 0.00006976744186043549
1645254803122 0 11.879219999999975 0 132169 0.0393 0.00006976744186043549
1645254807087 0 11.866796000000022 0 118800 0.036199999999999996 0.00006976744186043549
1645254811049 0 11.857493999999974 0 116618 0.036 0.00006976744186043549
1645254815275 0 11.601020000000005 0 222296 0.0625 0.00006976744186043549

