1645240363844 1 3.999999 1294 346799 0.11850000000000001 -5.5642
1645240366641 3 5.222047 0 755039 0.2589 0.000174418604651283
1645240369604 3 6.260912000000001 0 835161 0.28650000000000003 0.00043023255813956496
1645240372846 3 7.021137000000001 0 908792 0.3126 0.00043023255813956496
1645240375718 3 8.145223999999999 0 804438 0.2765 0.00043023255813956496
1645240378665 3 9.198474999999998 0 828659 0.2844 0.00043023255813956496
1645240381991 3 9.874227999999999 0 937332 0.3216 0.00043023255813956496
1645240384761 3 11.101468999999998 0 776416 0.2669 0.00043023255813956496
1645240395604 3 4.262959000000002 0 1025687 1.0739 0.00043023255813956496
1645240398631 3 5.231678000000002 0 815426 0.2835 0.00043023255813956496
1645240401768 3 6.094462 0 884625 0.3034 0.00043023255813956496
1645240404986 3 6.877986 0 904952 0.3108 0.00043023255813956496
1645240408378 3 7.494999 0 954418 0.3272 0.00043023255813956496
1645240411611 3 8.251614000000004 0 910446 0.3124 0.00043023255813956496
1645240414884 3 8.980060000000002 0 922454 0.3171 0.00043023255813956496
1645240418230 3 9.634932 0 942842 0.32389999999999997 0.00043023255813956496
1645240421374 3 10.490163000000003 0 884128 0.3035 0.00043023255813956496
1645240424315 3 11.547962000000005 0 828263 0.2847 0.00043023255813956496
1645240428286 3 11.672674 0 981175 0.3364 0.00043023255813956496
1645240434114 3 9.749749000000008 0 939007 0.5730999999999999 0.00043023255813956496
1645240437241 3 10.623205999999996 0 841370 0.2925 0.00043023255813956496
1645240440595 3 11.268995000000004 0 947658 0.3256 0.00043023255813956496
1645240444047 3 11.887532000000007 0 828958 0.2837 0.00043023255813956496
1645240448010 3 11.883459000000002 0 977791 0.3362 0.00043023255813956496
1645240452024 3 11.878729000000007 0 847215 0.2908 0.00043023255813956496
1645240456492 3 11.619088000000005 0 978032 0.3358 0.00043023255813956496
1645240460296 3 11.614514999999997 0 934237 0.3205 0.00043023255813956496
1645240466367 3 9.497622000000007 0 889600 0.5956 0.00043023255813956496
1645240469989 3 9.874169000000009 0 988774 0.3432 0.00043023255813956496
1645240472861 3 11.002627000000004 0 808061 0.2767 0.00043023255813956496
1645240476390 3 11.473951 0 995677 0.3418 0.00043023255813956496
1645240480161 3 11.820228 0 924757 0.31720000000000004 0.00043023255813956496
1645240484539 3 11.561401000000004 0 808228 0.2774 0.00043023255813956496
1645240488135 3 11.731228999999999 0 1014212 0.3482 0.00043023255813956496
1645240493617 3 10.246562000000011 0 845218 0.538 0.00043023255813956496
1645240496992 3 10.882596000000007 0 910767 0.317 0.00043023255813956496
1645240500184 3 11.682127000000008 0 901777 0.3085 0.00043023255813956496
1645240504115 3 11.765604999999994 0 967347 0.3323 0.00043023255813956496
1645240508451 3 11.502319999999997 0 935273 0.32130000000000003 0.00043023255813956496
1645240512211 3 11.741453000000007 0 916928 0.3154 0.00043023255813956496
1645240516044 3 11.986311999999998 0 940743 0.323 0.00043023255813956496
1645240520160 3 11.72453200000001 0 877888 0.3013 0.00043023255813956496
1645240524152 3 11.717867000000012 0 839766 0.2886 0.00043023255813956496
1645240528118 3 11.958337999999998 0 976062 0.3362 0.00043023255813956496
1645240532012 3 11.950738000000001 0 958353 0.3294 0.00043023255813956496
1645240535992 3 11.943601999999998 0 836268 0.2871 0.00043023255813956496
1645240540419 3 11.68811500000001 0 968967 0.3322 0.00043023255813956496
1645240544355 3 11.671928000000008 0 825839 0.2833 0.00043023255813956496
1645240548299 3 11.666426999999999 0 974212 0.3344 0.00043023255813956496
1645240552377 3 11.660282999999993 0 867483 0.2976 0.00043023255813956496
1645240556361 3 11.655989000000005 0 987232 0.33849999999999997 0.00043023255813956496
1645240560123 3 11.899924999999996 0 921956 0.31589999999999996 0.00043023255813956496
1645240564368 3 11.640606999999989 0 913803 0.3141 0.00043023255813956496
1645240568254 3 11.634175999999997 0 958215 0.3285 0.00043023255813956496
1645240572212 3 11.870820000000009 0 832934 0.2859 0.00043023255813956496
1645240576275 3 11.607753000000002 0 1005593 0.34540000000000004 0.00043023255813956496
1645240580093 3 11.851157999999998 0 935985 0.32120000000000004 0.00043023255813956496
1645240584457 3 11.592714 0 802415 0.2761 0.00043023255813956496
1645240587999 3 11.868552999999991 0 999009 0.34340000000000004 0.00043023255813956496
1645240592091 3 11.827312000000006 0 869418 0.2989 0.00043023255813956496
1645240596277 3 11.813255999999996 0 897686 0.3085 0.00043023255813956496
1645240600192 3 11.806455999999997 0 960141 0.32999999999999996 0.00043023255813956496
1645240604438 3 11.547412000000008 0 914618 0.3137 0.00043023255813956496
1645240608295 3 11.73860400000001 0 949031 0.3255 0.00043023255813956496
1645240612559 3 11.53685999999999 0 919929 0.31589999999999996 0.00043023255813956496
1645240616352 3 11.521011000000016 0 930570 0.3191 0.00043023255813956496
1645240620519 3 11.510079000000019 0 894188 0.3065 0.00043023255813956496
1645240624492 3 11.50315999999998 0 835562 0.28700000000000003 0.00043023255813956496
1645240627990 3 11.875495999999998 0 986170 0.3388 0.00043023255813956496
1645240631897 3 11.968543000000011 0 955812 0.3282 0.00043023255813956496
1645240636372 3 11.70845700000001 0 837688 0.2878 0.00043023255813956496
1645240640321 3 11.695378000000005 0 972932 0.3342 0.00043023255813956496
1645240644201 3 11.686756000000003 0 807690 0.27690000000000003 0.00043023255813956496
1645240648130 3 11.92082099999999 0 968173 0.3324 0.00043023255813956496
1645240652239 3 11.662196999999992 0 872734 0.2988 0.00043023255813956496
1645240656251 3 11.657456000000025 0 991679 0.3409 0.00043023255813956496
1645240660048 3 11.89854600000001 0 930061 0.3191 0.00043023255813956496
1645240664189 3 11.894160999999997 0 884740 0.304 0.00043023255813956496
1645240668129 3 11.889219000000026 0 968599 0.33290000000000003 0.00043023255813956496
1645240672156 3 11.874792000000014 0 848189 0.2908 0.00043023255813956496
1645240676151 3 11.869524000000013 0 989262 0.3397 0.00043023255813956496
1645240680449 3 11.609645999999998 0 929927 0.3196 0.00043023255813956496
1645240684453 3 11.60504400000002 0 845977 0.2902 0.00043023255813956496
1645240688017 3 11.84645599999999 0 1009703 0.3466 0.00043023255813956496
1645240692118 3 11.835704000000021 0 861836 0.3003 0.00043023255813956496

