1645234706674 1 3.999999 2455 346799 0.22679999999999997 -10.5565
1645234711857 3 4.433927 1610 755039 0.4955 -6.922825581395349
1645234714353 1 5.9324460000000006 0 362842 0.2378 0.00043023255813956496
1645234720441 3 4.262469000000001 406 908792 0.597 -1.7456255813953487
1645234722885 1 5.804149999999998 0 339137 0.22290000000000001 0.00043023255813956496
1645234728427 3 4.390540999999999 128 828659 0.5437000000000001 -0.5502255813953487
1645234731194 1 5.621727 0 406206 0.265 0.00043023255813956496
1645234736405 3 4.488828999999999 78 776416 0.5091 -0.33522558139534864
1645234739341 1 5.562824000000003 0 414092 0.2721 0.00043023255813956496
1645234744841 3 4.298278000000003 247 815426 0.536 -1.0619255813953485
1645234747405 1 5.777461000000002 0 366374 0.23900000000000002 0.00043023255813956496
1645234753471 3 4.286153000000006 613 904952 0.5941 -2.6357255813953486
1645234756106 1 5.648452000000006 0 371605 0.24300000000000002 0.00043023255813956496
1645234762203 3 4.382215000000002 829 910446 0.597 -3.5645255813953485
1645234764774 1 5.807945000000004 0 374050 0.2448 0.00043023255813956496
1645234771101 3 4.442094000000004 951 942842 0.619 -4.089125581395349
1645234773803 1 5.7282730000000015 0 377983 0.2479 0.00043023255813956496
1645234779372 3 4.371206999999998 206 828263 0.5439 -0.8856255813953486
1645234782027 1 5.712209000000001 0 388939 0.25379999999999997 0.00043023255813956496
1645234788302 3 4.311765000000008 873 939007 0.6157 -3.7537255813953485
1645234790893 1 5.718276000000003 0 362131 0.2379 0.00043023255813956496
1645234797230 3 4.422393 1038 947658 0.6219 -4.463225581395349
1645234799487 1 6.165586000000005 0 327400 0.21389999999999998 0.00043023255813956496
1645234806038 3 4.447828999999999 838 977791 0.642 -3.6032255813953484
1645234808323 1 6.162376000000009 0 317452 0.20790000000000003 0.00043023255813956496
1645234814870 3 4.267289000000005 652 978032 0.6428 -2.8034255813953486
1645234817516 1 5.621785000000003 0 384934 0.2528 0.00043023255813956496
1645234823480 3 4.402237999999997 741 889600 0.585 -3.1861255813953484
1645234826232 1 5.645677000000006 0 387965 0.2539 0.00043023255813956496
1645234831647 3 4.375101999999998 141 808061 0.5299 -0.6061255813953488
1645234834334 1 5.685631999999998 0 394452 0.258 0.00043023255813956496
1645234840521 3 4.251152000000005 753 924757 0.6073999999999999 -3.237725581395349
1645234842746 1 6.029592000000008 0 307174 0.202 0.00043023255813956496
1645234849526 3 4.4821039999999925 1225 1014212 0.6660999999999999 -5.267325581395349
1645234851882 1 6.115228000000002 0 340231 0.223 0.00043023255813956496
1645234857982 3 4.423517000000004 400 910767 0.599 -1.7198255813953487
1645234860513 1 5.892535000000009 0 353022 0.23199999999999998 0.00043023255813956496
1645234867015 3 4.305008000000015 910 967347 0.6344000000000001 -3.9128255813953485
1645234869544 1 5.761184000000014 0 368813 0.24100000000000002 0.00043023255813956496
1645234875702 3 4.450032999999991 827 916928 0.6021 -3.5559255813953485
1645234878387 1 5.746370000000013 0 374507 0.2451 0.00043023255813956496
1645234884301 3 4.256080999999995 410 877888 0.5755 -1.7628255813953486
1645234886575 1 5.967478999999997 0 326437 0.21389999999999998 0.00043023255813956496
1645234893114 3 4.400366999999989 968 976062 0.6406 -4.162225581395349
1645234895961 1 5.551197999999999 0 400632 0.2629 0.00043023255813956496
1645234901574 3 4.336060000000003 404 836268 0.549 -1.7370255813953486
1645234904365 1 5.54478499999999 0 407655 0.2669 0.00043023255813956496
1645234909928 3 4.473452000000009 477 825839 0.5421 -2.0509255813953486
1645234912797 1 5.589044999999999 0 404220 0.2646 0.00043023255813956496
1645234918605 3 4.427067999999991 645 867483 0.5689 -2.7733255813953486
1645234921278 1 5.758189000000016 0 390086 0.2559 0.00043023255813956496
1645234927443 3 4.300480999999991 707 921956 0.6049 -3.0399255813953485
1645234930053 1 5.6876410000000135 0 365827 0.2387 0.00043023255813956496
1645234936483 3 4.497623000000004 1244 958215 0.6289 -5.349025581395349
1645234938815 1 6.1658020000000135 0 337939 0.221 0.00043023255813956496
1645234945558 3 4.455562000000015 1026 1005593 0.661 -4.411625581395349
1645234948334 1 5.674466999999993 0 390582 0.2557 0.00043023255813956496
1645234953730 3 4.469808999999998 188 802415 0.5275000000000001 -0.8082255813953487
1645234956465 1 5.7319610000000125 0 399016 0.261 0.00043023255813956496
1645234962290 3 4.379850000000005 469 869418 0.5700000000000001 -2.0165255813953484
1645234964945 1 5.719481000000002 0 371149 0.24409999999999998 0.00043023255813956496
1645234971393 3 4.334072999999989 1059 960141 0.6309 -4.553525581395348
1645234974098 1 5.624057999999991 0 394237 0.2582 0.00043023255813956496
1645234980463 3 4.375810000000001 1106 949031 0.623 -4.755625581395348
1645234983179 1 5.651758000000001 0 381418 0.2499 0.00043023255813956496
1645234989415 3 4.460435000000018 1046 930570 0.6099 -4.497625581395349
1645234991989 1 5.885545999999977 0 371908 0.2439 0.00043023255813956496
1645234997589 3 4.483747999999991 203 835562 0.5479 -0.8727255813953487
1645235000266 1 5.805846000000031 0 379027 0.24820000000000003 0.00043023255813956496
1645235006655 3 4.424599999999998 1008 955812 0.6269 -4.334225581395348
1645235008958 1 6.121224999999981 0 333046 0.21789999999999998 0.00043023255813956496
1645235015465 3 4.413845999999978 801 972932 0.6384000000000001 -3.4441255813953484
1645235017863 1 6.015052000000026 0 335171 0.21880000000000002 0.00043023255813956496
1645235024345 3 4.45048700000001 917 968173 0.635 -3.9429255813953485
1645235026689 1 6.110522000000003 0 337330 0.2219 0.00043023255813956496
1645235033338 3 4.351284000000021 885 991679 0.6517999999999999 -3.8053255813953486

