1645244238490 1 3.999999 786 346799 0.068 -3.3798
1645244239132 0 7.3886709999999995 0 213385 0.0424 0.00017441860465117198
1645244239505 0 11.014658 0 141806 0.028100000000000003 0.00006976744186043549
1645244242824 0 11.815154 0 112578 0.0221 0.00006976744186043549
1645244247179 0 11.558437999999999 0 80671 0.0243 0.00006976744186043549
1645244251004 0 11.54802 0 68729 0.0225 0.00006976744186043549
1645244254964 0 11.786425999999999 0 137895 0.0364 0.00006976744186043549
1645244258876 0 11.781385 0 114138 0.0314 0.00006976744186043549
1645244262809 0 11.777560000000001 0 126013 0.0329 0.00006976744186043549
1645244266929 0 11.767707000000001 0 217236 0.0518 0.00006976744186043549
1645244271041 0 11.507310000000004 0 219398 0.051500000000000004 0.00006976744186043549
1645244275077 0 11.498515000000005 0 177648 0.0438 0.00006976744186043549
1645244278591 0 11.991867 0 166856 0.041299999999999996 0.00006976744186043549
1645244282720 0 11.983149000000004 0 223685 0.0529 0.00006976744186043549
1645244286818 0 11.725012 0 206455 0.0492 0.00006976744186043549
1645244290743 0 11.967152000000006 0 121534 0.033100000000000004 0.00006976744186043549
1645244294633 0 11.96116 0 105092 0.0288 0.00006976744186043549
1645244298933 0 11.699436000000006 0 63086 0.020499999999999997 0.00006976744186043549
1645244302790 0 11.945594999999997 0 87739 0.0259 0.00006976744186043549
1645244306785 0 11.938403000000008 0 152905 0.038400000000000004 0.00006976744186043549
1645244310666 0 11.931553000000008 0 100587 0.028399999999999998 0.00006976744186043549
1645244314721 0 11.925217000000004 0 186001 0.045200000000000004 0.00006976744186043549
1645244318796 0 11.91905700000001 0 201620 0.0479 0.00006976744186043549
1645244322910 0 11.663750000000007 0 218012 0.0514 0.00006976744186043549
1645244326834 0 11.91001 0 123058 0.0324 0.00006976744186043549
1645244330911 0 11.653648000000004 0 198856 0.0475 0.00006976744186043549
1645244335100 0 11.648592000000008 0 223061 0.052700000000000004 0.00006976744186043549
1645244339067 0 11.641811000000004 0 143385 0.0371 0.00006976744186043549
1645244342977 0 11.637169 0 117021 0.0313 0.00006976744186043549
1645244346823 0 11.882936 0 83595 0.0248 0.00006976744186043549
1645244351146 0 11.626423000000003 0 68011 0.0219 0.00006976744186043549
1645244355095 0 11.611659000000003 0 134264 0.0351 0.00006976744186043549
1645244358999 0 11.605935000000002 0 113722 0.0305 0.00006976744186043549
1645244362923 0 11.599148 0 122694 0.0328 0.00006976744186043549
1645244367035 0 11.593437999999992 0 215146 0.0508 0.00006976744186043549
1645244371137 0 11.584900000000005 0 213339 0.0505 0.00006976744186043549
1645244375175 0 11.58003500000001 0 176949 0.0438 0.00006976744186043549
1645244379174 0 11.573460000000011 0 158356 0.040100000000000004 0.00006976744186043549
1645244382794 0 11.815773000000007 0 219852 0.0521 0.00006976744186043549
1645244386870 0 11.811247000000009 0 196864 0.047599999999999996 0.00006976744186043549
1645244390777 0 11.804880999999995 0 116610 0.0311 0.00006976744186043549
1645244395173 0 11.547759000000013 0 107223 0.029699999999999997 0.00006976744186043549
1645244398973 0 11.794004000000001 0 64332 0.0206 0.00006976744186043549
1645244402835 0 11.778009999999995 0 88753 0.0257 0.00006976744186043549
1645244406818 0 11.767849000000012 0 153489 0.0387 0.00006976744186043549
1645244411199 0 11.502429000000006 0 101805 0.028100000000000003 0.00006976744186043549
1645244414748 0 11.996666000000005 0 186822 0.0449 0.00006976744186043549
1645244418824 0 11.738400000000013 0 200149 0.0482 0.00006976744186043549
1645244422923 0 11.731855999999993 0 215305 0.0502 0.00006976744186043549
1645244426865 0 11.721949999999993 0 128759 0.033800000000000004 0.00006976744186043549
1645244430937 0 11.715278000000012 0 199367 0.047599999999999996 0.00006976744186043549
1645244435053 0 11.70817199999999 0 220759 0.0518 0.00006976744186043549
1645244439037 0 11.697419999999994 0 149511 0.0377 0.00006976744186043549
1645244442957 0 11.689191999999991 0 118879 0.032100000000000004 0.00006976744186043549
1645244446804 0 11.935254000000015 0 85418 0.0249 0.00006976744186043549
1645244450619 0 11.931460000000015 0 68807 0.0213 0.00006976744186043549
1645244455068 0 11.676214000000016 0 132565 0.0349 0.00006976744186043549
1645244458982 0 11.670682 0 117262 0.0319 0.00006976744186043549
1645244462892 0 11.666269999999997 0 116418 0.0312 0.00006976744186043549
1645244467014 0 11.65750700000001 0 223024 0.052500000000000005 0.00006976744186043549
1645244471117 0 11.650632000000002 0 214538 0.0506 0.00006976744186043549
1645244474653 0 11.88695899999999 0 178191 0.0439 0.00006976744186043549
1645244478665 0 11.882486 0 161454 0.040100000000000004 0.00006976744186043549
1645244482770 0 11.871812000000006 0 212225 0.0508 0.00006976744186043549
1645244486838 0 11.867695999999995 0 195858 0.0468 0.00006976744186043549
1645244490762 0 11.863226999999995 0 119665 0.032100000000000004 0.00006976744186043549
1645244495166 0 11.600586000000021 0 108667 0.029699999999999997 0.00006976744186043549
1645244498981 0 11.58822200000003 0 64782 0.0212 0.00006976744186043549
1645244502840 0 11.831049000000007 0 87523 0.0257 0.00006976744186043549
1645244506849 0 11.820221000000004 0 155607 0.0397 0.00006976744186043549
1645244510721 0 11.815758000000017 0 100404 0.027700000000000002 0.00006976744186043549
1645244514764 0 11.804988999999978 0 183614 0.0444 0.00006976744186043549
1645244518835 0 11.792536999999982 0 197686 0.047299999999999995 0.00006976744186043549
1645244522949 0 11.786007999999981 0 217520 0.0516 0.00006976744186043549
1645244526898 0 11.78125 0 132353 0.034 0.00006976744186043549
1645244530987 0 11.768681000000015 0 199853 0.047799999999999995 0.00006976744186043549
1645244535114 0 11.50537300000002 0 225614 0.0531 0.00006976744186043549
1645244539096 0 11.499229000000014 0 150477 0.0382 0.00006976744186043549
1645244543011 0 11.739711999999997 0 117995 0.0314 0.00006976744186043549
1645244546859 0 11.73485199999999 0 86503 0.0252 0.00006976744186043549
1645244550673 0 11.975324999999998 0 67335 0.0215 0.00006976744186043549
1645244554612 0 11.969144000000028 0 132169 0.034300000000000004 0.00006976744186043549
1645244559040 0 11.709055999999975 0 118800 0.0327 0.00006976744186043549
1645244562970 0 11.700893000000008 0 116618 0.0315 0.00006976744186043549
1645244566589 0 11.940156000000002 0 222296 0.052000000000000005 0.00006976744186043549

