1645254141475 1 3.999999 1231 346799 0.1121 -5.2933
1645254144108 3 5.372840999999999 0 755039 0.2431 0.000174418604651283
1645254146899 3 6.582866000000001 0 835161 0.26949999999999996 0.00043023255813956496
1645254149933 3 7.5481310000000015 0 908792 0.2935 0.00043023255813956496
1645254152629 3 8.851493 0 804438 0.2597 0.00043023255813956496
1645254155396 3 10.084677 0 828659 0.2672 0.00043023255813956496
1645254158524 3 10.961527999999998 0 937332 0.3023 0.00043023255813956496
1645254161631 3 11.944562999999999 0 776416 0.2503 0.00043023255813956496
1645254166034 3 11.685276000000002 0 1025687 0.3305 0.00043023255813956496
1645254169765 3 11.931427000000003 0 815426 0.263 0.00043023255813956496
1645254173717 3 11.92035 0 884625 0.28559999999999997 0.00043023255813956496
1645254177738 3 11.912331000000002 0 904952 0.2919 0.00043023255813956496
1645254181912 3 11.648939000000006 0 954418 0.3074 0.00043023255813956496
1645254185948 3 11.638866 0 910446 0.2931 0.00043023255813956496
1645254190033 3 11.633761 0 922454 0.298 0.00043023255813956496
1645254193665 3 11.874172999999999 0 942842 0.3039 0.00043023255813956496
1645254197620 3 11.866708000000003 0 884128 0.2852 0.00043023255813956496
1645254201894 3 11.608602000000005 0 828263 0.2669 0.00043023255813956496
1645254205657 3 11.853899999999996 0 981175 0.3164 0.00043023255813956496
1645254209785 3 11.845255000000009 0 939007 0.3029 0.00043023255813956496
1645254214106 3 11.587207000000006 0 841370 0.2719 0.00043023255813956496
1645254217758 3 11.828827000000004 0 947658 0.3059 0.00043023255813956496
1645254222034 3 11.570031999999998 0 828958 0.267 0.00043023255813956496
1645254225794 3 11.813669000000004 0 977791 0.31629999999999997 0.00043023255813956496
1645254230121 3 11.553106 0 847215 0.2733 0.00043023255813956496
1645254233879 3 11.796149999999997 0 978032 0.3156 0.00043023255813956496
1645254238182 3 11.532511 0 934237 0.31829999999999997 0.00043023255813956496
1645254241653 3 11.984666000000004 0 889600 0.2871 0.00043023255813956496
1645254245948 3 11.760276000000005 0 988774 0.3198 0.00043023255813956496
1645254250161 3 11.505007000000006 0 808061 0.26080000000000003 0.00043023255813956496
1645254253967 3 11.718564999999998 0 995677 0.32120000000000004 0.00043023255813956496
1645254260088 3 9.393912 0 924757 0.6016 0.00043023255813956496
1645254262142 2 11.339483999999999 0 533736 0.1754 0.00043023255813956496
1645254265874 2 11.710299000000006 0 661250 0.21280000000000002 0.00027906976744174194
1645254269776 2 11.704478999999992 0 547682 0.1799 0.00027906976744174194
1645254273833 2 11.69184100000001 0 594286 0.1957 0.00027906976744174194
1645254277869 2 11.682132999999993 0 599508 0.1938 0.00027906976744174194
1645254281588 3 11.925989000000015 0 967347 0.3119 0.000279069767441964
1645254285710 3 11.914172000000008 0 935273 0.3019 0.00043023255813956496
1645254289769 3 11.903760000000005 0 916928 0.2956 0.00043023255813956496
1645254296009 3 9.472715999999991 0 940743 0.6136999999999999 0.00043023255813956496
1645254298158 2 11.322969999999998 0 588726 0.1943 0.00043023255813956496
1645254301953 2 11.632283999999999 0 523106 0.1685 0.00027906976744174194
1645254306097 2 11.626318999999995 0 618775 0.20400000000000001 0.00027906976744174194
1645254309806 2 11.871192000000008 0 642262 0.211 0.00027906976744174194
1645254313688 2 11.858632 0 553119 0.1785 0.00027906976744174194
1645254317920 3 11.601428999999996 0 968967 0.3128 0.000279069767441964
1645254321687 3 11.841809000000012 0 825839 0.2664 0.00043023255813956496
1645254325923 3 11.585489999999993 0 974212 0.31389999999999996 0.00043023255813956496
1645254329827 3 11.826760000000007 0 867483 0.2805 0.00043023255813956496
1645254334115 3 11.569288 0 987232 0.3182 0.00043023255813956496
1645254337681 3 11.808895000000007 0 921956 0.29710000000000003 0.00043023255813956496
1645254343822 3 9.663827999999995 0 913803 0.6033999999999999 0.00043023255813956496
1645254346019 2 11.46362099999999 0 605033 0.2 0.00043023255813956496
1645254349828 2 11.785162000000014 0 530643 0.1708 0.00027906976744174194
1645254354070 2 11.522577000000013 0 652691 0.2142 0.00027906976744174194
1645254358176 2 11.512007000000011 0 609815 0.2003 0.00027906976744174194
1645254362033 2 11.505979999999994 0 544612 0.1757 0.00027906976744174194
1645254365861 3 11.743363000000016 0 999009 0.3223 0.000279069767441964
1645254369764 3 11.736561999999992 0 869418 0.2806 0.00043023255813956496
1645254373762 3 11.727742000000006 0 897686 0.29 0.00043023255813956496
1645254377964 3 11.721079000000003 0 960141 0.3102 0.00043023255813956496
1645254382005 3 11.707605000000001 0 914618 0.29460000000000003 0.00043023255813956496
1645254385668 3 11.949390999999991 0 949031 0.30579999999999996 0.00043023255813956496
1645254391796 3 9.686340999999999 0 919929 0.6031 0.00043023255813956496
1645254393941 2 11.540454000000011 0 593343 0.1954 0.00043023255813956496
1645254397934 2 11.674547000000018 0 587405 0.1893 0.00027906976744174194
1645254401713 2 11.914949999999976 0 509910 0.1679 0.00027906976744174194
1645254405867 2 11.655569000000014 0 624112 0.20539999999999997 0.00027906976744174194
1645254410012 2 11.644338000000005 0 631553 0.20470000000000002 0.00027906976744174194
1645254413818 3 11.88094799999999 0 837688 0.2703 0.000279069767441964
1645254418057 3 11.623018000000002 0 972932 0.3144 0.00043023255813956496
1645254421755 3 11.86229000000003 0 807690 0.26030000000000003 0.00043023255813956496
1645254425972 3 11.606043999999997 0 968173 0.312 0.00043023255813956496
1645254429912 3 11.584480999999982 0 872734 0.2814 0.00043023255813956496
1645254433713 3 11.829177000000016 0 991679 0.3201 0.00043023255813956496
1645254437817 3 11.824005 0 930061 0.3 0.00043023255813956496
1645254441770 3 11.810295999999994 0 884740 0.2857 0.00043023255813956496
1645254445997 3 11.547877000000028 0 968599 0.3128 0.00043023255813956496
1645254450019 3 11.540543000000014 0 848189 0.2906 0.00043023255813956496
1645254453813 3 11.779541999999992 0 989262 0.3189 0.00043023255813956496
1645254459556 3 9.925162 0 929927 0.5641 0.00043023255813956496
1645254462516 3 10.963998000000004 0 845977 0.2761 0.00043023255813956496
1645254465876 3 11.605845999999985 0 1009703 0.3258 0.00043023255813956496
1645254469753 3 11.740760000000023 0 861836 0.27759999999999996 0.00043023255813956496

