1645255520936 1 3.999999 4456 346799 0.4338 -19.1608
1645255524307 0 4.636399 0 213385 0.26589999999999997 0.00017441860465117198
1645255526206 0 6.738037000000001 0 141806 0.1777 0.00006976744186043549
1645255527725 0 9.217512000000001 0 112578 0.1399 0.00006976744186043549
1645255529347 0 11.695008999999999 0 80671 0.0999 0.00006976744186043549
1645255533310 0 11.68456 0 68729 0.0839 0.00006976744186043549
1645255537146 0 11.928359 0 137895 0.1719 0.00006976744186043549
1645255541240 0 11.921197 0 114138 0.1447 0.00006976744186043549
1645255545448 0 11.657650000000004 0 126013 0.1578 0.00006976744186043549
1645255549286 0 11.900918 0 217236 0.2718 0.00006976744186043549
1645255554027 1 10.915121 0 366374 0.4598 0.000069767441860491
1645255558569 1 10.374168000000004 0 352030 0.44189999999999996 0.00017441860465117198
1645255563375 1 9.569180000000003 0 371605 0.4666 0.00017441860465117198
1645255568350 1 8.593324000000003 0 385670 0.48390000000000005 0.00017441860465117198
1645255571066 0 9.876732000000004 0 206455 0.2559 0.00017441860465117198
1645255573210 0 11.802174 0 121534 0.1522 0.00006976744186043549
1645255577172 0 11.792953000000004 0 105092 0.132 0.00006976744186043549
1645255581575 0 11.529427000000005 0 63086 0.07830000000000001 0.00006976744186043549
1645255585287 0 11.77305100000001 0 87739 0.10980000000000001 0.00006976744186043549
1645255589307 0 11.763626000000002 0 152905 0.1898 0.00006976744186043549
1645255593173 0 11.997574999999998 0 100587 0.12390000000000001 0.00006976744186043549
1645255597147 0 11.983947999999998 0 186001 0.2339 0.00006976744186043549
1645255601288 0 11.723908000000009 0 201620 0.25179999999999997 0.00006976744186043549
1645255605127 0 11.963889000000009 0 218012 0.272 0.00006976744186043549
1645255609250 1 11.692718 0 317452 0.3982 0.000069767441860491
1645255614270 1 10.673241000000004 0 391753 0.4901 0.00017441860465117198
1645255619426 1 9.515779000000009 0 384934 0.4821 0.00017441860465117198
1645255624152 1 8.792860000000005 0 367179 0.4579 0.00017441860465117198
1645255625766 0 11.176232999999996 0 117021 0.1461 0.00017441860465117198
1645255629435 0 11.646580999999998 0 83595 0.1021 0.00006976744186043549
1645255633409 0 11.639595999999997 0 68011 0.0862 0.00006976744186043549
1645255637209 0 11.797741000000002 0 134264 0.1679 0.00006976744186043549
1645255641250 0 11.865981000000005 0 113722 0.142 0.00006976744186043549
1645255645389 0 11.600881999999999 0 122694 0.15189999999999998 0.00006976744186043549
1645255649216 0 11.841425000000015 0 215146 0.2703 0.00006976744186043549
1645255653527 0 11.58144999999999 0 213339 0.2677 0.00006976744186043549
1645255657366 0 11.812510000000003 0 176949 0.2217 0.00006976744186043549
1645255661468 0 11.544171000000006 0 158356 0.1978 0.00006976744186043549
1645255665351 0 11.785883000000013 0 219852 0.2762 0.00006976744186043549
1645255669426 0 11.528528999999992 0 196864 0.246 0.00006976744186043549
1645255673509 0 11.515553000000011 0 116610 0.1459 0.00006976744186043549
1645255677487 0 11.50546399999999 0 107223 0.1338 0.00006976744186043549
1645255681409 0 11.738902999999993 0 64332 0.08 0.00006976744186043549
1645255685151 0 11.981840000000005 0 88753 0.1119 0.00006976744186043549
1645255689269 0 11.688227000000012 0 153489 0.19190000000000002 0.00006976744186043549
1645255693171 0 11.929971999999992 0 101805 0.1281 0.00006976744186043549
1645255697150 0 11.923490000000015 0 186822 0.2359 0.00006976744186043549
1645255701266 0 11.905829000000011 0 200149 0.25 0.00006976744186043549
1645255705086 0 11.874506999999994 0 215305 0.268 0.00006976744186043549
1645255709332 0 11.61650499999999 0 128759 0.1615 0.00006976744186043549
1645255713429 0 11.608294 0 199367 0.24780000000000002 0.00006976744186043549
1645255717310 0 11.852407999999997 0 220759 0.2757 0.00006976744186043549
1645255721289 0 11.844548000000003 0 149511 0.1855 0.00006976744186043549
1645255725391 0 11.582605000000001 0 118879 0.1479 0.00006976744186043549
1645255729590 0 11.574259000000012 0 85418 0.1079 0.00006976744186043549
1645255733588 0 11.550775000000016 0 68807 0.0857 0.00006976744186043549
1645255737368 0 11.793988000000013 0 132565 0.16599999999999998 0.00006976744186043549
1645255741468 0 11.533624000000003 0 117262 0.148 0.00006976744186043549
1645255745549 0 11.526183000000003 0 116418 0.1459 0.00006976744186043549
1645255749488 0 11.518856999999997 0 223024 0.2799 0.00006976744186043549
1645255753291 0 11.755459000000002 0 214538 0.268 0.00006976744186043549
1645255757151 0 11.998430000000013 0 178191 0.22400000000000003 0.00006976744186043549
1645255761309 0 11.739914999999996 0 161454 0.20190000000000002 0.00006976744186043549
1645255765066 0 11.982259999999997 0 212225 0.2638 0.00006976744186043549
1645255769171 0 11.972736999999995 0 195858 0.24569999999999997 0.00006976744186043549
1645255773289 0 11.714479000000011 0 119665 0.15009999999999998 0.00006976744186043549
1645255777290 0 11.705881999999974 0 108667 0.1357 0.00006976744186043549
1645255781209 0 11.947655999999995 0 64782 0.08 0.00006976744186043549
1645255785431 0 11.687730999999985 0 87523 0.1101 0.00006976744186043549
1645255789514 0 11.673588999999993 0 155607 0.19419999999999998 0.00006976744186043549
1645255793388 0 11.644677999999999 0 100404 0.124 0.00006976744186043549
1645255797309 0 11.884564000000012 0 183614 0.22970000000000002 0.00006976744186043549
1645255801387 0 11.622743000000014 0 197686 0.24580000000000002 0.00006976744186043549
1645255805248 0 11.863819999999976 0 217520 0.2737 0.00006976744186043549
1645255809550 0 11.600127999999984 0 132353 0.16570000000000001 0.00006976744186043549
1645255813169 0 11.838908000000004 0 199853 0.24980000000000002 0.00006976744186043549
1645255817127 0 11.828655000000026 0 225614 0.2819 0.00006976744186043549
1645255821146 0 11.820558000000005 0 150477 0.1879 0.00006976744186043549
1645255825269 0 11.809366000000011 0 117995 0.1478 0.00006976744186043549
1645255829469 0 11.54871700000001 0 86503 0.1075 0.00006976744186043549
1645255833447 0 11.541113999999993 0 67335 0.0837 0.00006976744186043549
1645255837228 0 11.784123000000022 0 132169 0.1658 0.00006976744186043549

