1645235826208 1 3.999999 1133 346799 0.1 -4.871899999999999
1645235827368 1 6.853882 0 363755 0.1049 0.00017441860465117198
1645235828522 1 9.699214000000001 0 362842 0.10469999999999999 0.00017441860465117198
1645235830734 1 11.637250000000002 0 384791 0.1113 0.00017441860465117198
1645235834758 3 11.628728999999998 0 804438 0.23220000000000002 0.000174418604651283
1645235838789 3 11.623007999999999 0 828659 0.24300000000000002 0.00043023255813956496
1645235842602 3 11.860729 0 937332 0.2712 0.00043023255813956496
1645235846451 3 11.852666 0 776416 0.22490000000000002 0.00043023255813956496
1645235850536 3 11.838685000000002 0 1025687 0.2955 0.00043023255813956496
1645235854499 3 11.832995000000004 0 815426 0.2355 0.00043023255813956496
1645235858673 3 11.569004 0 884625 0.25529999999999997 0.00043023255813956496
1645235862899 3 11.559574000000005 0 904952 0.2616 0.00043023255813956496
1645235866759 3 11.551526000000003 0 954418 0.27599999999999997 0.00043023255813956496
1645235870496 3 11.787646000000002 0 910446 0.2631 0.00043023255813956496
1645235876424 3 9.794108000000001 0 922454 0.5819 0.00043023255813956496
1645235878763 1 11.516073000000006 0 367058 0.11080000000000001 0.00043023255813956496
1645235882937 3 11.504815 0 884128 0.2537 0.000174418604651283
1645235886431 3 11.995086 0 828263 0.23889999999999997 0.00043023255813956496
1645235890377 3 11.989390999999998 0 981175 0.2834 0.00043023255813956496
1645235894699 3 11.734751000000003 0 939007 0.2716 0.00043023255813956496
1645235898257 3 11.973028999999997 0 841370 0.2434 0.00043023255813956496
1645235902602 3 11.710079000000007 0 947658 0.2738 0.00043023255813956496
1645235906645 3 11.698262999999997 0 828958 0.23959999999999998 0.00043023255813956496
1645235910579 3 11.688051999999999 0 977791 0.2832 0.00043023255813956496
1645235914633 3 11.682974999999999 0 847215 0.2446 0.00043023255813956496
1645235918578 3 11.664414000000008 0 978032 0.28250000000000003 0.00043023255813956496
1645235922387 3 11.905051 0 934237 0.2702 0.00043023255813956496
1645235926566 3 11.892296000000002 0 889600 0.2572 0.00043023255813956496
1645235932684 3 9.537549999999996 0 988774 0.6009 0.00043023255813956496
1645235934378 1 11.875906999999998 0 333821 0.10049999999999999 0.00043023255813956496
1645235938360 3 11.865218999999996 0 995677 0.2874 0.000174418604651283
1645235942638 3 11.608716999999999 0 924757 0.2666 0.00043023255813956496
1645235946580 3 11.853105999999997 0 808228 0.23370000000000002 0.00043023255813956496
1645235950607 3 11.841468000000006 0 1014212 0.2931 0.00043023255813956496
1645235954646 3 11.58139700000001 0 845218 0.24380000000000002 0.00043023255813956496
1645235958878 3 11.570391999999998 0 910767 0.2629 0.00043023255813956496
1645235962579 3 11.80803499999999 0 901777 0.2605 0.00043023255813956496
1645235966477 3 11.797313000000003 0 967347 0.2802 0.00043023255813956496
1645235972388 3 9.842354 0 935273 0.5789 0.00043023255813956496
1645235974778 1 11.520386000000002 0 372578 0.1119 0.00043023255813956496
1645235978610 3 11.762708000000003 0 940743 0.27 0.000174418604651283
1645235982755 3 11.502973999999995 0 877888 0.25329999999999997 0.00043023255813956496
1645235986301 3 11.992921999999993 0 839766 0.2425 0.00043023255813956496
1645235990733 3 11.732895000000013 0 976062 0.2823 0.00043023255813956496
1645235994612 3 11.726562000000001 0 958353 0.2768 0.00043023255813956496
1645235998639 3 11.722787000000011 0 836268 0.2414 0.00043023255813956496
1645236002543 3 11.717321999999996 0 968967 0.2801 0.00043023255813956496
1645236008145 3 10.073779000000002 0 825839 0.5501 0.00043023255813956496
1645236010568 1 11.700319000000007 0 404220 0.12150000000000001 0.00043023255813956496
1645236014692 3 11.689195000000012 0 867483 0.251 0.000174418604651283
1645236018675 3 11.681927000000002 0 987232 0.2878 0.00043023255813956496
1645236022443 3 11.923297999999988 0 921956 0.2661 0.00043023255813956496
1645236026692 3 11.664881000000008 0 913803 0.2641 0.00043023255813956496
1645236030573 3 11.658646000000005 0 958215 0.277 0.00043023255813956496
1645236034585 3 11.648829000000006 0 832934 0.2405 0.00043023255813956496
1645236038586 3 11.639862999999991 0 1005593 0.2899 0.00043023255813956496
1645236042403 3 11.879582999999997 0 935985 0.2706 0.00043023255813956496
1645236046842 3 11.616928000000001 0 802415 0.2319 0.00043023255813956496
1645236050841 3 11.613271999999995 0 999009 0.2892 0.00043023255813956496
1645236054450 3 11.85297700000001 0 869418 0.2516 0.00043023255813956496
1645236058642 3 11.597785000000016 0 897686 0.25939999999999996 0.00043023255813956496
1645236062521 3 11.838685999999996 0 960141 0.27749999999999997 0.00043023255813956496
1645236068576 3 9.644168000000008 0 914618 0.5958 0.00043023255813956496
1645236070877 1 11.566272999999995 0 368311 0.1113 0.00043023255813956496
1645236074650 3 11.80177599999999 0 919929 0.26539999999999997 0.000174418604651283
1645236078437 3 11.789750999999995 0 930570 0.2678 0.00043023255813956496
1645236082626 3 11.772677999999985 0 894188 0.258 0.00043023255813956496
1645236086644 3 11.758207000000027 0 835562 0.2415 0.00043023255813956496
1645236090623 3 11.748104000000012 0 986170 0.2852 0.00043023255813956496
1645236094486 3 11.736802000000012 0 955812 0.2761 0.00043023255813956496
1645236098520 3 11.73047600000001 0 837688 0.2415 0.00043023255813956496
1645236102436 3 11.96263399999998 0 972932 0.2813 0.00043023255813956496
1645236106418 3 11.948271999999974 0 807690 0.23359999999999997 0.00043023255813956496
1645236110321 3 11.923203999999998 0 968173 0.27949999999999997 0.00043023255813956496
1645236114453 3 11.908605000000023 0 872734 0.2522 0.00043023255813956496
1645236118422 3 11.893550000000005 0 991679 0.2759 0.00043023255813956496
1645236122811 3 11.623242000000005 0 930061 0.2783 0.00043023255813956496
1645236126485 3 11.846730999999977 0 884740 0.2556 0.00043023255813956496
1645236130406 3 11.833709999999996 0 968599 0.2793 0.00043023255813956496
1645236134461 3 11.821151999999984 0 848189 0.24500000000000002 0.00043023255813956496
1645236138421 3 11.807662999999991 0 989262 0.2861 0.00043023255813956496
1645236142761 3 11.581739000000027 0 929927 0.2686 0.00043023255813956496
1645236146832 3 11.56723900000003 0 845977 0.2444 0.00043023255813956496
1645236150855 3 11.554555999999991 0 1009703 0.2914 0.00043023255813956496
1645236154454 3 11.795446000000027 0 861836 0.24910000000000002 0.00043023255813956496

