1645256584575 1 3.999999 1143 346799 0.1036 -4.914899999999999
1645256586445 1 6.142488 0 363755 0.10940000000000001 0.00017441860465117198
1645256587651 1 8.93535 0 362842 0.1089 0.00017441860465117198
1645256588919 1 11.667817 0 384791 0.11539999999999999 0.00017441860465117198
1645256593068 3 11.561898 0 804438 0.2413 0.000174418604651283
1645256597210 3 11.553484999999998 0 828659 0.2501 0.00043023255813956496
1645256601246 3 11.50086 0 937332 0.2806 0.00043023255813956496
1645256604702 3 11.99061 0 776416 0.2333 0.00043023255813956496
1645256608911 3 11.735318000000003 0 1025687 0.3076 0.00043023255813956496
1645256612980 3 11.726545000000002 0 815426 0.24489999999999998 0.00043023255813956496
1645256616765 3 11.971757000000004 0 884625 0.2651 0.00043023255813956496
1645256621111 3 11.708946000000005 0 904952 0.2717 0.00043023255813956496
1645256625145 3 11.643734000000002 0 954418 0.2867 0.00043023255813956496
1645256628995 3 11.634361000000006 0 910446 0.2727 0.00043023255813956496
1645256632891 3 11.873505999999999 0 922454 0.2737 0.00043023255813956496
1645256636850 3 11.868042000000003 0 942842 0.2834 0.00043023255813956496
1645256641131 3 11.606493 0 884128 0.2649 0.00043023255813956496
1645256644759 3 11.846078000000006 0 828263 0.24860000000000002 0.00043023255813956496
1645256648835 3 11.837798000000006 0 981175 0.2944 0.00043023255813956496
1645256652782 3 11.826069000000004 0 939007 0.2815 0.00043023255813956496
1645256658375 3 10.211466000000001 0 841370 0.5456000000000001 0.00043023255813956496
1645256661468 3 11.118364999999997 0 947658 0.2886 0.00043023255813956496
1645256665096 3 11.545228000000009 0 828958 0.24780000000000002 0.00043023255813956496
1645256669151 3 11.54129900000001 0 977791 0.2933 0.00043023255813956496
1645256672822 3 11.785038999999998 0 847215 0.254 0.00043023255813956496
1645256676858 3 11.770562999999996 0 978032 0.2931 0.00043023255813956496
1645256681275 3 11.505141000000009 0 934237 0.2806 0.00043023255813956496
1645256685062 3 11.743108000000007 0 889600 0.2671 0.00043023255813956496
1645256688646 3 11.979864000000006 0 988774 0.2968 0.00043023255813956496
1645256694244 3 10.343069999999997 0 808061 0.5482 0.00043023255813956496
1645256697477 3 11.109390000000005 0 995677 0.30310000000000004 0.00043023255813956496
1645256700858 3 11.95917200000001 0 924757 0.2766 0.00043023255813956496
1645256704896 3 11.694136 0 808228 0.2427 0.00043023255813956496
1645256709054 3 11.690190999999999 0 1014212 0.30379999999999996 0.00043023255813956496
1645256712710 3 11.935611999999992 0 845218 0.2537 0.00043023255813956496
1645256717056 3 11.676868000000013 0 910767 0.2734 0.00043023255813956496
1645256720888 3 11.914547999999996 0 901777 0.27040000000000003 0.00043023255813956496
1645256724910 3 11.906976000000014 0 967347 0.2908 0.00043023255813956496
1645256728897 3 11.83873299999999 0 935273 0.2811 0.00043023255813956496
1645256734770 3 9.816722999999996 0 916928 0.5751999999999999 0.00043023255813956496
1645256737845 3 10.741458999999992 0 940743 0.2867 0.00043023255813956496
1645256740600 3 11.988594000000006 0 877888 0.2622 0.00043023255813956496
1645256745241 3 11.545082000000008 0 839766 0.25139999999999996 0.00043023255813956496
1645256748795 3 11.950838000000005 0 976062 0.2932 0.00043023255813956496
1645256752803 3 11.998035000000016 0 958353 0.28759999999999997 0.00043023255813956496
1645256756927 3 11.739998000000014 0 836268 0.2503 0.00043023255813956496
1645256760950 3 11.731679000000014 0 968967 0.2905 0.00043023255813956496
1645256765054 3 11.724838000000005 0 825839 0.24780000000000002 0.00043023255813956496
1645256768662 3 11.938448999999991 0 974212 0.2927 0.00043023255813956496
1645256772782 0 11.931563000000011 0 128759 0.0386 0.00043023255813956496
1645256777000 0 11.67506800000001 0 199367 0.059 0.00006976744186043549
1645256780777 0 11.91727499999999 0 220759 0.0659 0.00006976744186043549
1645256784845 0 11.90050500000001 0 149511 0.0449 0.00006976744186043549
1645256788863 0 11.887813999999992 0 118879 0.0398 0.00006976744186043549
1645256792775 0 11.874625000000009 0 85418 0.029699999999999997 0.00006976744186043549
1645256797146 0 11.61061699999999 0 68807 0.024399999999999998 0.00006976744186043549
1645256801198 0 11.60395600000001 0 132565 0.0441 0.00006976744186043549
1645256805217 0 11.592694999999992 0 117262 0.039900000000000005 0.00006976744186043549
1645256809230 0 11.584217999999993 0 116418 0.038900000000000004 0.00006976744186043549
1645256813059 0 11.572352999999993 0 223024 0.0711 0.00006976744186043549
1645256816876 0 11.810012 0 214538 0.06870000000000001 0.00006976744186043549
1645256821080 0 11.549540000000007 0 178191 0.0581 0.00006976744186043549
1645256825223 0 11.536559000000011 0 161454 0.0523 0.00006976744186043549
1645256829036 0 11.776738999999992 0 212225 0.0679 0.00006976744186043549
1645256833287 0 11.512328999999994 0 195858 0.0628 0.00006976744186043549
1645256837302 0 11.501435000000015 0 119665 0.0397 0.00006976744186043549
1645256840806 0 11.996105999999997 0 108667 0.0377 0.00006976744186043549
1645256844665 0 11.987139000000013 0 64782 0.0234 0.00006976744186043549
1645256849098 0 11.724180999999987 0 87523 0.0303 0.00006976744186043549
1645256852724 0 11.952687000000026 0 155607 0.0511 0.00006976744186043549
1645256856679 0 11.944842999999992 0 100404 0.034 0.00006976744186043549
1645256860902 0 11.938177999999994 0 183614 0.059199999999999996 0.00006976744186043549
1645256865162 0 11.643468999999982 0 197686 0.0632 0.00006976744186043549
1645256868977 0 11.635099000000025 0 217520 0.06939999999999999 0.00006976744186043549
1645256873031 0 11.629435999999998 0 132353 0.0441 0.00006976744186043549
1645256876789 0 11.873921999999993 0 199853 0.0644 0.00006976744186043549
1645256881139 0 11.620022000000006 0 225614 0.0716 0.00006976744186043549
1645256884757 0 11.864734999999996 0 150477 0.0491 0.00006976744186043549
1645256888780 0 11.856898000000001 0 117995 0.0396 0.00006976744186043549
1645256893207 0 11.59567800000002 0 86503 0.029599999999999998 0.00006976744186043549
1645256897090 0 11.57688300000001 0 67335 0.0241 0.00006976744186043549
1645256901146 0 11.567982000000029 0 132169 0.0439 0.00006976744186043549
1645256905175 0 11.555137000000002 0 118800 0.040400000000000005 0.00006976744186043549
1645256909189 0 11.543363999999997 0 116618 0.039 0.00006976744186043549

