1645242474980 1 3.999999 2629 346799 0.248 -11.304699999999999
1645242480587 3 4.414059999999999 1950 755039 0.5393 -8.384825581395349
1645242483282 1 5.715479000000001 0 362842 0.25870000000000004 0.00043023255813956496
1645242489889 3 4.345676000000001 1238 908792 0.6493 -5.323225581395349
1645242492535 1 5.699819 0 339137 0.2419 0.00043023255813956496
1645242498563 3 4.300450999999999 626 828659 0.5902999999999999 -2.6916255813953485
1645242501579 1 5.2855799999999995 0 406206 0.28969999999999996 0.00043023255813956496
1645242507232 3 4.402552 774 776416 0.5546 -3.3280255813953485
1645242510406 1 5.231982000000002 0 414092 0.29510000000000003 0.00043023255813956496
1645242516345 3 4.404715000000003 1113 815426 0.5817 -4.785725581395349
1645242519062 1 5.685422000000003 0 366374 0.2604 0.00043023255813956496
1645242525649 3 4.250690000000006 1153 904952 0.646 -4.957725581395348
1645242528491 1 5.408649000000004 0 371605 0.2636 0.00043023255813956496
1645242535103 3 4.387132000000001 1588 910446 0.6487 -6.828225581395348
1645242537877 1 5.609921 0 374050 0.26680000000000004 0.00043023255813956496
1645242544726 3 4.445610000000002 1684 942842 0.6731 -7.241025581395348
1645242547622 1 5.548393000000004 0 377983 0.2691 0.00043023255813956496
1645242553644 3 4.362127000000001 837 828263 0.5917 -3.5989255813953487
1645242556522 1 5.4833969999999965 0 388939 0.2768 0.00043023255813956496
1645242563331 3 4.420539000000005 1744 939007 0.67 -7.499025581395349
1645242566129 1 5.622843000000003 0 362131 0.2582 0.00043023255813956496
1645242573009 3 4.392038999999997 1649 947658 0.6755 -7.090525581395349
1645242575466 1 5.935085999999998 0 327400 0.2331 0.00043023255813956496
1645242582559 3 4.274512000000001 1434 977791 0.6971 -6.166025581395349
1645242585006 1 5.827168 0 317452 0.2254 0.00043023255813956496
1645242592093 3 4.437449000000001 1696 978032 0.6969000000000001 -7.292625581395347
1645242594946 1 5.584659000000002 0 384934 0.27349999999999997 0.00043023255813956496
1645242601421 3 4.362397999999999 1243 889600 0.6339 -5.344725581395348
1645242604391 1 5.384045 0 387965 0.2767 0.00043023255813956496
1645242610275 3 4.3279190000000085 827 808061 0.5763 -3.5559255813953485
1645242613193 1 5.409418000000002 0 394452 0.2798 0.00043023255813956496
1645242619911 3 4.378582000000009 1686 924757 0.6591 -7.249625581395348
1645242622310 1 5.975657999999996 0 307174 0.2186 0.00043023255813956496
1645242629673 3 4.293929999999989 1680 1014212 0.7247 -7.223825581395349
1645242632217 1 5.748902000000015 0 340231 0.24180000000000001 0.00043023255813956496
1645242638822 3 4.46033700000001 1316 910767 0.6495 -5.6586255813953485
1645242641530 1 5.7537069999999915 0 353022 0.2515 0.00043023255813956496
1645242648550 3 4.494077000000004 1760 967347 0.6892 -7.567825581395349
1645242651289 1 5.755255000000005 0 368813 0.2611 0.00043023255813956496
1645242657955 3 4.479655000000008 1392 916928 0.6538999999999999 -5.985425581395349
1645242660818 1 5.615361000000007 0 374507 0.266 0.00043023255813956496
1645242667203 3 4.351055000000002 1121 877888 0.6252 -4.820125581395349
1645242669651 1 5.901324000000017 0 326437 0.23159999999999997 0.00043023255813956496
1645242676737 3 4.451287000000008 1633 976062 0.6968 -7.021725581395348
1645242679799 1 5.388113000000004 0 400632 0.2861 0.00043023255813956496
1645242685888 3 4.319316000000015 1020 836268 0.5962 -4.385825581395348
1645242688902 1 5.302541999999988 0 407655 0.2898 0.00043023255813956496
1645242694914 3 4.3139010000000155 1018 825839 0.5896 -4.377225581395349
1645242698012 1 5.210806999999988 0 404220 0.28769999999999996 0.00043023255813956496
1645242704321 3 4.309609999999992 1410 867483 0.6201 -6.062825581395348
1645242707228 1 5.404192999999992 0 390086 0.279 0.00043023255813956496
1645242713926 3 4.443033000000014 1740 921956 0.659 -7.4818255813953485
1645242716767 1 5.602519000000001 0 365827 0.2619 0.00043023255813956496
1645242723750 3 4.351834999999994 1724 958215 0.6849000000000001 -7.413025581395349
1645242726289 1 5.805025999999998 0 337939 0.2406 0.00043023255813956496
1645242733617 3 4.260876999999994 1777 1005593 0.7189 -7.640925581395349
1645242736623 1 5.246963999999991 0 390582 0.2778 0.00043023255813956496
1645242742493 3 4.480682000000002 1098 802415 0.5730999999999999 -4.721225581395348
1645242745468 1 5.49793600000001 0 399016 0.2834 0.00043023255813956496
1645242751801 3 4.270395000000008 1104 869418 0.6194 -4.747025581395349
1645242754652 1 5.418929999999989 0 371149 0.2629 0.00043023255813956496
1645242761655 3 4.290749000000005 1867 960141 0.6862 -8.02792558139535
1645242764623 1 5.317151999999993 0 394237 0.2808 0.00043023255813956496
1645242771552 3 4.359780000000001 1974 949031 0.6774 -8.488025581395348
1645242774479 1 5.428011999999995 0 381418 0.27149999999999996 0.00043023255813956496
1645242781233 3 4.256913999999995 1577 930570 0.6633 -6.780925581395348
1645242784011 1 5.480327999999986 0 371908 0.2647 0.00043023255813956496
1645242790111 3 4.274515000000008 888 835562 0.5972000000000001 -3.8182255813953483
1645242793045 1 5.3393219999999815 0 379027 0.2702 0.00043023255813956496
1645242800015 3 4.355679000000009 1988 955812 0.6822 -8.548225581395348
1645242802512 1 5.849552000000017 0 333046 0.2374 0.00043023255813956496

