1645233286322 1 3.999999 1512 346799 0.13369999999999999 -6.5016
1645233289473 3 4.834600999999999 0 755039 0.2954 0.000174418604651283
1645233292845 3 5.462364000000001 0 835161 0.3263 0.00043023255813956496
1645233296506 3 5.805405 0 908792 0.3556 0.00043023255813956496
1645233299747 3 6.560039999999999 0 804438 0.3141 0.00043023255813956496
1645233303096 3 7.212982999999998 0 828659 0.3242 0.00043023255813956496
1645233306865 3 7.443498999999999 0 937332 0.3661 0.00043023255813956496
1645233310012 3 8.294847999999998 0 776416 0.3033 0.00043023255813956496
1645233314150 3 8.157817000000001 0 1025687 0.40170000000000006 0.00043023255813956496
1645233317448 3 8.859541000000004 0 815426 0.31829999999999997 0.00043023255813956496
1645233321015 3 9.291870000000003 0 884625 0.3462 0.00043023255813956496
1645233324670 3 9.639335000000003 0 904952 0.3547 0.00043023255813956496
1645233328514 3 9.792501000000001 0 954418 0.3739 0.00043023255813956496
1645233332177 3 10.129618 0 910446 0.35550000000000004 0.00043023255813956496
1645233335885 3 10.422000000000004 0 922454 0.36 0.00043023255813956496
1645233339705 3 10.603211000000002 0 942842 0.369 0.00043023255813956496
1645233343266 3 11.041306000000006 0 884128 0.34550000000000003 0.00043023255813956496
1645233346625 3 11.686945000000001 0 828263 0.3238 0.00043023255813956496
1645233350573 3 11.735619999999997 0 981175 0.3835 0.00043023255813956496
1645233354351 3 11.955870000000004 0 939007 0.3673 0.00043023255813956496
1645233358755 3 11.560884000000001 0 841370 0.32930000000000004 0.00043023255813956496
1645233362580 3 11.726871000000003 0 947658 0.371 0.00043023255813956496
1645233366570 3 11.794587000000007 0 828958 0.32389999999999997 0.00043023255813956496
1645233370503 3 11.807204999999996 0 977791 0.38170000000000004 0.00043023255813956496
1645233374916 3 11.492812 0 847215 0.3317 0.00043023255813956496
1645233378859 3 11.447760000000002 0 978032 0.38239999999999996 0.00043023255813956496
1645233382611 3 11.696377999999996 0 934237 0.365 0.00043023255813956496
1645233386693 3 11.745761000000002 0 889600 0.348 0.00043023255813956496
1645233390668 3 11.641329999999996 0 988774 0.3863 0.00043023255813956496
1645233394599 3 11.733366000000004 0 808061 0.3331 0.00043023255813956496
1645233398595 3 11.712861000000004 0 995677 0.3894 0.00043023255813956496
1645233402309 3 11.997607000000002 0 924757 0.3612 0.00043023255813956496
1645233406571 3 11.965634000000009 0 808228 0.31589999999999996 0.00043023255813956496
1645233410642 3 11.665158000000005 0 1014212 0.3971 0.00043023255813956496
1645233414544 3 11.946280000000002 0 845218 0.3305 0.00043023255813956496
1645233418701 3 11.684349999999995 0 910767 0.3556 0.00043023255813956496
1645233422325 3 11.98182700000001 0 901777 0.3523 0.00043023255813956496
1645233426713 3 11.657134000000013 0 967347 0.3785 0.00043023255813956496
1645233430474 3 11.833323000000007 0 935273 0.3659 0.00043023255813956496
1645233434676 3 11.639602999999994 0 916928 0.3593 0.00043023255813956496
1645233438456 3 11.850516999999996 0 940743 0.3679 0.00043023255813956496
1645233442493 3 11.869585 0 877888 0.3433 0.00043023255813956496
1645233446874 3 11.612347999999997 0 839766 0.32839999999999997 0.00043023255813956496
1645233450794 3 11.513049999999993 0 976062 0.38180000000000003 0.00043023255813956496
1645233454657 3 11.650222000000014 0 958353 0.3756 0.00043023255813956496
1645233458525 3 11.837887999999992 0 836268 0.3269 0.00043023255813956496
1645233462422 3 11.885289 0 968967 0.3796 0.00043023255813956496
1645233473222 3 5.084458000000012 0 825839 1.0695000000000001 0.00043023255813956496
1645233477256 3 5.05067600000001 0 974212 0.3841 0.00043023255813956496
1645233480748 3 5.558492000000001 0 867483 0.3391 0.00043023255813956496
1645233484709 3 5.597219999999993 0 987232 0.3856 0.00043023255813956496
1645233488409 3 5.898134999999996 0 921956 0.3599 0.00043023255813956496
1645233492087 3 6.218793000000005 0 913803 0.357 0.00043023255813956496
1645233495936 3 6.3721319999999935 0 958215 0.37429999999999997 0.00043023255813956496
1645233499292 3 7.014342999999997 0 832934 0.3255 0.00043023255813956496
1645233503326 3 6.981308000000013 0 1005593 0.3935 0.00043023255813956496
1645233507093 3 7.213569000000007 0 935985 0.36619999999999997 0.00043023255813956496
1645233512705 3 5.601516000000004 0 802415 0.5508 0.00043023255813956496
1645233514508 1 7.7984050000000025 0 399016 0.1584 0.00043023255813956496
1645233518008 3 8.299953000000016 0 869418 0.3389 0.000174418604651283
1645233521625 3 8.682379999999995 0 897686 0.351 0.00043023255813956496
1645233525492 3 8.814965 0 960141 0.37570000000000003 0.00043023255813956496
1645233529170 3 9.136000999999993 0 914618 0.3573 0.00043023255813956496
1645233532989 3 9.318259000000012 0 949031 0.3713 0.00043023255813956496
1645233536700 3 9.607372999999995 0 919929 0.3603 0.00043023255813956496
1645233540434 3 9.872431000000006 0 930570 0.3635 0.00043023255813956496
1645233544028 3 10.27837900000003 0 894188 0.3486 0.00043023255813956496
1645233547402 3 10.904600000000016 0 835562 0.327 0.00043023255813956496
1645233551360 3 10.946100999999999 0 986170 0.3856 0.00043023255813956496
1645233555202 3 11.105290000000025 0 955812 0.37429999999999997 0.00043023255813956496
1645233558587 3 11.720979999999997 0 837688 0.3274 0.00043023255813956496
1645233562497 3 11.815463000000022 0 972932 0.38029999999999997 0.00043023255813956496
1645233567984 3 10.322482999999977 0 807690 0.5389 0.00043023255813956496
1645233572000 3 10.307662999999991 0 968173 0.38170000000000004 0.00043023255813956496
1645233575516 3 10.793631000000005 0 872734 0.3404 0.00043023255813956496
1645233579494 3 10.812436999999989 0 991679 0.3875 0.00043023255813956496
1645233583235 3 11.074232999999992 0 930061 0.3628 0.00043023255813956496
1645233586800 3 11.507756000000029 0 884740 0.3464 0.00043023255813956496
1645233590685 3 11.621623999999997 0 968599 0.3786 0.00043023255813956496
1645233596545 3 9.762075999999979 0 848189 0.5759000000000001 0.00043023255813956496
1645233600634 3 9.673305000000028 0 989262 0.38980000000000004 0.00043023255813956496
1645233604369 3 9.938175000000001 0 929927 0.3635 0.00043023255813956496
1645233607786 3 10.520853999999986 0 845977 0.3311 0.00043023255813956496
1645233611837 3 10.470556999999985 0 1009703 0.394 0.00043023255813956496

