1645241414541 1 3.999999 1386 346799 0.1288 -5.9598
1645241415526 0 7.032213 0 213385 0.0795 0.00017441860465117198
1645241416150 0 10.406434 0 141806 0.052700000000000004 0.00006976744186043549
1645241418667 0 11.895357 0 112578 0.0417 0.00006976744186043549
1645241423090 0 11.638532999999999 0 80671 0.0323 0.00006976744186043549
1645241426980 0 11.632062 0 68729 0.0288 0.00006976744186043549
1645241431147 0 11.625142 0 137895 0.054200000000000005 0.00006976744186043549
1645241434704 0 11.869719 0 114138 0.046 0.00006976744186043549
1645241438802 0 11.862492000000003 0 126013 0.0492 0.00006976744186043549
1645241442742 0 11.857147000000001 0 217236 0.0841 0.00006976744186043549
1645241447190 0 11.600082 0 219398 0.0848 0.00006976744186043549
1645241450991 0 11.586625000000005 0 177648 0.06949999999999999 0.00006976744186043549
1645241454751 0 11.824613 0 166856 0.0654 0.00006976744186043549
1645241459216 0 11.567748000000002 0 223685 0.0866 0.00006976744186043549
1645241463111 0 11.562748 0 206455 0.0801 0.00006976744186043549
1645241467196 0 11.555575000000005 0 121534 0.0482 0.00006976744186043549
1645241471222 0 11.546776000000001 0 105092 0.0418 0.00006976744186043549
1645241475075 0 11.539081000000003 0 63086 0.0259 0.00006976744186043549
1645241479029 0 11.782792999999998 0 87739 0.0349 0.00006976744186043549
1645241483233 0 11.516243000000003 0 152905 0.06 0.00006976744186043549
1645241487241 0 11.508610000000004 0 100587 0.0403 0.00006976744186043549
1645241491072 0 11.499278000000004 0 186001 0.0723 0.00006976744186043549
1645241494954 0 11.742295999999996 0 201620 0.0776 0.00006976744186043549
1645241498895 0 11.736495000000005 0 218012 0.0843 0.00006976744186043549
1645241502986 0 11.72587200000001 0 123058 0.0495 0.00006976744186043549
1645241506867 0 11.711236 0 198856 0.07730000000000001 0.00006976744186043549
1645241510913 0 11.894177999999997 0 223061 0.0861 0.00006976744186043549
1645241515083 0 11.629851000000002 0 143385 0.0571 0.00006976744186043549
1645241519141 0 11.623907000000003 0 117021 0.046200000000000005 0.00006976744186043549
1645241523078 0 11.618701999999999 0 83595 0.033800000000000004 0.00006976744186043549
1645241526975 0 11.610610000000008 0 68011 0.028999999999999998 0.00006976744186043549
1645241531101 0 11.606499 0 134264 0.0529 0.00006976744186043549
1645241535150 0 11.600881000000001 0 113722 0.0451 0.00006976744186043549
1645241538751 0 11.844696999999996 0 122694 0.0501 0.00006976744186043549
1645241543184 0 11.588344000000006 0 215146 0.0832 0.00006976744186043549
1645241547109 0 11.578811000000002 0 213339 0.08259999999999999 0.00006976744186043549
1645241550898 0 11.823241999999993 0 176949 0.0692 0.00006976744186043549
1645241555121 0 11.566778 0 158356 0.0624 0.00006976744186043549
1645241559081 0 11.560055000000006 0 219852 0.0857 0.00006976744186043549
1645241562951 0 11.795750999999996 0 196864 0.0767 0.00006976744186043549
1645241567013 0 11.791594000000003 0 116610 0.0461 0.00006976744186043549
1645241571038 0 11.525610999999998 0 107223 0.0428 0.00006976744186043549
1645241574913 0 11.771514999999994 0 64332 0.0273 0.00006976744186043549
1645241578877 0 11.761227999999988 0 88753 0.0363 0.00006976744186043549
1645241583077 0 11.505279000000002 0 153489 0.0605 0.00006976744186043549
1645241586589 0 11.997320000000002 0 101805 0.040600000000000004 0.00006976744186043549
1645241590919 0 11.739045000000004 0 186822 0.07339999999999999 0.00006976744186043549
1645241594803 0 11.985084 0 200149 0.07780000000000001 0.00006976744186043549
1645241598735 0 11.977952000000016 0 215305 0.0828 0.00006976744186043549
1645241602856 0 11.709474999999998 0 128759 0.051500000000000004 0.00006976744186043549
1645241606737 0 11.954948000000002 0 199367 0.07680000000000001 0.00006976744186043549
1645241610689 0 11.94734600000001 0 220759 0.0853 0.00006976744186043549
1645241614880 0 11.689675999999992 0 149511 0.059 0.00006976744186043549
1645241618960 0 11.679473999999999 0 118879 0.0477 0.00006976744186043549
1645241622912 0 11.674120000000016 0 85418 0.0356 0.00006976744186043549
1645241626800 0 11.919333999999992 0 68807 0.028599999999999997 0.00006976744186043549
1645241630924 0 11.659427999999991 0 132565 0.0523 0.00006976744186043549
1645241634997 0 11.65125599999999 0 117262 0.0474 0.00006976744186043549
1645241639068 0 11.644846000000001 0 116418 0.0465 0.00006976744186043549
1645241643034 0 11.636970999999988 0 223024 0.0864 0.00006976744186043549
1645241646964 0 11.63128900000001 0 214538 0.0831 0.00006976744186043549
1645241650762 0 11.87180699999999 0 178191 0.0697 0.00006976744186043549
1645241654990 0 11.616333999999995 0 161454 0.0631 0.00006976744186043549
1645241658917 0 11.859991000000008 0 212225 0.08259999999999999 0.00006976744186043549
1645241662778 0 11.850516999999996 0 195858 0.0762 0.00006976744186043549
1645241666856 0 11.843220000000002 0 119665 0.0475 0.00006976744186043549
1645241670891 0 11.834159999999997 0 108667 0.0434 0.00006976744186043549
1645241674761 0 11.829582000000016 0 64782 0.0268 0.00006976744186043549
1645241679216 0 11.562229000000002 0 87523 0.0358 0.00006976744186043549
1645241682934 0 11.804930000000013 0 155607 0.0615 0.00006976744186043549
1645241686945 0 11.794871 0 100404 0.040999999999999995 0.00006976744186043549
1645241691256 0 11.535388000000012 0 183614 0.0717 0.00006976744186043549
1645241695118 0 11.528773000000001 0 197686 0.0761 0.00006976744186043549
1645241699061 0 11.520411000000024 0 217520 0.08449999999999999 0.00006976744186043549
1645241703187 0 11.512937000000022 0 132353 0.0521 0.00006976744186043549
1645241707063 0 11.507578000000024 0 199853 0.07780000000000001 0.00006976744186043549
1645241711026 0 11.749989000000028 0 225614 0.0867 0.00006976744186043549
1645241714716 0 11.989269999999976 0 150477 0.0593 0.00006976744186043549
1645241718788 0 11.982483000000002 0 117995 0.047099999999999996 0.00006976744186043549
1645241722741 0 11.976936000000023 0 86503 0.0353 0.00006976744186043549
1645241726623 0 11.969630999999993 0 67335 0.0283 0.00006976744186043549
1645241730749 0 11.962884000000031 0 132169 0.052700000000000004 0.00006976744186043549
1645241734826 0 11.954404000000011 0 118800 0.047599999999999996 0.00006976744186043549
1645241738891 0 11.691187000000014 0 116618 0.046700000000000005 0.00006976744186043549
1645241742850 0 11.928741000000002 0 222296 0.086 0.00006976744186043549

