1645236130234 1 3.999999 1946 346799 0.1842 -8.367799999999999
1645236131604 0 6.630774 0 213385 0.1132 0.00017441860465117198
1645236132459 0 9.775413 0 141806 0.0751 0.00006976744186043549
1645236134648 0 11.686155000000001 0 112578 0.059199999999999996 0.00006976744186043549
1645236138677 0 11.672837999999999 0 80671 0.0421 0.00006976744186043549
1645236142662 0 11.662095999999998 0 68729 0.0372 0.00006976744186043549
1645236146555 0 11.906015 0 137895 0.0744 0.00006976744186043549
1645236150769 0 11.644804999999998 0 114138 0.0615 0.00006976744186043549
1645236154558 0 11.88061 0 126013 0.0679 0.00006976744186043549
1645236158838 0 11.626186000000004 0 217236 0.11639999999999999 0.00006976744186043549
1645236162607 0 11.862695000000002 0 219398 0.1166 0.00006976744186043549
1645236166660 0 11.596647000000004 0 177648 0.0943 0.00006976744186043549
1645236170662 0 11.577849 0 166856 0.0887 0.00006976744186043549
1645236174463 0 11.818259000000005 0 223685 0.12 0.00006976744186043549
1645236178659 0 11.806388000000005 0 206455 0.10869999999999999 0.00006976744186043549
1645236182908 0 11.545988000000001 0 121534 0.06470000000000001 0.00006976744186043549
1645236186588 0 11.781862000000004 0 105092 0.056799999999999996 0.00006976744186043549
1645236190536 0 11.771347000000006 0 63086 0.034100000000000005 0.00006976744186043549
1645236194612 0 11.757523000000006 0 87739 0.0472 0.00006976744186043549
1645236198535 0 11.743600999999998 0 152905 0.08199999999999999 0.00006976744186043549
1645236202689 0 11.733914999999996 0 100587 0.054400000000000004 0.00006976744186043549
1645236206300 0 11.966423000000006 0 186001 0.1001 0.00006976744186043549
1645236210484 0 11.947783999999999 0 201620 0.1081 0.00006976744186043549
1645236214776 0 11.687207 0 218012 0.11679999999999999 0.00006976744186043549
1645236218548 0 11.920157000000003 0 123058 0.06570000000000001 0.00006976744186043549
1645236222724 0 11.651008000000004 0 198856 0.10600000000000001 0.00006976744186043549
1645236226662 0 11.578917000000004 0 223061 0.11979999999999999 0.00006976744186043549
1645236230519 0 11.812101999999996 0 143385 0.0759 0.00006976744186043549
1645236234755 0 11.555841000000001 0 117021 0.0631 0.00006976744186043549
1645236238822 0 11.55077200000001 0 83595 0.0453 0.00006976744186043549
1645236242796 0 11.536982000000009 0 68011 0.0369 0.00006976744186043549
1645236246613 0 11.781023000000005 0 134264 0.0717 0.00006976744186043549
1645236250817 0 11.518837000000005 0 113722 0.0602 0.00006976744186043549
1645236254578 0 11.758457000000007 0 122694 0.0658 0.00006976744186043549
1645236258840 0 11.500495 0 215146 0.11499999999999999 0.00006976744186043549
1645236262585 0 11.742827000000005 0 213339 0.1132 0.00006976744186043549
1645236266632 0 11.73058499999999 0 176949 0.09419999999999999 0.00006976744186043549
1645236270586 0 11.72144800000001 0 158356 0.0848 0.00006976744186043549
1645236274384 0 11.962819999999994 0 219852 0.1172 0.00006976744186043549
1645236278537 0 11.701805000000007 0 196864 0.1046 0.00006976744186043549
1645236282761 0 11.691029000000015 0 116610 0.0618 0.00006976744186043549
1645236286444 0 11.935681000000017 0 107223 0.05789999999999999 0.00006976744186043549
1645236290397 0 11.926211999999992 0 64332 0.0342 0.00006976744186043549
1645236294486 0 11.920402999999993 0 88753 0.0479 0.00006976744186043549
1645236298426 0 11.910117000000014 0 153489 0.0833 0.00006976744186043549
1645236302569 0 11.905607000000003 0 101805 0.0538 0.00006976744186043549
1645236306685 0 11.643989000000005 0 186822 0.0999 0.00006976744186043549
1645236310362 0 11.885096000000004 0 200149 0.1072 0.00006976744186043549
1645236314613 0 11.626549000000011 0 215305 0.11379999999999998 0.00006976744186043549
1645236318413 0 11.869470000000007 0 128759 0.06860000000000001 0.00006976744186043549
1645236322596 0 11.861761999999999 0 199367 0.10769999999999999 0.00006976744186043549
1645236326386 0 11.853708000000012 0 220759 0.1179 0.00006976744186043549
1645236330779 0 11.599240000000009 0 149511 0.0792 0.00006976744186043549
1645236334527 0 11.839556000000016 0 118879 0.06420000000000001 0.00006976744186043549
1645236338608 0 11.719569000000007 0 85418 0.0461 0.00006976744186043549
1645236342578 0 11.827424000000008 0 68807 0.0366 0.00006976744186043549
1645236346894 0 11.569928000000004 0 132565 0.0713 0.00006976744186043549
1645236350639 0 11.815009000000003 0 117262 0.06420000000000001 0.00006976744186043549
1645236354888 0 11.550167000000016 0 116418 0.0629 0.00006976744186043549
1645236358695 0 11.539345999999995 0 223024 0.1199 0.00006976744186043549
1645236362941 0 11.530203999999998 0 214538 0.11379999999999998 0.00006976744186043549
1645236366489 0 11.775323000000014 0 178191 0.0944 0.00006976744186043549
1645236370945 0 11.519790999999998 0 161454 0.0853 0.00006976744186043549
1645236374680 0 11.761815000000013 0 212225 0.1133 0.00006976744186043549
1645236378321 0 11.997535999999997 0 195858 0.1041 0.00006976744186043549
1645236382553 0 11.739480000000015 0 119665 0.063 0.00006976744186043549
1645236386746 0 11.729113999999981 0 108667 0.059199999999999996 0.00006976744186043549
1645236390697 0 11.724593000000027 0 64782 0.035199999999999995 0.00006976744186043549
1645236394282 0 11.968726000000004 0 87523 0.0472 0.00006976744186043549
1645236398721 0 11.711298 0 155607 0.08399999999999999 0.00006976744186043549
1645236402368 0 11.956438999999989 0 100404 0.054400000000000004 0.00006976744186043549
1645236406456 0 11.948606999999981 0 183614 0.0987 0.00006976744186043549
1645236410612 0 11.69221600000003 0 197686 0.1055 0.00006976744186043549
1645236414371 0 11.936457000000019 0 217520 0.1157 0.00006976744186043549
1645236418674 0 11.674804999999992 0 132353 0.0706 0.00006976744186043549
1645236422358 0 11.920108000000027 0 199853 0.10800000000000001 0.00006976744186043549
1645236426656 0 11.662455000000023 0 225614 0.11910000000000001 0.00006976744186043549
1645236430555 0 11.905889000000002 0 150477 0.0799 0.00006976744186043549
1645236434795 0 11.645288999999991 0 117995 0.0638 0.00006976744186043549
1645236438366 0 11.889726999999993 0 86503 0.046200000000000005 0.00006976744186043549
1645236442832 0 11.628042999999991 0 67335 0.036699999999999997 0.00006976744186043549
1645236446644 0 11.623160999999982 0 132169 0.0711 0.00006976744186043549
1645236450380 0 11.868069999999989 0 118800 0.064 0.00006976744186043549
1645236454614 0 11.858047999999997 0 116618 0.0621 0.00006976744186043549

