1645232606605 1 3.999999 7154 346799 0.7007 -30.762199999999996
1645232611168 0 4.3754930000000005 931 213385 0.43019999999999997 -4.003125581395349
1645232614168 0 5.369325000000001 0 141806 0.28690000000000004 0.00006976744186043549
1645232616524 0 7.013300000000001 0 112578 0.2254 0.00006976744186043549
1645232618231 0 9.304590999999999 0 80671 0.1602 0.00006976744186043549
1645232619699 0 11.836820999999999 0 68729 0.13640000000000002 0.00006976744186043549
1645232624072 0 11.525275999999998 0 137895 0.2767 0.00006976744186043549
1645232627967 0 11.765177999999999 0 114138 0.22890000000000002 0.00006976744186043549
1645232632104 0 11.505478000000004 0 126013 0.2528 0.00006976744186043549
1645232636593 0 10.946519000000002 0 217236 0.4372 0.00006976744186043549
1645232641124 0 10.413058 0 219398 0.4404 0.00006976744186043549
1645232644785 0 10.752597999999999 0 177648 0.3554 0.00006976744186043549
1645232648236 0 11.299776000000001 0 166856 0.3345 0.00006976744186043549
1645232652845 0 10.691126000000004 0 223685 0.4508 0.00006976744186043549
1645232657119 0 10.417074 0 206455 0.41719999999999996 0.00006976744186043549
1645232659674 0 11.861828000000003 0 121534 0.24559999999999998 0.00006976744186043549
1645232663900 0 11.675388000000005 0 105092 0.21190000000000003 0.00006976744186043549
1645232667781 0 11.919246000000001 0 63086 0.1264 0.00006976744186043549
1645232672121 0 11.657942000000006 0 87739 0.1739 0.00006976744186043549
1645232675793 0 11.901217000000003 0 152905 0.3073 0.00006976744186043549
1645232679923 0 11.646132000000009 0 100587 0.2016 0.00006976744186043549
1645232683801 0 11.736716999999999 0 186001 0.3758 0.00006976744186043549
1645232687965 0 11.570748000000009 0 201620 0.4063 0.00006976744186043549
1645232692475 0 11.060355999999999 0 218012 0.4408 0.00006976744186043549
1645232696074 0 11.606002000000004 0 123058 0.2496 0.00006976744186043549
1645232700232 0 11.304600000000008 0 198856 0.403 0.00006976744186043549
1645232704851 0 10.686857000000003 0 223061 0.45119999999999993 0.00006976744186043549
1645232707853 0 11.683082999999996 0 143385 0.2902 0.00006976744186043549
1645232711813 0 11.805607000000009 0 117021 0.23570000000000002 0.00006976744186043549
1645232716098 0 11.542065000000008 0 83595 0.1673 0.00006976744186043549
1645232719590 0 11.985143000000008 0 68011 0.1366 0.00006976744186043549
1645232723909 0 11.774706000000009 0 134264 0.2697 0.00006976744186043549
1645232727802 0 11.763395000000003 0 113722 0.2286 0.00006976744186043549
1645232731866 0 11.752583999999999 0 122694 0.2459 0.00006976744186043549
1645232736321 0 11.21491499999999 0 215146 0.434 0.00006976744186043549
1645232740719 0 10.816317999999995 0 213339 0.4304 0.00006976744186043549
1645232744376 0 11.160401000000007 0 176949 0.3552 0.00006976744186043549
1645232747661 0 11.878507000000013 0 158356 0.3176 0.00006976744186043549
1645232752199 0 11.337692000000004 0 219852 0.4441 0.00006976744186043549
1645232756268 0 11.268223000000006 0 196864 0.3964 0.00006976744186043549
1645232759690 0 11.934470000000005 0 116610 0.23220000000000002 0.00006976744186043549
1645232763972 0 11.673876000000007 0 107223 0.2152 0.00006976744186043549
1645232767892 0 11.666154000000006 0 64332 0.1299 0.00006976744186043549
1645232771802 0 11.90503799999999 0 88753 0.1777 0.00006976744186043549
1645232776024 0 11.64489900000001 0 153489 0.31110000000000004 0.00006976744186043549
1645232779701 0 11.888331999999991 0 101805 0.205 0.00006976744186043549
1645232783565 0 11.971079000000003 0 186822 0.37570000000000003 0.00006976744186043549
1645232787699 0 11.83636899999999 0 200149 0.40309999999999996 0.00006976744186043549
1645232792107 0 11.429380000000009 0 215305 0.4305 0.00006976744186043549
1645232795805 0 11.852889000000005 0 128759 0.2595 0.00006976744186043549
1645232799898 0 11.638148999999999 0 199367 0.39980000000000004 0.00006976744186043549
1645232804443 0 11.093684999999994 0 220759 0.4443 0.00006976744186043549
1645232807553 0 11.98371499999999 0 149511 0.3003 0.00006976744186043549
1645232812078 0 11.56207599999999 0 118879 0.23900000000000002 0.00006976744186043549
1645232815908 0 11.806772999999993 0 85418 0.1709 0.00006976744186043549
1645232819894 0 11.799122000000011 0 68807 0.1369 0.00006976744186043549
1645232824150 0 11.541483999999997 0 132565 0.2665 0.00006976744186043549
1645232828114 0 11.53626700000001 0 117262 0.2352 0.00006976744186043549
1645232832082 0 11.529360999999994 0 116418 0.2358 0.00006976744186043549
1645232836697 0 10.839647000000014 0 223024 0.45099999999999996 0.00006976744186043549
1645232841101 0 10.436347000000012 0 214538 0.4304 0.00006976744186043549
1645232844794 0 10.742149000000012 0 178191 0.3588 0.00006976744186043549
1645232848141 0 11.394509 0 161454 0.3246 0.00006976744186043549
1645232852512 0 11.023877999999996 0 212225 0.42679999999999996 0.00006976744186043549
1645232856582 0 10.955883999999998 0 195858 0.3963 0.00006976744186043549
1645232859573 0 11.974344000000002 0 119665 0.2391 0.00006976744186043549
1645232863878 0 11.712553000000014 0 108667 0.21869999999999998 0.00006976744186043549
1645232867791 0 11.952218000000016 0 64782 0.12969999999999998 0.00006976744186043549
1645232871631 0 11.945902999999987 0 87523 0.1741 0.00006976744186043549
1645232875893 0 11.680263000000025 0 155607 0.3134 0.00006976744186043549
1645232880003 0 11.673428000000001 0 100404 0.2017 0.00006976744186043549
1645232883809 0 11.727208000000019 0 183614 0.3689 0.00006976744186043549
1645232887876 0 11.659014000000013 0 197686 0.3963 0.00006976744186043549
1645232892354 0 11.183206999999982 0 217520 0.4373 0.00006976744186043549
1645232896117 0 11.640195000000006 0 132353 0.2665 0.00006976744186043549
1645232900243 0 11.294508000000008 0 199853 0.40309999999999996 0.00006976744186043549
1645232904860 0 10.67821200000003 0 225614 0.45119999999999993 0.00006976744186043549
1645232907999 0 11.537622999999996 0 150477 0.3039 0.00006976744186043549
1645232911961 0 11.614426999999978 0 117995 0.2358 0.00006976744186043549
1645232915813 0 11.858026999999993 0 86503 0.1743 0.00006976744186043549
1645232919759 0 11.846189999999979 0 67335 0.1332 0.00006976744186043549
1645232924018 0 11.591512000000023 0 132169 0.2663 0.00006976744186043549
1645232928024 0 11.58631600000001 0 118800 0.23900000000000002 0.00006976744186043549

