1645249450895 1 3.999999 1580 346799 0.14650000000000002 -6.794
1645249453253 1 5.661329 0 363755 0.1533 0.00017441860465117198
1645249454928 1 7.9869390000000005 0 362842 0.1528 0.00017441860465117198
1645249456665 1 10.24999 0 384791 0.1622 0.00017441860465117198
1645249459216 1 11.757228 0 339137 0.1426 0.00017441860465117198
1645249462994 1 11.996205 0 393219 0.16599999999999998 0.00017441860465117198
1645249467332 1 11.737790999999998 0 406206 0.1715 0.00017441860465117198
1645249471224 1 11.728051999999998 0 303135 0.127 0.00017441860465117198
1645249475098 1 11.969936000000004 0 414092 0.1757 0.00017441860465117198
1645249479148 1 11.960819 0 337705 0.1429 0.00017441860465117198
1645249483321 1 11.692402000000001 0 366374 0.1553 0.00017441860465117198
1645249487433 1 11.682479 0 352030 0.14850000000000002 0.00017441860465117198
1645249491143 1 11.928079000000004 0 371605 0.1562 0.00017441860465117198
1645249495386 1 11.669360000000005 0 385670 0.1626 0.00017441860465117198
1645249499096 1 11.913194000000004 0 374050 0.15760000000000002 0.00017441860465117198
1645249503260 1 11.900873000000004 0 367058 0.15460000000000002 0.00017441860465117198
1645249507466 1 11.629194000000005 0 377983 0.15940000000000001 0.00017441860465117198
1645249511478 1 11.619649000000003 0 326924 0.1377 0.00017441860465117198
1645249515236 1 11.86612000000001 0 388939 0.1641 0.00017441860465117198
1645249519506 1 11.608068000000003 0 392939 0.1655 0.00017441860465117198
1645249523147 1 11.851760999999996 0 362131 0.1527 0.00017441860465117198
1645249527468 1 11.587693000000002 0 402712 0.1703 0.00017441860465117198
1645249531462 1 11.580894 0 327400 0.1381 0.00017441860465117198
1645249535275 1 11.820329000000001 0 401133 0.16999999999999998 0.00017441860465117198
1645249539245 1 11.807517000000004 0 317452 0.1342 0.00017441860465117198
1645249543518 1 11.549847 0 391753 0.16499999999999998 0.00017441860465117198
1645249547279 1 11.793767000000003 0 384934 0.1618 0.00017441860465117198
1645249551448 1 11.535986000000008 0 367179 0.1544 0.00017441860465117198
1645249555218 1 11.781937 0 387965 0.1641 0.00017441860465117198
1645249559252 1 11.771557999999999 0 333821 0.1402 0.00017441860465117198
1645249563538 1 11.511935000000008 0 394452 0.16570000000000001 0.00017441860465117198
1645249567382 1 11.755313999999998 0 409513 0.17250000000000001 0.00017441860465117198
1645249571306 1 11.674247000000008 0 307174 0.1301 0.00017441860465117198
1645249575232 1 11.919352000000003 0 420407 0.1774 0.00017441860465117198
1645249579291 1 11.648163000000011 0 340231 0.1433 0.00017441860465117198
1645249583481 1 11.637985000000015 0 374730 0.1578 0.00017441860465117198
1645249587085 1 11.882303000000007 0 353022 0.1481 0.00017441860465117198
1645249591368 1 11.623260000000016 0 393253 0.16570000000000001 0.00017441860465117198
1645249595540 1 11.616281000000015 0 368813 0.155 0.00017441860465117198
1645249599232 1 11.835184999999996 0 372578 0.1572 0.00017441860465117198
1645249603435 1 11.57790700000001 0 374507 0.1575 0.00017441860465117198
1645249607132 1 11.812221999999991 0 372824 0.1568 0.00017441860465117198
1645249611142 1 11.803590000000014 0 326437 0.1376 0.00017441860465117198
1645249615374 1 11.549177000000014 0 383127 0.16160000000000002 0.00017441860465117198
1645249619397 1 11.530909000000008 0 400632 0.1682 0.00017441860465117198
1645249623469 1 11.520738999999992 0 342596 0.14450000000000002 0.00017441860465117198
1645249627299 1 11.76471699999999 0 407655 0.17170000000000002 0.00017441860465117198
1645249631351 1 11.756741000000005 0 337450 0.1424 0.00017441860465117198
1645249635175 1 11.74961300000001 0 404220 0.1703 0.00017441860465117198
1645249638976 0 11.993418999999989 0 128759 0.0543 0.00017441860465117198
1645249642933 0 11.985713000000004 0 199367 0.0836 0.00006976744186043549
1645249646990 0 11.975955999999996 0 220759 0.09340000000000001 0.00006976744186043549
1645249651267 0 11.721537000000012 0 149511 0.0645 0.00006976744186043549
1645249655420 0 11.711556999999999 0 118879 0.052700000000000004 0.00006976744186043549
1645249659427 0 11.70180400000001 0 85418 0.0391 0.00006976744186043549
1645249663378 0 11.683948000000015 0 68807 0.0316 0.00006976744186043549
1645249667085 0 11.929606000000007 0 132565 0.058199999999999995 0.00006976744186043549
1645249671234 0 11.91702699999999 0 117262 0.0521 0.00006976744186043549
1645249675389 0 11.637158999999997 0 116418 0.051500000000000004 0.00006976744186043549
1645249679109 0 11.856562999999994 0 223024 0.0964 0.00006976744186043549
1645249683160 0 11.850638000000004 0 214538 0.09330000000000001 0.00006976744186043549
1645249687559 0 11.592919999999992 0 178191 0.0775 0.00006976744186043549
1645249691399 0 11.552073000000007 0 161454 0.0707 0.00006976744186043549
1645249695442 0 11.540436 0 212225 0.0921 0.00006976744186043549
1645249699436 0 11.534478000000007 0 195858 0.0853 0.00006976744186043549
1645249703607 0 11.528685999999993 0 119665 0.0534 0.00006976744186043549
1645249707209 0 11.771592999999996 0 108667 0.048299999999999996 0.00006976744186043549
1645249711635 0 11.515782000000002 0 64782 0.029599999999999998 0.00006976744186043549
1645249715157 0 11.986206999999979 0 87523 0.038900000000000004 0.00006976744186043549
1645249718964 0 11.965237000000002 0 155607 0.0683 0.00006976744186043549
1645249723040 0 11.959888999999976 0 100404 0.044700000000000004 0.00006976744186043549
1645249727454 0 11.702069999999992 0 183614 0.08 0.00006976744186043549
1645249731436 0 11.666659999999979 0 197686 0.0853 0.00006976744186043549
1645249735497 0 11.653796999999997 0 217520 0.0948 0.00006976744186043549
1645249739196 0 11.884792000000004 0 132353 0.0581 0.00006976744186043549
1645249743197 0 11.873608999999988 0 199853 0.0879 0.00006976744186043549
1645249747286 0 11.866642000000013 0 225614 0.0972 0.00006976744186043549
1645249751075 0 11.845256000000006 0 150477 0.0666 0.00006976744186043549
1645249755222 0 11.838459 0 117995 0.052500000000000005 0.00006976744186043549
1645249759225 0 11.831358000000023 0 86503 0.0386 0.00006976744186043549
1645249763195 0 11.823973000000024 0 67335 0.0308 0.00006976744186043549
1645249767409 0 11.569901000000016 0 132169 0.0581 0.00006976744186043549
1645249771557 0 11.56098000000003 0 118800 0.053200000000000004 0.00006976744186043549
1645249775195 0 11.803247999999996 0 116618 0.0518 0.00006976744186043549

