1645238018222 1 3.999999 5747 346799 0.5644 -24.7121
1645238022429 0 4.475178 667 213385 0.3433 -2.8679255813953493
1645238024874 0 6.025413 0 141806 0.229 0.00006976744186043549
1645238026841 0 8.055821000000002 0 112578 0.181 0.00006976744186043549
1645238028279 0 10.619302999999999 0 80671 0.1302 0.00006976744186043549
1645238031033 0 11.868186 0 68729 0.1119 0.00006976744186043549
1645238035398 0 11.610956999999999 0 137895 0.22360000000000002 0.00006976744186043549
1645238039387 0 11.603254999999997 0 114138 0.1863 0.00006976744186043549
1645238043096 0 11.843436000000004 0 126013 0.20750000000000002 0.00006976744186043549
1645238047260 0 11.833317000000001 0 217236 0.35350000000000004 0.00006976744186043549
1645238050968 0 11.929116 0 219398 0.35960000000000003 0.00006976744186043549
1645238055474 0 11.566282000000001 0 177648 0.2863 0.00006976744186043549
1645238059314 0 11.798862 0 166856 0.2714 0.00006976744186043549
1645238063078 0 11.819478000000004 0 223685 0.3645 0.00006976744186043549
1645238067546 0 11.533761000000005 0 206455 0.3327 0.00006976744186043549
1645238071184 0 11.775816000000006 0 121534 0.19970000000000002 0.00006976744186043549
1645238075512 0 11.517129000000004 0 105092 0.1702 0.00006976744186043549
1645238079165 0 11.757307000000004 0 63086 0.1011 0.00006976744186043549
1645238083213 0 11.749634999999998 0 87739 0.1412 0.00006976744186043549
1645238087320 0 11.743764999999996 0 152905 0.2475 0.00006976744186043549
1645238091095 0 11.986627999999996 0 100587 0.16499999999999998 0.00006976744186043549
1645238095231 0 11.724553 0 186001 0.3008 0.00006976744186043549
1645238099151 0 11.966361000000006 0 201620 0.3296 0.00006976744186043549
1645238103305 0 11.706676000000002 0 218012 0.35419999999999996 0.00006976744186043549
1645238107446 0 11.695673999999997 0 123058 0.20259999999999997 0.00006976744186043549
1645238111318 0 11.672448000000003 0 198856 0.3247 0.00006976744186043549
1645238115083 0 11.815342000000001 0 223061 0.3648 0.00006976744186043549
1645238119054 0 11.902332000000001 0 143385 0.23410000000000003 0.00006976744186043549
1645238123069 0 11.895122999999998 0 117021 0.1889 0.00006976744186043549
1645238127060 0 11.888486999999998 0 83595 0.1357 0.00006976744186043549
1645238131287 0 11.630148000000005 0 68011 0.1117 0.00006976744186043549
1645238135082 0 11.875645000000006 0 134264 0.2183 0.00006976744186043549
1645238139043 0 11.863675 0 113722 0.1836 0.00006976744186043549
1645238143171 0 11.857448000000005 0 122694 0.1996 0.00006976744186043549
1645238147316 0 11.598158000000012 0 215146 0.35150000000000003 0.00006976744186043549
1645238151390 0 11.592872 0 213339 0.346 0.00006976744186043549
1645238155377 0 11.583104999999989 0 176949 0.2874 0.00006976744186043549
1645238159077 0 11.822880999999995 0 158356 0.2579 0.00006976744186043549
1645238163291 0 11.813970000000012 0 219852 0.35950000000000004 0.00006976744186043549
1645238167123 0 11.806608000000011 0 196864 0.31930000000000003 0.00006976744186043549
1645238171158 0 11.80143799999999 0 116610 0.189 0.00006976744186043549
1645238175518 0 11.537002000000001 0 107223 0.1731 0.00006976744186043549
1645238179193 0 11.780943000000008 0 64332 0.10369999999999999 0.00006976744186043549
1645238183264 0 11.773978 0 88753 0.1436 0.00006976744186043549
1645238187402 0 11.515829999999994 0 153489 0.2502 0.00006976744186043549
1645238191205 0 11.759033000000017 0 101805 0.1676 0.00006976744186043549
1645238195371 0 11.750990000000002 0 186822 0.3035 0.00006976744186043549
1645238199261 0 11.745025999999996 0 200149 0.3275 0.00006976744186043549
1645238203388 0 11.684402000000006 0 215305 0.3488 0.00006976744186043549
1645238207131 0 11.978626999999989 0 128759 0.2104 0.00006976744186043549
1645238211001 0 11.968133999999992 0 199367 0.32480000000000003 0.00006976744186043549
1645238215209 0 11.711855000000014 0 220759 0.35960000000000003 0.00006976744186043549
1645238219272 0 11.703751000000011 0 149511 0.24230000000000002 0.00006976744186043549
1645238223338 0 11.694128000000006 0 118879 0.1941 0.00006976744186043549
1645238227346 0 11.688919999999996 0 85418 0.1401 0.00006976744186043549
1645238231087 0 11.926767000000012 0 68807 0.1116 0.00006976744186043549
1645238235376 0 11.668527000000012 0 132565 0.21589999999999998 0.00006976744186043549
1645238239420 0 11.658575000000013 0 117262 0.1917 0.00006976744186043549
1645238243441 0 11.648274000000015 0 116418 0.189 0.00006976744186043549
1645238247232 0 11.66520700000001 0 223024 0.3653 0.00006976744186043549
1645238251395 0 11.608391000000012 0 214538 0.3514 0.00006976744186043549
1645238255432 0 11.59528499999999 0 178191 0.29009999999999997 0.00006976744186043549
1645238259215 0 11.82720900000001 0 161454 0.26080000000000003 0.00006976744186043549
1645238263347 0 11.56501800000001 0 212225 0.3462 0.00006976744186043549
1645238267209 0 11.803796000000006 0 195858 0.3191 0.00006976744186043549
1645238271295 0 11.796140000000008 0 119665 0.1944 0.00006976744186043549
1645238275265 0 11.767093999999986 0 108667 0.1784 0.00006976744186043549
1645238279431 0 11.508546000000024 0 64782 0.10369999999999999 0.00006976744186043549
1645238282979 0 11.947498999999993 0 87523 0.14379999999999998 0.00006976744186043549
1645238287143 0 11.987259999999992 0 155607 0.2526 0.00006976744186043549
1645238291422 0 11.70997299999999 0 100404 0.1625 0.00006976744186043549
1645238295057 0 11.913850000000025 0 183614 0.29769999999999996 0.00006976744186043549
1645238299395 0 11.653520000000015 0 197686 0.3224 0.00006976744186043549
1645238303144 0 11.764858000000004 0 217520 0.35419999999999996 0.00006976744186043549
1645238307478 0 11.644309000000021 0 132353 0.2157 0.00006976744186043549
1645238311378 0 11.60969 0 199853 0.32480000000000003 0.00006976744186043549
1645238315192 0 11.705678999999975 0 225614 0.3672 0.00006976744186043549
1645238319304 0 11.594934000000023 0 150477 0.2474 0.00006976744186043549
1645238323345 0 11.583878000000027 0 117995 0.1918 0.00006976744186043549
1645238327382 0 11.571556999999984 0 86503 0.141 0.00006976744186043549
1645238331156 0 11.813536 0 67335 0.10880000000000001 0.00006976744186043549

