1645253025020 1 3.999999 2468 346799 0.236 -10.6124
1645253027372 0 5.658078 0 213385 0.1459 0.00017441860465117198
1645253028460 0 8.569863000000002 0 141806 0.0962 0.00006976744186043549
1645253029344 0 11.685801000000001 0 112578 0.0771 0.00006976744186043549
1645253033289 1 11.775690999999998 0 339137 0.23170000000000002 0.000069767441860491
1645253037608 1 11.513632999999999 0 393219 0.2684 0.00017441860465117198
1645253041517 1 11.754697999999998 0 406206 0.2778 0.00017441860465117198
1645253045209 1 11.97017 0 303135 0.2068 0.00017441860465117198
1645253049201 1 11.965730000000004 0 414092 0.2827 0.00017441860465117198
1645253053123 1 11.959375000000001 0 337705 0.23079999999999998 0.00017441860465117198
1645253057244 1 11.953085999999999 0 366374 0.2506 0.00017441860465117198
1645253061267 1 11.944634 0 352030 0.24020000000000002 0.00017441860465117198
1645253065503 1 11.642821000000005 0 371605 0.2536 0.00017441860465117198
1645253069262 1 11.882786000000003 0 385670 0.2642 0.00017441860465117198
1645253073465 1 11.621477000000006 0 374050 0.25529999999999997 0.00017441860465117198
1645253077594 1 11.615189 0 367058 0.2496 0.00017441860465117198
1645253081306 1 11.858014000000004 0 377983 0.2579 0.00017441860465117198
1645253085656 1 11.599650000000004 0 326924 0.22269999999999998 0.00017441860465117198
1645253089438 1 11.838666000000003 0 388939 0.2663 0.00017441860465117198
1645253093273 1 11.785708999999997 0 392939 0.2683 0.00017441860465117198
1645253097390 1 11.779539999999997 0 362131 0.24780000000000002 0.00017441860465117198
1645253101278 1 11.773415999999997 0 402712 0.27480000000000004 0.00017441860465117198
1645253105644 1 11.518791000000007 0 327400 0.22360000000000002 0.00017441860465117198
1645253109533 1 11.509916000000004 0 401133 0.2746 0.00017441860465117198
1645253113352 1 11.754194999999996 0 317452 0.21760000000000002 0.00017441860465117198
1645253117147 1 11.997416000000001 0 391753 0.2672 0.00017441860465117198
1645253121398 1 11.740374000000003 0 384934 0.26280000000000003 0.00017441860465117198
1645253125525 1 11.722496000000007 0 367179 0.2479 0.00017441860465117198
1645253129302 1 11.965130000000002 0 387965 0.2651 0.00017441860465117198
1645253133214 1 11.930149999999998 0 333821 0.2274 0.00017441860465117198
1645253137529 1 11.675189000000003 0 394452 0.2692 0.00017441860465117198
1645253141454 1 11.667607000000004 0 409513 0.2787 0.00017441860465117198
1645253145173 1 11.910706000000005 0 307174 0.21000000000000002 0.00017441860465117198
1645253149155 1 11.902637999999996 0 420407 0.28650000000000003 0.00017441860465117198
1645253153619 1 11.644657999999993 0 340231 0.2331 0.00017441860465117198
1645253157286 1 11.876422999999988 0 374730 0.2546 0.00017441860465117198
1645253161322 1 11.866922000000017 0 353022 0.2403 0.00017441860465117198
1645253165632 1 11.611063999999999 0 393253 0.2685 0.00017441860465117198
1645253169274 1 11.855992000000015 0 368813 0.25179999999999997 0.00017441860465117198
1645253173463 1 11.597219999999993 0 372578 0.2544 0.00017441860465117198
1645253177647 1 11.588557000000009 0 374507 0.2557 0.00017441860465117198
1645253181322 1 11.827045999999996 0 372824 0.25470000000000004 0.00017441860465117198
1645253185670 1 11.567284 0 326437 0.22360000000000002 0.00017441860465117198
1645253189393 1 11.812432999999999 0 383127 0.2609 0.00017441860465117198
1645253193240 1 11.804509999999993 0 400632 0.27240000000000003 0.00017441860465117198
1645253197705 1 11.539750999999995 0 342596 0.23410000000000003 0.00017441860465117198
1645253201601 1 11.52460400000001 0 407655 0.27749999999999997 0.00017441860465117198
1645253205523 1 11.67488800000001 0 337450 0.2306 0.00017441860465117198
1645253209411 1 11.666956999999996 0 404220 0.2765 0.00017441860465117198
1645253213454 0 11.660404999999997 0 128759 0.0884 0.00017441860465117198
1645253217423 0 11.655129000000017 0 199367 0.1351 0.00006976744186043549
1645253221572 0 11.645725999999996 0 220759 0.1506 0.00006976744186043549
1645253225310 0 11.823138 0 149511 0.1018 0.00006976744186043549
1645253229245 0 11.814422000000008 0 118879 0.0805 0.00006976744186043549
1645253233468 0 11.724051000000003 0 85418 0.0578 0.00006976744186043549
1645253237102 0 11.982292999999999 0 68807 0.0469 0.00006976744186043549
1645253241143 0 11.977025999999995 0 132565 0.0905 0.00006976744186043549
1645253245068 0 11.966892000000001 0 117262 0.0801 0.00006976744186043549
1645253249489 0 11.708762000000007 0 116418 0.0789 0.00006976744186043549
1645253253158 0 11.955984 0 223024 0.1518 0.00006976744186043549
1645253257246 0 11.94796199999999 0 214538 0.1463 0.00006976744186043549
1645253261585 0 11.676732000000015 0 178191 0.12179999999999999 0.00006976744186043549
1645253265329 0 11.882258000000007 0 161454 0.11040000000000001 0.00006976744186043549
1645253269414 0 11.624477000000013 0 212225 0.14479999999999998 0.00006976744186043549
1645253273375 0 11.86909399999999 0 195858 0.1323 0.00006976744186043549
1645253277309 0 11.857540999999998 0 119665 0.0811 0.00006976744186043549
1645253281670 0 11.599423000000002 0 108667 0.0737 0.00006976744186043549
1645253285256 0 11.800753999999984 0 64782 0.0435 0.00006976744186043549
1645253289480 0 11.794335999999987 0 87523 0.0596 0.00006976744186043549
1645253293186 0 11.982107999999982 0 155607 0.1058 0.00006976744186043549
1645253297510 0 11.72733199999999 0 100404 0.06860000000000001 0.00006976744186043549
1645253301393 0 11.71669700000001 0 183614 0.1247 0.00006976744186043549
1645253305380 0 11.711176000000023 0 197686 0.1355 0.00006976744186043549
1645253309487 0 11.707993999999985 0 217520 0.1487 0.00006976744186043549
1645253313527 0 11.699252000000001 0 132353 0.09040000000000001 0.00006976744186043549
1645253317513 0 11.69506100000001 0 199853 0.13620000000000002 0.00006976744186043549
1645253321162 0 11.936687000000006 0 225614 0.1527 0.00006976744186043549
1645253325315 0 11.928635999999983 0 150477 0.1031 0.00006976744186043549
1645253329249 0 11.916799000000026 0 117995 0.0799 0.00006976744186043549
1645253333463 0 11.651567999999997 0 86503 0.0581 0.00006976744186043549
1645253337547 0 11.641235999999992 0 67335 0.0458 0.00006976744186043549
1645253341590 0 11.632622000000026 0 132169 0.09040000000000001 0.00006976744186043549
1645253345543 0 11.627110000000016 0 118800 0.08120000000000001 0.00006976744186043549

