1645243886948 1 3.999999 2675 346799 0.25739999999999996 -11.5025
1645243892790 3 4.436051 2254 755039 0.5624 -9.692025581395349
1645243895605 1 5.619301000000001 0 362842 0.27 0.00043023255813956496
1645243902485 3 4.423558 1686 908792 0.6764 -7.249625581395348
1645243905204 1 5.7025559999999995 0 339137 0.2517 0.00043023255813956496
1645243911474 3 4.33483 898 828659 0.616 -3.8612255813953484
1645243914599 1 5.207093999999998 0 406206 0.3006 0.00043023255813956496
1645243920481 3 4.464055999999999 1135 776416 0.5761999999999999 -4.880325581395349
1645243923756 1 5.185443000000003 0 414092 0.3069 0.00043023255813956496
1645243929936 3 4.318963000000004 1313 815426 0.6057 -5.645725581395348
1645243932776 1 5.474938999999999 0 366374 0.2723 0.00043023255813956496
1645243939622 3 4.349025000000005 1720 904952 0.6728 -7.395825581395348
1645243942585 1 5.387209000000006 0 371605 0.27559999999999996 0.00043023255813956496
1645243949474 3 4.301379000000004 1803 910446 0.6765 -7.752725581395348
1645243952354 1 5.4210100000000025 0 374050 0.2767 0.00043023255813956496
1645243959499 3 4.334007 2057 942842 0.7016 -8.84492558139535
1645243962515 1 5.317368000000002 0 377983 0.2801 0.00043023255813956496
1645243968789 3 4.365688000000006 1324 828263 0.6161 -5.693025581395348
1645243971784 1 5.370985000000005 0 388939 0.2882 0.00043023255813956496
1645243978885 3 4.421649000000002 2150 939007 0.6980000000000001 -9.244825581395348
1645243981769 1 5.535109000000006 0 362131 0.2673 0.00043023255813956496
1645243988937 3 4.292214999999999 1924 947658 0.7051000000000001 -8.273025581395348
1645243991472 1 5.756011999999998 0 327400 0.2425 0.00043023255813956496
1645243998861 3 4.447930999999997 2076 977791 0.7266 -8.92662558139535
1645244001432 1 5.871325999999996 0 317452 0.23570000000000002 0.00043023255813956496
1645244008830 3 4.498490000000004 2017 978032 0.7276 -8.672925581395349
1645244011803 1 5.518281999999999 0 384934 0.28559999999999997 0.00043023255813956496
1645244018551 3 4.489289999999997 1717 889600 0.6628999999999999 -7.382925581395348
1645244021644 1 5.394582999999997 0 387965 0.2879 0.00043023255813956496
1645244027765 3 4.4369099999999975 1162 808061 0.6011 -4.996425581395348
1645244030804 1 5.398496000000009 0 394452 0.2914 0.00043023255813956496
1645244037797 3 4.325549000000009 1923 924757 0.6869 -8.26872558139535
1645244040287 1 5.83599000000001 0 307174 0.2277 0.00043023255813956496
1645244047962 3 4.47562099999999 2312 1014212 0.7552 -9.94142558139535
1645244050612 1 5.827530999999993 0 340231 0.2529 0.00043023255813956496
1645244057523 3 4.2633069999999975 1351 910767 0.6776 -5.8091255813953495
1645244060348 1 5.437241999999998 0 353022 0.2615 0.00043023255813956496
1645244067667 3 4.344432000000012 2227 967347 0.7198 -9.57592558139535
1645244070526 1 5.48490000000001 0 368813 0.2745 0.00043023255813956496
1645244077470 3 4.29552000000001 1750 916928 0.6824 -7.5248255813953495
1645244080457 1 5.303451999999993 0 374507 0.2768 0.00043023255813956496
1645244087114 3 4.263301000000013 1614 877888 0.6536 -6.940025581395348
1645244089647 1 5.727964000000014 0 326437 0.2415 0.00043023255813956496
1645244097024 3 4.351979 1995 976062 0.7253000000000001 -8.57832558139535
1645244100206 1 5.1628880000000095 0 400632 0.2973 0.00043023255813956496
1645244106540 3 4.3241529999999955 1491 836268 0.6216999999999999 -6.411125581395348
1645244109680 1 5.179956000000004 0 407655 0.30310000000000004 0.00043023255813956496
1645244115940 3 4.2844049999999925 1360 825839 0.6139 -5.847825581395348
1645244119146 1 5.072451999999998 0 404220 0.2993 0.00043023255813956496
1645244125721 3 4.3735650000000135 1872 867483 0.6455 -8.049425581395349
1645244128732 1 5.357710999999995 0 390086 0.2889 0.00043023255813956496
1645244135707 3 4.465053000000012 2081 921956 0.6856 -8.948125581395349
1645244138608 1 5.5630529999999965 0 365827 0.27 0.00043023255813956496
1645244145861 3 4.276465000000002 1961 958215 0.7131000000000001 -8.432125581395349
1645244148481 1 5.651444999999995 0 337939 0.25 0.00043023255813956496
1645244156080 3 4.465699000000001 2415 1005593 0.7482 -10.384325581395348
1645244159176 1 5.369157000000001 0 390582 0.2894 0.00043023255813956496
1645244165247 3 4.355486000000013 1056 802415 0.5953999999999999 -4.540625581395348
1645244168329 1 5.273279000000002 0 399016 0.2949 0.00043023255813956496
1645244174921 3 4.389769999999999 1707 869418 0.6455 -7.339925581395349
1645244177890 1 5.41726700000001 0 371149 0.2759 0.00043023255813956496
1645244185146 3 4.326521000000014 2165 960141 0.714 -9.309325581395349
1645244188194 1 5.27753100000001 0 394237 0.2935 0.00043023255813956496
1645244195378 3 4.467086999999992 2371 949031 0.7062 -10.195125581395349
1645244198412 1 5.431615999999991 0 381418 0.2821 0.00043023255813956496
1645244205454 3 4.316356999999982 1924 930570 0.6925 -8.273025581395348
1645244208330 1 5.4378639999999905 0 371908 0.2766 0.00043023255813956496

