1645251461958 1 3.999999 1336 346799 0.1213 -5.744800000000001
1645251463337 1 6.638291 0 363755 0.1272 0.00017441860465117198
1645251464701 1 9.275869 0 362842 0.12689999999999999 0.00017441860465117198
1645251466136 1 11.838082 0 384791 0.1338 0.00017441860465117198
1645251470156 3 11.821506999999999 0 804438 0.2818 0.000174418604651283
1645251474163 3 11.815494 0 828659 0.2905 0.00043023255813956496
1645251478550 3 11.556625999999998 0 937332 0.3285 0.00043023255813956496
1645251482366 3 11.797667 0 776416 0.2717 0.00043023255813956496
1645251486055 3 11.920223000000004 0 1025687 0.3589 0.00043023255813956496
1645251490522 3 11.526952000000001 0 815426 0.286 0.00043023255813956496
1645251494222 3 11.772655 0 884625 0.3101 0.00043023255813956496
1645251500330 3 9.651347000000001 0 904952 0.6003000000000001 0.00043023255813956496
1645251502351 1 11.762503000000002 0 371605 0.13269999999999998 0.00043023255813956496
1645251506639 3 11.504635 0 910446 0.3182 0.000174418604651283
1645251510473 3 11.727931000000005 0 922454 0.32320000000000004 0.00043023255813956496
1645251514371 3 11.735523 0 942842 0.3292 0.00043023255813956496
1645251518065 3 11.975144 0 884128 0.3096 0.00043023255813956496
1645251522068 3 11.966396000000003 0 828263 0.2907 0.00043023255813956496
1645251526105 3 11.956918000000002 0 981175 0.3435 0.00043023255813956496
1645251530489 3 11.697929000000002 0 939007 0.3283 0.00043023255813956496
1645251534033 3 11.943162000000001 0 841370 0.2947 0.00043023255813956496
1645251538459 3 11.686024000000003 0 947658 0.3322 0.00043023255813956496
1645251542481 3 11.677744000000004 0 828958 0.29 0.00043023255813956496
1645251546002 3 11.973140999999998 0 977791 0.34249999999999997 0.00043023255813956496
1645251550069 3 11.908684000000008 0 847215 0.29660000000000003 0.00043023255813956496
1645251554103 3 11.90002100000001 0 978032 0.3432 0.00043023255813956496
1645251558470 3 11.641272 0 934237 0.3269 0.00043023255813956496
1645251562186 3 11.885525999999999 0 889600 0.31120000000000003 0.00043023255813956496
1645251566252 3 11.877479000000008 0 988774 0.3464 0.00043023255813956496
1645251570189 3 11.872360999999998 0 808061 0.2832 0.00043023255813956496
1645251574282 3 11.863560000000007 0 995677 0.3486 0.00043023255813956496
1645251578128 3 11.858507000000003 0 924757 0.32389999999999997 0.00043023255813956496
1645251582557 3 11.60200900000001 0 808228 0.2832 0.00043023255813956496
1645251586212 3 11.764043000000001 0 1014212 0.3556 0.00043023255813956496
1645251591592 3 10.38957099999999 0 845218 0.5179 0.00043023255813956496
1645251594653 1 11.563480999999996 0 374730 0.1341 0.00043023255813956496
1645251598446 3 11.553451999999993 0 901777 0.31930000000000003 0.000174418604651283
1645251602439 3 11.539703000000003 0 967347 0.3383 0.00043023255813956496
1645251606321 3 11.781270000000006 0 935273 0.3272 0.00043023255813956496
1645251610645 3 11.45285100000001 0 916928 0.3217 0.00043023255813956496
1645251614044 3 11.93005500000001 0 940743 0.3297 0.00043023255813956496
1645251618222 3 11.754242000000005 0 877888 0.30720000000000003 0.00043023255813956496
1645251623867 3 10.108577999999994 0 839766 0.5542 0.00043023255813956496
1645251626448 1 11.741331000000002 0 383127 0.1383 0.00043023255813956496
1645251630422 3 11.732037999999989 0 958353 0.3368 0.000174418604651283
1645251634449 3 11.71686600000001 0 836268 0.2923 0.00043023255813956496
1645251638443 3 11.70800299999999 0 968967 0.3388 0.00043023255813956496
1645251642435 3 11.70011199999999 0 825839 0.2895 0.00043023255813956496
1645251646460 3 11.684553999999991 0 974212 0.3412 0.00043023255813956496
1645251650100 3 11.928403000000003 0 867483 0.3036 0.00043023255813956496
1645251654162 3 11.916111999999998 0 987232 0.3456 0.00043023255813956496
1645251658487 3 11.659505999999993 0 921956 0.3226 0.00043023255813956496
1645251664429 3 9.545442000000008 0 913803 0.5833999999999999 0.00043023255813956496
1645251666054 1 11.924432999999993 0 392579 0.1416 0.00043023255813956496
1645251670581 3 11.425329000000005 0 832934 0.2918 0.000174418604651283
1645251674216 3 11.758982000000003 0 1005593 0.3513 0.00043023255813956496
1645251678601 3 11.612248999999991 0 935985 0.3275 0.00043023255813956496
1645251682513 3 11.600698999999992 0 802415 0.2811 0.00043023255813956496
1645251686114 3 11.861291999999992 0 999009 0.35019999999999996 0.00043023255813956496
1645251690265 3 11.829703999999992 0 869418 0.3046 0.00043023255813956496
1645251694696 3 11.525822000000005 0 897686 0.31429999999999997 0.00043023255813956496
1645251698159 3 11.815945 0 960141 0.3363 0.00043023255813956496
1645251702462 3 11.736489000000006 0 914618 0.31989999999999996 0.00043023255813956496
1645251706395 3 11.72779700000001 0 949031 0.33199999999999996 0.00043023255813956496
1645251710228 3 11.967951999999997 0 919929 0.32189999999999996 0.00043023255813956496
1645251714095 3 11.961593999999991 0 930570 0.32599999999999996 0.00043023255813956496
1645251718326 3 11.69195400000001 0 894188 0.3131 0.00043023255813956496
1645251722509 3 11.678559000000007 0 835562 0.308 0.00043023255813956496
1645251726063 3 11.911448000000007 0 986170 0.34550000000000003 0.00043023255813956496
1645251730510 3 11.654092999999989 0 955812 0.3345 0.00043023255813956496
1645251734546 3 11.64595300000002 0 837688 0.2933 0.00043023255813956496
1645251738062 3 11.914562999999987 0 972932 0.34140000000000004 0.00043023255813956496
1645251742494 3 11.625819999999976 0 807690 0.2824 0.00043023255813956496
1645251745981 3 11.992998999999998 0 968173 0.3387 0.00043023255813956496
1645251750142 3 11.844792999999981 0 872734 0.3056 0.00043023255813956496
1645251754231 3 11.832837999999981 0 991679 0.34740000000000004 0.00043023255813956496
1645251758588 3 11.575065999999993 0 930061 0.3254 0.00043023255813956496
1645251762288 3 11.819402000000025 0 884740 0.3104 0.00043023255813956496
1645251766280 3 11.80689000000001 0 968599 0.3393 0.00043023255813956496
1645251770361 3 11.796830999999997 0 848189 0.2974 0.00043023255813956496
1645251774430 3 11.785586000000023 0 989262 0.3465 0.00043023255813956496
1645251778290 3 11.778284999999983 0 929927 0.3258 0.00043023255813956496
1645251782363 3 11.768091000000027 0 845977 0.2967 0.00043023255813956496
1645251786006 3 11.970157000000029 0 1009703 0.3539 0.00043023255813956496
1645251790626 3 11.499967000000026 0 861836 0.30169999999999997 0.00043023255813956496

