1645244131640 1 3.999999 2715 346799 0.2586 -11.6745
1645244134024 0 5.623422 0 213385 0.158 0.00017441860465117198
1645244135209 0 8.438484 0 141806 0.1062 0.00006976744186043549
1645244136171 0 11.47776 0 112578 0.08399999999999999 0.00006976744186043549
1645244139865 1 11.884666999999999 0 339137 0.2516 0.000069767441860491
1645244143911 1 11.876712999999999 0 393219 0.2928 0.00017441860465117198
1645244148057 1 11.613644999999998 0 406206 0.30179999999999996 0.00017441860465117198
1645244151948 1 11.853666999999998 0 303135 0.22480000000000003 0.00017441860465117198
1645244156155 1 11.595542000000002 0 414092 0.3088 0.00017441860465117198
1645244160297 1 11.588193000000004 0 337705 0.2515 0.00017441860465117198
1645244164164 1 11.562209000000003 0 366374 0.27280000000000004 0.00017441860465117198
1645244167918 1 11.802800000000005 0 352030 0.2631 0.00017441860465117198
1645244172314 1 11.538923000000004 0 371605 0.2767 0.00017441860465117198
1645244176311 1 11.532763000000003 0 385670 0.2863 0.00017441860465117198
1645244180220 1 11.519824 0 374050 0.279 0.00017441860465117198
1645244184079 1 11.763955000000003 0 367058 0.2734 0.00017441860465117198
1645244188019 1 11.754159000000001 0 377983 0.2802 0.00017441860465117198
1645244192068 1 11.747255000000003 0 326924 0.2424 0.00017441860465117198
1645244196082 1 11.735645000000005 0 388939 0.2894 0.00017441860465117198
1645244200113 1 11.726112999999998 0 392939 0.29159999999999997 0.00017441860465117198
1645244203928 1 11.968764000000007 0 362131 0.2696 0.00017441860465117198
1645244208054 1 11.70953 0 402712 0.3008 0.00017441860465117198
1645244212111 1 11.704475000000002 0 327400 0.24359999999999998 0.00017441860465117198
1645244215750 1 11.943080000000009 0 401133 0.2996 0.00017441860465117198
1645244219736 1 11.928792000000001 0 317452 0.2358 0.00017441860465117198
1645244223770 1 11.919842000000003 0 391753 0.29159999999999997 0.00017441860465117198
1645244227764 1 11.912605999999997 0 384934 0.28700000000000003 0.00017441860465117198
1645244232124 1 11.657054000000002 0 367179 0.2732 0.00017441860465117198
1645244236131 1 11.622422 0 387965 0.2893 0.00017441860465117198
1645244240232 1 11.616414000000006 0 333821 0.24700000000000003 0.00017441860465117198
1645244243793 1 11.859321000000008 0 394452 0.2938 0.00017441860465117198
1645244247956 1 11.854303000000002 0 409513 0.3041 0.00017441860465117198
1645244251861 1 11.847963000000007 0 307174 0.2287 0.00017441860465117198
1645244256109 1 11.561751000000001 0 420407 0.31179999999999997 0.00017441860465117198
1645244260289 1 11.555481000000015 0 340231 0.25270000000000004 0.00017441860465117198
1645244264221 1 11.551695999999993 0 374730 0.27890000000000004 0.00017441860465117198
1645244267984 1 11.789726000000002 0 353022 0.2619 0.00017441860465117198
1645244272042 1 11.782709000000011 0 393253 0.2927 0.00017441860465117198
1645244275904 1 11.771556000000004 0 368813 0.27440000000000003 0.00017441860465117198
1645244279807 1 11.977924999999999 0 372578 0.27799999999999997 0.00017441860465117198
1645244283732 1 11.969157999999993 0 374507 0.2787 0.00017441860465117198
1645244288136 1 11.708089000000001 0 372824 0.27799999999999997 0.00017441860465117198
1645244292188 1 11.69574399999999 0 326437 0.2425 0.00017441860465117198
1645244296158 1 11.682600000000008 0 383127 0.2843 0.00017441860465117198
1645244300243 1 11.532713999999999 0 400632 0.288 0.00017441860465117198
1645244303901 1 11.774745999999993 0 342596 0.25329999999999997 0.00017441860465117198
1645244308042 1 11.76418799999999 0 407655 0.3029 0.00017441860465117198
1645244312165 1 11.505466000000013 0 337450 0.2506 0.00017441860465117198
1645244316305 1 11.499707999999998 0 404220 0.30179999999999996 0.00017441860465117198
1645244319921 0 11.740301000000017 0 128759 0.09559999999999999 0.00017441860465117198
1645244324006 0 11.73016100000001 0 199367 0.1467 0.00006976744186043549
1645244327770 0 11.943810000000013 0 220759 0.16399999999999998 0.00006976744186043549
1645244332041 0 11.674613999999991 0 149511 0.1119 0.00006976744186043549
1645244336040 0 11.667570000000012 0 118879 0.0877 0.00006976744186043549
1645244339804 0 11.906863000000016 0 85418 0.0634 0.00006976744186043549
1645244343944 0 11.902535 0 68807 0.05 0.00006976744186043549
1645244348063 0 11.638342999999992 0 132565 0.0986 0.00006976744186043549
1645244352057 0 11.632134000000008 0 117262 0.0876 0.00006976744186043549
1645244356046 0 11.621242999999993 0 116418 0.0865 0.00006976744186043549
1645244359852 0 11.859684000000016 0 223024 0.1662 0.00006976744186043549
1645244364088 0 11.604444 0 214538 0.1595 0.00006976744186043549
1645244368038 0 11.849112999999988 0 178191 0.13340000000000002 0.00006976744186043549
1645244371855 0 11.827528999999998 0 161454 0.11979999999999999 0.00006976744186043549
1645244376068 0 11.821626000000009 0 212225 0.1578 0.00006976744186043549
1645244380157 0 11.538332999999994 0 195858 0.1456 0.00006976744186043549
1645244384162 0 11.53240199999999 0 119665 0.0876 0.00006976744186043549
1645244388105 0 11.772825000000012 0 108667 0.08080000000000001 0.00006976744186043549
1645244391707 0 11.99888900000002 0 64782 0.048 0.00006976744186043549
1645244395977 0 11.74245400000001 0 87523 0.065 0.00006976744186043549
1645244399755 0 11.986094999999978 0 155607 0.1149 0.00006976744186043549
1645244404139 0 11.728923000000009 0 100404 0.0736 0.00006976744186043549
1645244408125 0 11.70246000000003 0 183614 0.1355 0.00006976744186043549
1645244411728 0 11.94423999999998 0 197686 0.147 0.00006976744186043549
1645244415971 0 11.687530999999979 0 217520 0.16140000000000002 0.00006976744186043549
1645244420061 0 11.681252000000029 0 132353 0.0977 0.00006976744186043549
1645244424174 0 11.675914999999975 0 199853 0.1489 0.00006976744186043549
1645244427965 0 11.917898999999977 0 225614 0.1673 0.00006976744186043549
1645244432199 0 11.654779000000019 0 150477 0.11140000000000001 0.00006976744186043549
1645244436197 0 11.646273000000008 0 117995 0.0877 0.00006976744186043549
1645244439955 0 11.891415999999992 0 86503 0.0637 0.00006976744186043549
1645244444129 0 11.59216200000003 0 67335 0.0489 0.00006976744186043549
1645244448271 0 11.585426999999981 0 132169 0.098 0.00006976744186043549
1645244452291 0 11.575789999999984 0 118800 0.0889 0.00006976744186043549

