1645255158069 1 3.999999 1662 346799 0.154 -7.146599999999999
1645255159971 0 6.112294 0 213385 0.0948 0.00017441860465117198
1645255161720 1 8.362735 0 362842 0.1615 0.000069767441860491
1645255163558 1 10.526916 0 384791 0.1704 0.00017441860465117198
1645255166206 1 11.973477999999998 0 339137 0.1512 0.00017441860465117198
1645255170572 1 11.715046999999998 0 393219 0.17470000000000002 0.00017441860465117198
1645255174492 1 11.680841999999998 0 406206 0.1802 0.00017441860465117198
1645255178482 1 11.618120999999999 0 303135 0.1346 0.00017441860465117198
1645255182463 1 11.848677000000002 0 414092 0.1849 0.00017441860465117198
1645255186600 1 11.536859000000003 0 337705 0.14950000000000002 0.00017441860465117198
1645255190350 1 11.775692 0 366374 0.1631 0.00017441860465117198
1645255194584 1 11.743276999999999 0 352030 0.15789999999999998 0.00017441860465117198
1645255198390 1 11.923967000000005 0 371605 0.16499999999999998 0.00017441860465117198
1645255202245 1 11.900150000000004 0 385670 0.1719 0.00017441860465117198
1645255206577 1 11.634968 0 374050 0.1659 0.00017441860465117198
1645255210341 1 11.866145000000003 0 367058 0.1626 0.00017441860465117198
1645255214665 1 11.584498000000004 0 377983 0.1689 0.00017441860465117198
1645255218761 1 11.561909 0 326924 0.1443 0.00017441860465117198
1645255222653 1 11.513406000000003 0 388939 0.1739 0.00017441860465117198
1645255226528 1 11.741084 0 392939 0.17509999999999998 0.00017441860465117198
1645255230274 1 11.968955000000008 0 362131 0.161 0.00017441860465117198
1645255234212 1 11.933296999999996 0 402712 0.1796 0.00017441860465117198
1645255238318 1 11.912907000000004 0 327400 0.14650000000000002 0.00017441860465117198
1645255242230 1 11.893507999999997 0 401133 0.1786 0.00017441860465117198
1645255246289 1 11.868946000000008 0 317452 0.1407 0.00017441860465117198
1645255250650 1 11.603769999999997 0 391753 0.174 0.00017441860465117198
1645255254494 1 11.594605999999999 0 384934 0.1714 0.00017441860465117198
1645255258738 1 11.572057999999998 0 367179 0.16299999999999998 0.00017441860465117198
1645255262600 1 11.545277999999996 0 387965 0.174 0.00017441860465117198
1645255266720 1 11.527967000000004 0 333821 0.149 0.00017441860465117198
1645255270610 1 11.518003000000007 0 394452 0.1754 0.00017441860465117198
1645255274565 1 11.749655000000004 0 409513 0.18209999999999998 0.00017441860465117198
1645255278555 1 11.736277000000001 0 307174 0.137 0.00017441860465117198
1645255282553 1 11.723291000000003 0 420407 0.1875 0.00017441860465117198
1645255286195 1 11.967182000000008 0 340231 0.152 0.00017441860465117198
1645255290501 1 11.690017000000012 0 374730 0.1669 0.00017441860465117198
1645255294184 1 11.926673999999991 0 353022 0.15660000000000002 0.00017441860465117198
1645255298563 1 11.663362000000006 0 393253 0.17450000000000002 0.00017441860465117198
1645255302339 1 11.906610999999998 0 368813 0.16399999999999998 0.00017441860465117198
1645255306635 1 11.645240999999999 0 372578 0.1659 0.00017441860465117198
1645255310429 1 11.88259099999999 0 374507 0.1669 0.00017441860465117198
1645255314716 1 11.603656999999998 0 372824 0.1662 0.00017441860465117198
1645255318286 1 11.830514999999991 0 326437 0.14479999999999998 0.00017441860465117198
1645255322599 1 11.58778000000001 0 383127 0.1699 0.00017441860465117198
1645255326500 1 11.828285999999991 0 400632 0.1778 0.00017441860465117198
1645255330646 1 11.547739000000007 0 342596 0.1516 0.00017441860465117198
1645255334632 1 11.536763000000008 0 407655 0.176 0.00017441860465117198
1645255338756 1 11.527715 0 337450 0.15 0.00017441860465117198
1645255342261 1 11.965288000000015 0 404220 0.18 0.00017441860465117198
1645255346479 0 11.709706000000011 0 128759 0.0573 0.00017441860465117198
1645255350475 0 11.701036000000016 0 199367 0.0879 0.00006976744186043549
1645255354583 0 11.691903999999994 0 220759 0.098 0.00006976744186043549
1645255358367 0 11.935257000000007 0 149511 0.0666 0.00006976744186043549
1645255362554 0 11.678739000000007 0 118879 0.0553 0.00006976744186043549
1645255366583 0 11.667080999999996 0 85418 0.0405 0.00006976744186043549
1645255370547 0 11.659535000000005 0 68807 0.0324 0.00006976744186043549
1645255374283 0 11.90265199999999 0 132565 0.0606 0.00006976744186043549
1645255378453 0 11.644549000000012 0 117262 0.0548 0.00006976744186043549
1645255382621 0 11.634836000000007 0 116418 0.054000000000000006 0.00006976744186043549
1645255386252 0 11.87779900000001 0 223024 0.10129999999999999 0.00006976744186043549
1645255390356 0 11.861272000000014 0 214538 0.0979 0.00006976744186043549
1645255394296 0 11.852168000000006 0 178191 0.08159999999999999 0.00006976744186043549
1645255398653 0 11.598432000000003 0 161454 0.074 0.00006976744186043549
1645255402726 0 11.590534999999988 0 212225 0.096 0.00006976744186043549
1645255406736 0 11.577608999999995 0 195858 0.0892 0.00006976744186043549
1645255410421 0 11.816438000000005 0 119665 0.0551 0.00006976744186043549
1645255414547 0 11.559361000000024 0 108667 0.0507 0.00006976744186043549
1645255418475 0 11.800001000000009 0 64782 0.0306 0.00006976744186043549
1645255422519 0 11.779769999999985 0 87523 0.0412 0.00006976744186043549
1645255426356 0 11.764359000000013 0 155607 0.07189999999999999 0.00006976744186043549
1645255430454 0 11.757851000000016 0 100404 0.0466 0.00006976744186043549
1645255434418 0 11.74965800000001 0 183614 0.0837 0.00006976744186043549
1645255438437 0 11.737585000000024 0 197686 0.09 0.00006976744186043549
1645255442540 0 11.727930000000015 0 217520 0.0988 0.00006976744186043549
1645255446269 0 11.971206999999993 0 132353 0.0606 0.00006976744186043549
1645255450312 0 11.96544399999999 0 199853 0.09140000000000001 0.00006976744186043549
1645255454466 0 11.707358 0 225614 0.10269999999999999 0.00006976744186043549
1645255458284 0 11.947938000000022 0 150477 0.0692 0.00006976744186043549
1645255462454 0 11.688946999999985 0 117995 0.05450000000000001 0.00006976744186043549
1645255466467 0 11.678428999999994 0 86503 0.0397 0.00006976744186043549
1645255470396 0 11.921808999999996 0 67335 0.0319 0.00006976744186043549
1645255474630 0 11.652341999999976 0 132169 0.0608 0.00006976744186043549
1645255478306 0 11.892066999999997 0 118800 0.05450000000000001 0.00006976744186043549
1645255482480 0 11.633282000000008 0 116618 0.054200000000000005 0.00006976744186043549

