1645229437727 1 3.999999 4853 346799 0.47240000000000004 -20.8679
1645229440871 0 4.861184 0 213385 0.29209999999999997 0.00017441860465117198
1645229442919 0 6.813578000000001 0 141806 0.1938 0.00006976744186043549
1645229444552 0 9.178874 0 112578 0.1526 0.00006976744186043549
1645229445750 0 11.981271999999999 0 80671 0.10880000000000001 0.00006976744186043549
1645229450304 0 11.563502999999999 0 68729 0.0937 0.00006976744186043549
1645229454298 0 11.555653 0 137895 0.1874 0.00006976744186043549
1645229457978 0 11.797307999999997 0 114138 0.1571 0.00006976744186043549
1645229462317 0 11.538332000000004 0 126013 0.1722 0.00006976744186043549
1645229466375 0 11.532889 0 217236 0.2968 0.00006976744186043549
1645229469997 0 11.770372000000002 0 219398 0.3007 0.00006976744186043549
1645229474023 0 11.757141000000004 0 177648 0.2419 0.00006976744186043549
1645229478425 0 11.499322 0 166856 0.22890000000000002 0.00006976744186043549
1645229482071 0 11.738469000000002 0 223685 0.3052 0.00006976744186043549
1645229485999 0 11.980431000000003 0 206455 0.2811 0.00006976744186043549
1645229489785 0 11.962153 0 121534 0.1679 0.00006976744186043549
1645229493817 0 11.954920000000001 0 105092 0.1416 0.00006976744186043549
1645229497784 0 11.946519000000002 0 63086 0.0851 0.00006976744186043549
1645229502101 0 11.680554999999998 0 87739 0.11979999999999999 0.00006976744186043549
1645229506313 0 11.664279000000008 0 152905 0.2092 0.00006976744186043549
1645229510295 0 11.650276000000005 0 100587 0.1366 0.00006976744186043549
1645229513923 0 11.891334999999998 0 186001 0.253 0.00006976744186043549
1645229518301 0 11.629851000000002 0 201620 0.2768 0.00006976744186043549
1645229521882 0 11.868772000000007 0 218012 0.2964 0.00006976744186043549
1645229526171 0 11.610053000000008 0 123058 0.1681 0.00006976744186043549
1645229530014 0 11.852931999999996 0 198856 0.2723 0.00006976744186043549
1645229534189 0 11.594445000000007 0 223061 0.3052 0.00006976744186043549
1645229538248 0 11.586973999999998 0 143385 0.1964 0.00006976744186043549
1645229541939 0 11.829898 0 117021 0.1577 0.00006976744186043549
1645229546182 0 11.571885000000009 0 83595 0.1133 0.00006976744186043549
1645229550233 0 11.557645000000008 0 68011 0.0936 0.00006976744186043549
1645229554137 0 11.803770999999998 0 134264 0.181 0.00006976744186043549
1645229558301 0 11.545363000000009 0 113722 0.1545 0.00006976744186043549
1645229562055 0 11.777380000000008 0 122694 0.1658 0.00006976744186043549
1645229566114 0 11.771827000000002 0 215146 0.2944 0.00006976744186043549
1645229570128 0 11.759631000000013 0 213339 0.2902 0.00006976744186043549
1645229574153 0 11.749670000000009 0 176949 0.2419 0.00006976744186043549
1645229577927 0 11.992590000000007 0 158356 0.2158 0.00006976744186043549
1645229582048 0 11.729334999999992 0 219852 0.301 0.00006976744186043549
1645229585836 0 11.972287999999992 0 196864 0.268 0.00006976744186043549
1645229590046 0 11.711702000000002 0 116610 0.1593 0.00006976744186043549
1645229594117 0 11.700873000000001 0 107223 0.146 0.00006976744186043549
1645229598110 0 11.69205199999999 0 64332 0.0872 0.00006976744186043549
1645229601923 0 11.929179000000005 0 88753 0.12 0.00006976744186043549
1645229606111 0 11.670417000000015 0 153489 0.20939999999999998 0.00006976744186043549
1645229610126 0 11.656245000000013 0 101805 0.1395 0.00006976744186043549
1645229614289 0 11.648223000000002 0 186822 0.25470000000000004 0.00006976744186043549
1645229618127 0 11.640773999999993 0 200149 0.27240000000000003 0.00006976744186043549
1645229622179 0 11.634120999999993 0 215305 0.2943 0.00006976744186043549
1645229626062 0 11.878127000000006 0 128759 0.1764 0.00006976744186043549
1645229629881 0 11.870621999999997 0 199367 0.2702 0.00006976744186043549
1645229633998 0 11.862907000000007 0 220759 0.30110000000000003 0.00006976744186043549
1645229638157 0 11.60233199999999 0 149511 0.2049 0.00006976744186043549
1645229641905 0 11.843614000000002 0 118879 0.16299999999999998 0.00006976744186043549
1645229646183 0 11.585021000000012 0 85418 0.11779999999999999 0.00006976744186043549
1645229650209 0 11.577162000000015 0 68807 0.09140000000000001 0.00006976744186043549
1645229654118 0 11.816817000000015 0 132565 0.1809 0.00006976744186043549
1645229658342 0 11.556859000000003 0 117262 0.1612 0.00006976744186043549
1645229662026 0 11.801556000000005 0 116418 0.15660000000000002 0.00006976744186043549
1645229666191 0 11.542085000000014 0 223024 0.305 0.00006976744186043549
1645229670225 0 11.533221999999995 0 214538 0.2919 0.00006976744186043549
1645229674282 0 11.521884 0 178191 0.244 0.00006976744186043549
1645229678094 0 11.764879000000008 0 161454 0.22010000000000002 0.00006976744186043549
1645229682107 0 11.754508000000015 0 212225 0.2898 0.00006976744186043549
1645229685881 0 11.996094999999997 0 195858 0.266 0.00006976744186043549
1645229690126 0 11.735486000000009 0 119665 0.1635 0.00006976744186043549
1645229694223 0 11.72681 0 108667 0.14830000000000002 0.00006976744186043549
1645229698192 0 11.710822000000007 0 64782 0.0869 0.00006976744186043549
1645229701984 0 11.951764000000026 0 87523 0.1196 0.00006976744186043549
1645229706191 0 11.688362999999981 0 155607 0.2112 0.00006976744186043549
1645229710159 0 11.677795000000003 0 100404 0.1371 0.00006976744186043549
1645229714286 0 11.67207000000002 0 183614 0.25070000000000003 0.00006976744186043549
1645229718102 0 11.664576000000011 0 197686 0.2702 0.00006976744186043549
1645229722176 0 11.657907000000023 0 217520 0.2965 0.00006976744186043549
1645229726100 0 11.65054200000003 0 132353 0.1809 0.00006976744186043549
1645229729938 0 11.893142000000012 0 199853 0.2721 0.00006976744186043549
1645229734120 0 11.63639999999998 0 225614 0.3075 0.00006976744186043549
1645229738305 0 11.628779000000009 0 150477 0.2069 0.00006976744186043549
1645229742035 0 11.869218999999987 0 117995 0.16140000000000002 0.00006976744186043549
1645229746304 0 11.611459000000025 0 86503 0.1157 0.00006976744186043549
1645229750336 0 11.599925999999982 0 67335 0.0915 0.00006976744186043549
1645229754240 0 11.595504000000005 0 132169 0.181 0.00006976744186043549
1645229757969 0 11.833641999999998 0 118800 0.1612 0.00006976744186043549
1645229762153 0 11.808621000000016 0 116618 0.15689999999999998 0.00006976744186043549

