1645244956761 1 3.999999 771 346799 0.06470000000000001 -3.3152999999999997
1645244957357 0 7.411981 0 213385 0.040400000000000005 0.00017441860465117198
1645244957725 0 11.044137000000001 0 141806 0.027000000000000003 0.00006976744186043549
1645244961037 0 11.761803 0 112578 0.0212 0.00006976744186043549
1645244965383 0 11.50373 0 80671 0.023899999999999998 0.00006976744186043549
1645244969217 0 11.742901999999999 0 68729 0.0229 0.00006976744186043549
1645244973166 0 11.736767999999998 0 137895 0.0344 0.00006976744186043549
1645244977068 0 11.732285999999998 0 114138 0.030199999999999998 0.00006976744186043549
1645244981007 0 11.975753000000001 0 126013 0.0328 0.00006976744186043549
1645244985109 0 11.718952000000002 0 217236 0.0499 0.00006976744186043549
1645244989223 0 11.708484000000006 0 219398 0.0512 0.00006976744186043549
1645244993244 0 11.700308 0 177648 0.041999999999999996 0.00006976744186043549
1645244997246 0 11.692823000000004 0 166856 0.039900000000000005 0.00006976744186043549
1645245000854 0 11.939224000000003 0 223685 0.0511 0.00006976744186043549
1645245004946 0 11.934671999999999 0 206455 0.0485 0.00006976744186043549
1645245008868 0 11.930947000000003 0 121534 0.0319 0.00006976744186043549
1645245013254 0 11.675227 0 105092 0.0283 0.00006976744186043549
1645245017048 0 11.921273 0 63086 0.0199 0.00006976744186043549
1645245020900 0 11.915850000000006 0 87739 0.025 0.00006976744186043549
1645245024888 0 11.906618000000009 0 152905 0.038 0.00006976744186043549
1645245029263 0 11.650515999999996 0 100587 0.027800000000000002 0.00006976744186043549
1645245033301 0 11.644057000000004 0 186001 0.0433 0.00006976744186043549
1645245036880 0 11.890721999999997 0 201620 0.047599999999999996 0.00006976744186043549
1645245040978 0 11.885953999999998 0 218012 0.05 0.00006976744186043549
1645245044897 0 11.875974 0 123058 0.0319 0.00006976744186043549
1645245048971 0 11.870317999999997 0 198856 0.0469 0.00006976744186043549
1645245053121 0 11.861242000000004 0 223061 0.0509 0.00006976744186043549
1645245057078 0 11.854399999999998 0 143385 0.035699999999999996 0.00006976744186043549
1645245060994 0 11.845044999999999 0 117021 0.0316 0.00006976744186043549
1645245065345 0 11.587669000000005 0 83595 0.024399999999999998 0.00006976744186043549
1645245069158 0 11.828122000000008 0 68011 0.022 0.00006976744186043549
1645245073104 0 11.821200000000005 0 134264 0.033800000000000004 0.00006976744186043549
1645245077011 0 11.814251999999996 0 113722 0.030699999999999998 0.00006976744186043549
1645245081425 0 11.558481 0 122694 0.0318 0.00006976744186043549
1645245085013 0 11.803637000000009 0 215146 0.0492 0.00006976744186043549
1645245089103 0 11.798011000000002 0 213339 0.0487 0.00006976744186043549
1645245093120 0 11.791682000000009 0 176949 0.0419 0.00006976744186043549
1645245097108 0 11.78669099999999 0 158356 0.038400000000000004 0.00006976744186043549
1645245101209 0 11.779597999999993 0 219852 0.0505 0.00006976744186043549
1645245105279 0 11.521276999999998 0 196864 0.0458 0.00006976744186043549
1645245109186 0 11.761956999999995 0 116610 0.0306 0.00006976744186043549
1645245113078 0 11.754717 0 107223 0.0293 0.00006976744186043549
1645245116886 0 11.995986000000016 0 64332 0.020999999999999998 0.00006976744186043549
1645245121245 0 11.741202000000015 0 88753 0.0259 0.00006976744186043549
1645245125228 0 11.735847000000007 0 153489 0.038400000000000004 0.00006976744186043549
1645245129108 0 11.72837100000001 0 101805 0.028100000000000003 0.00006976744186043549
1645245133146 0 11.722716999999989 0 186822 0.0441 0.00006976744186043549
1645245137210 0 11.71459999999999 0 200149 0.0468 0.00006976744186043549
1645245141306 0 11.709551000000005 0 215305 0.0498 0.00006976744186043549
1645245145237 0 11.703314000000006 0 128759 0.0334 0.00006976744186043549
1645245149293 0 11.69569100000001 0 199367 0.0463 0.00006976744186043549
1645245152908 0 11.939885000000004 0 220759 0.0506 0.00006976744186043549
1645245156887 0 11.932378 0 149511 0.0375 0.00006976744186043549
1645245161297 0 11.675894999999997 0 118879 0.0314 0.00006976744186043549
1645245165146 0 11.671427999999992 0 85418 0.0252 0.00006976744186043549
1645245168965 0 11.908267999999993 0 68807 0.0217 0.00006976744186043549
1645245172901 0 11.902106000000003 0 132565 0.0335 0.00006976744186043549
1645245177309 0 11.645370000000014 0 117262 0.0311 0.00006976744186043549
1645245181219 0 11.633662000000015 0 116418 0.0304 0.00006976744186043549
1645245185324 0 11.62858700000001 0 223024 0.0505 0.00006976744186043549
1645245188917 0 11.872478000000001 0 214538 0.0497 0.00006976744186043549
1645245192944 0 11.861520000000013 0 178191 0.042499999999999996 0.00006976744186043549
1645245196956 0 11.851095000000015 0 161454 0.0395 0.00006976744186043549
1645245201042 0 11.844027000000011 0 212225 0.0486 0.00006976744186043549
1645245205095 0 11.837337999999988 0 195858 0.0451 0.00006976744186043549
1645245209011 0 11.825029 0 119665 0.0315 0.00006976744186043549
1645245213405 0 11.569744000000014 0 108667 0.029099999999999997 0.00006976744186043549
1645245217215 0 11.562108000000023 0 64782 0.0208 0.00006976744186043549
1645245221058 0 11.806922999999983 0 87523 0.0249 0.00006976744186043549
1645245225043 0 11.797378999999978 0 155607 0.0383 0.00006976744186043549
1645245229417 0 11.534432999999979 0 100404 0.027000000000000003 0.00006976744186043549
1645245233449 0 11.529815999999983 0 183614 0.0429 0.00006976744186043549
1645245236998 0 11.77494999999999 0 197686 0.0455 0.00006976744186043549
1645245241097 0 11.766659000000004 0 217520 0.0498 0.00006976744186043549
1645245245035 0 11.757716000000016 0 132353 0.0339 0.00006976744186043549
1645245249093 0 11.745449000000008 0 199853 0.046400000000000004 0.00006976744186043549
1645245253207 0 11.736324000000025 0 225614 0.0516 0.00006976744186043549
1645245257178 0 11.729916000000003 0 150477 0.0374 0.00006976744186043549
1645245261090 0 11.720665999999994 0 117995 0.0312 0.00006976744186043549
1645245264940 0 11.965232000000015 0 86503 0.0252 0.00006976744186043549
1645245269251 0 11.708109999999976 0 67335 0.0214 0.00006976744186043549
1645245273187 0 11.701073000000008 0 132169 0.034100000000000005 0.00006976744186043549
1645245277103 0 11.697023000000002 0 118800 0.0316 0.00006976744186043549
1645245281015 0 11.942944000000011 0 116618 0.031 0.00006976744186043549
1645245285122 0 11.681722999999977 0 222296 0.0508 0.00006976744186043549

