1645245761698 1 3.999999 900 346799 0.077 -3.87
1645245762613 1 7.094182 0 363755 0.0811 0.00017441860465117198
1645245763517 1 10.191176 0 362842 0.0805 0.00017441860465117198
1645245765976 1 11.887431000000001 0 384791 0.0856 0.00017441860465117198
1645245769999 3 11.873294 0 804438 0.182 0.000174418604651283
1645245774018 3 11.861782999999999 0 828659 0.1923 0.00043023255813956496
1645245778233 3 11.604294 0 937332 0.21139999999999998 0.00043023255813956496
1645245782086 3 11.842433 0 776416 0.1742 0.00043023255813956496
1645245785967 3 11.837976000000001 0 1025687 0.2286 0.00043023255813956496
1645245789886 3 11.830273000000002 0 815426 0.1816 0.00043023255813956496
1645245793966 3 11.822765000000004 0 884625 0.19690000000000002 0.00043023255813956496
1645245798081 3 11.814527000000005 0 904952 0.20139999999999997 0.00043023255813956496
1645245802308 3 11.556737000000005 0 954418 0.21269999999999997 0.00043023255813956496
1645245805931 3 11.80274 0 910446 0.20270000000000002 0.00043023255813956496
1645245810086 3 11.790434000000005 0 922454 0.2049 0.00043023255813956496
1645245814290 3 11.527496 0 942842 0.2102 0.00043023255813956496
1645245818353 3 11.522371 0 884128 0.1968 0.00043023255813956496
1645245822343 3 11.515618000000003 0 828263 0.185 0.00043023255813956496
1645245826128 3 11.758333000000007 0 981175 0.2184 0.00043023255813956496
1645245830319 3 11.499682000000007 0 939007 0.2089 0.00043023255813956496
1645245833795 3 11.995807 0 841370 0.1875 0.00043023255813956496
1645245837998 3 11.731774000000001 0 947658 0.2109 0.00043023255813956496
1645245841947 3 11.977739999999997 0 828958 0.18409999999999999 0.00043023255813956496
1645245846222 3 11.713572 0 977791 0.2177 0.00043023255813956496
1645245850206 3 11.707637000000005 0 847215 0.1885 0.00043023255813956496
1645245853980 3 11.948043999999996 0 978032 0.2178 0.00043023255813956496
1645245858168 3 11.690509000000006 0 934237 0.2076 0.00043023255813956496
1645245862247 3 11.680912000000006 0 889600 0.19790000000000002 0.00043023255813956496
1645245866049 3 11.674245999999997 0 988774 0.2203 0.00043023255813956496
1645245869945 3 11.916325999999998 0 808061 0.18009999999999998 0.00043023255813956496
1645245874261 3 11.657623000000001 0 995677 0.22160000000000002 0.00043023255813956496
1645245877918 3 11.900458 0 924757 0.20539999999999997 0.00043023255813956496
1645245882315 3 11.628690000000006 0 808228 0.18 0.00043023255813956496
1645245886180 3 11.623417000000003 0 1014212 0.22610000000000002 0.00043023255813956496
1645245890158 3 11.612612000000013 0 845218 0.1878 0.00043023255813956496
1645245894283 3 11.601397999999989 0 910767 0.2029 0.00043023255813956496
1645245897890 3 11.831330000000008 0 901777 0.20059999999999997 0.00043023255813956496
1645245902148 3 11.571369000000004 0 967347 0.2143 0.00043023255813956496
1645245906345 3 11.561564000000004 0 935273 0.2083 0.00043023255813956496
1645245909988 3 11.806398999999999 0 916928 0.20390000000000003 0.00043023255813956496
1645245914178 3 11.543649000000016 0 940743 0.2082 0.00043023255813956496
1645245918230 3 11.534582999999998 0 877888 0.1954 0.00043023255813956496
1645245922200 3 11.530170999999996 0 839766 0.18680000000000002 0.00043023255813956496
1645245925974 3 11.774226999999996 0 976062 0.2173 0.00043023255813956496
1645245930205 3 11.513601999999992 0 958353 0.21309999999999998 0.00043023255813956496
1645245934160 3 11.753432000000004 0 836268 0.1857 0.00043023255813956496
1645245937917 3 11.997523000000001 0 968967 0.2156 0.00043023255813956496
1645245941881 3 11.991573000000017 0 825839 0.1842 0.00043023255813956496
1645245946147 3 11.733968000000004 0 974212 0.2165 0.00043023255813956496
1645245950176 3 11.729275999999999 0 867483 0.193 0.00043023255813956496
1645245953975 3 11.963538 0 987232 0.2193 0.00043023255813956496
1645245958128 3 11.70460700000001 0 921956 0.2049 0.00043023255813956496
1645245961761 3 11.94892200000001 0 913803 0.20329999999999998 0.00043023255813956496
1645245965994 3 11.943080000000009 0 958215 0.21309999999999998 0.00043023255813956496
1645245969944 3 11.928627000000006 0 832934 0.1851 0.00043023255813956496
1645245974281 3 11.666550999999998 0 1005593 0.2237 0.00043023255813956496
1645245977967 3 11.911246000000006 0 935985 0.2085 0.00043023255813956496
1645245981857 3 11.898989999999998 0 802415 0.17880000000000001 0.00043023255813956496
1645245986190 3 11.643294999999995 0 999009 0.2226 0.00043023255813956496
1645245990222 3 11.632511999999991 0 869418 0.1934 0.00043023255813956496
1645245994323 3 11.619196000000017 0 897686 0.1998 0.00043023255813956496
1645245998056 3 11.864353999999992 0 960141 0.2136 0.00043023255813956496
1645246002187 3 11.607298000000014 0 914618 0.20329999999999998 0.00043023255813956496
1645246005902 3 11.847032000000013 0 949031 0.2112 0.00043023255813956496
1645246010051 3 11.840397999999993 0 919929 0.205 0.00043023255813956496
1645246014242 3 11.582330000000013 0 930570 0.2071 0.00043023255813956496
1645246017908 3 11.82915300000002 0 894188 0.1986 0.00043023255813956496
1645246022393 3 11.557701000000009 0 835562 0.1859 0.00043023255813956496
1645246026205 3 11.548418000000026 0 986170 0.21949999999999997 0.00043023255813956496
1645246029941 3 11.79127699999998 0 955812 0.21200000000000002 0.00043023255813956496
1645246033967 3 11.803178000000003 0 837688 0.1871 0.00043023255813956496
1645246038236 3 11.54333600000001 0 972932 0.21509999999999999 0.00043023255813956496
1645246042133 3 11.787679000000026 0 807690 0.1796 0.00043023255813956496
1645246046393 3 11.528562000000022 0 968173 0.2153 0.00043023255813956496
1645246050436 3 11.524006999999983 0 872734 0.194 0.00043023255813956496
1645246054240 3 11.515700999999979 0 991679 0.2203 0.00043023255813956496
1645246058406 3 11.51015799999999 0 930061 0.2069 0.00043023255813956496
1645246062476 3 11.505776000000026 0 884740 0.1968 0.00043023255813956496
1645246066240 3 11.74494900000002 0 968599 0.21610000000000001 0.00043023255813956496
1645246070230 3 11.741052000000025 0 848189 0.1885 0.00043023255813956496
1645246074037 3 11.72987599999999 0 989262 0.2206 0.00043023255813956496
1645246078205 3 11.724736000000007 0 929927 0.20670000000000002 0.00043023255813956496
1645246082187 3 11.715959999999995 0 845977 0.1885 0.00043023255813956496
1645246086035 3 11.959144999999978 0 1009703 0.22480000000000003 0.00043023255813956496
1645246090054 3 11.69509800000003 0 861836 0.1917 0.00043023255813956496

