1645229792515 1 3.999999 1845 346799 0.17270000000000002 -7.9335
1645229794429 1 6.082288999999999 0 363755 0.1809 0.00017441860465117198
1645229796334 1 8.181736 0 362842 0.1804 0.00017441860465117198
1645229798352 1 10.160124 0 384791 0.1917 0.00017441860465117198
1645229801141 1 11.565504999999998 0 339137 0.1689 0.00017441860465117198
1645229805196 1 11.56191 0 393219 0.1953 0.00017441860465117198
1645229808819 1 11.804936999999999 0 406206 0.202 0.00017441860465117198
1645229812920 1 11.794249999999998 0 303135 0.15009999999999998 0.00017441860465117198
1645229817081 1 11.537447000000004 0 414092 0.2065 0.00017441860465117198
1645229820851 1 11.780375000000003 0 337705 0.1674 0.00017441860465117198
1645229824770 1 11.773498000000004 0 366374 0.1823 0.00017441860465117198
1645229829117 1 11.512575000000005 0 352030 0.175 0.00017441860465117198
1645229833063 1 11.507938000000003 0 371605 0.1847 0.00017441860465117198
1645229837080 1 11.497945000000001 0 385670 0.1917 0.00017441860465117198
1645229840536 1 11.992053000000006 0 374050 0.1863 0.00017441860465117198
1645229844955 1 11.736931000000006 0 367058 0.1825 0.00017441860465117198
1645229848933 1 11.727992 0 377983 0.1877 0.00017441860465117198
1645229852655 1 11.968079000000003 0 326924 0.1622 0.00017441860465117198
1645229856681 1 11.959367999999998 0 388939 0.193 0.00017441860465117198
1645229860735 1 11.954191000000009 0 392939 0.1953 0.00017441860465117198
1645229864634 1 11.946476000000004 0 362131 0.1802 0.00017441860465117198
1645229868734 1 11.939667999999998 0 402712 0.20059999999999997 0.00017441860465117198
1645229872973 1 11.682038000000006 0 327400 0.1631 0.00017441860465117198
1645229877070 1 11.674937999999997 0 401133 0.19990000000000002 0.00017441860465117198
1645229880739 1 11.918926999999996 0 317452 0.15760000000000002 0.00017441860465117198
1645229884788 1 11.909245999999996 0 391753 0.1944 0.00017441860465117198
1645229888805 1 11.900930000000002 0 384934 0.1915 0.00017441860465117198
1645229892729 1 11.895876000000001 0 367179 0.1825 0.00017441860465117198
1645229896764 1 11.885489000000007 0 387965 0.1934 0.00017441860465117198
1645229901020 1 11.629627999999997 0 333821 0.16599999999999998 0.00017441860465117198
1645229905078 1 11.625369000000006 0 394452 0.1961 0.00017441860465117198
1645229908715 1 11.869444000000001 0 409513 0.2032 0.00017441860465117198
1645229912844 1 11.864188999999996 0 307174 0.1526 0.00017441860465117198
1645229917025 1 11.608978000000008 0 420407 0.20859999999999998 0.00017441860465117198
1645229920817 1 11.85096999999999 0 340231 0.16999999999999998 0.00017441860465117198
1645229924777 1 11.844476000000014 0 374730 0.1862 0.00017441860465117198
1645229929125 1 11.584435000000013 0 353022 0.1752 0.00017441860465117198
1645229933178 1 11.578012000000001 0 393253 0.1953 0.00017441860465117198
1645229937104 1 11.568656000000004 0 368813 0.1833 0.00017441860465117198
1645229941046 1 11.561971999999997 0 372578 0.18480000000000002 0.00017441860465117198
1645229945004 1 11.553993999999989 0 374507 0.1862 0.00017441860465117198
1645229948958 1 11.79857899999999 0 372824 0.1854 0.00017441860465117198
1645229953185 1 11.540838000000008 0 326437 0.162 0.00017441860465117198
1645229957185 1 11.531440000000003 0 383127 0.19 0.00017441860465117198
1645229960770 1 11.774858999999992 0 400632 0.19890000000000002 0.00017441860465117198
1645229965070 1 11.517652999999996 0 342596 0.17070000000000002 0.00017441860465117198
1645229969199 1 11.511558000000008 0 407655 0.2024 0.00017441860465117198
1645229972971 1 11.756920000000008 0 337450 0.1673 0.00017441860465117198
1645229976578 1 11.999234999999999 0 404220 0.20129999999999998 0.00017441860465117198
1645229980834 1 11.740387999999996 0 331794 0.1653 0.00017441860465117198
1645229984880 1 11.733612999999991 0 390086 0.19390000000000002 0.00017441860465117198
1645229988899 1 11.727370000000008 0 387516 0.1921 0.00017441860465117198
1645229992813 1 11.71915100000001 0 365827 0.1817 0.00017441860465117198
1645229996863 1 11.714382 0 392579 0.19490000000000002 0.00017441860465117198
1645230000637 1 11.936357000000015 0 337939 0.1673 0.00017441860465117198
1645230004770 1 11.949837000000002 0 406896 0.2021 0.00017441860465117198
1645230008807 1 11.944717999999995 0 390582 0.1936 0.00017441860465117198
1645230013032 1 11.687970000000007 0 328479 0.16299999999999998 0.00017441860465117198
1645230016611 1 11.931000000000012 0 399016 0.1983 0.00017441860465117198
1645230021062 1 11.676012000000014 0 370990 0.18460000000000001 0.00017441860465117198
1645230025009 1 11.668214000000006 0 371149 0.1849 0.00017441860465117198
1645230028963 1 11.662120000000016 0 372261 0.1855 0.00017441860465117198
1645230033031 1 11.651389999999992 0 394237 0.19619999999999999 0.00017441860465117198
1645230036962 1 11.646724000000006 0 368311 0.1833 0.00017441860465117198
1645230040962 1 11.635674999999992 0 381418 0.1901 0.00017441860465117198
1645230044899 1 11.62725900000001 0 368451 0.1832 0.00017441860465117198
1645230048858 1 11.867909999999995 0 371908 0.1857 0.00017441860465117198
1645230053092 1 11.610361000000012 0 328352 0.1629 0.00017441860465117198
1645230057079 1 11.596542999999997 0 379027 0.1886 0.00017441860465117198
1645230060709 1 11.81635 0 407465 0.2028 0.00017441860465117198
1645230064962 1 11.582656999999983 0 333046 0.1651 0.00017441860465117198
1645230069132 1 11.57442100000003 0 416856 0.2072 0.00017441860465117198
1645230072903 1 11.820029999999974 0 335171 0.1668 0.00017441860465117198
1645230077007 1 11.56430899999998 0 401613 0.1998 0.00017441860465117198
1645230080789 1 11.806034000000011 0 337330 0.1682 0.00017441860465117198
1645230084843 1 11.79691200000002 0 391244 0.1951 0.00017441860465117198
1645230088875 1 11.789933000000019 0 387864 0.1936 0.00017441860465117198
1645230092791 1 11.782335999999987 0 363813 0.1812 0.00017441860465117198
1645230096837 1 11.773948000000019 0 391839 0.1946 0.00017441860465117198
1645230101105 1 11.512571999999977 0 336898 0.16670000000000001 0.00017441860465117198
1645230105095 1 11.503672999999992 0 381135 0.189 0.00017441860465117198
1645230108649 1 11.998298999999975 0 386654 0.1916 0.00017441860465117198
1645230112987 1 11.733347999999978 0 347396 0.1732 0.00017441860465117198
1645230116545 1 11.978381000000013 0 392538 0.1954 0.00017441860465117198

