1645256947176 1 3.999999 1704 346799 0.1577 -7.3271999999999995
1645256948340 0 6.851105 0 213385 0.09709999999999999 0.00017441860465117198
1645256949084 0 10.106950000000001 0 141806 0.0649 0.00006976744186043549
1645256951697 0 11.705825 0 112578 0.0512 0.00006976744186043549
1645256955693 0 11.700396999999999 0 80671 0.0396 0.00006976744186043549
1645256959643 0 11.688476999999999 0 68729 0.0335 0.00006976744186043549
1645256963400 0 11.930292999999999 0 137895 0.0655 0.00006976744186043549
1645256967549 0 11.673196999999998 0 114138 0.05450000000000001 0.00006976744186043549
1645256971749 0 11.667431000000004 0 126013 0.0591 0.00006976744186043549
1645256975406 0 11.912503000000001 0 217236 0.10329999999999999 0.00006976744186043549
1645256979534 0 11.906045000000006 0 219398 0.10149999999999999 0.00006976744186043549
1645256983475 0 11.888553000000002 0 177648 0.08349999999999999 0.00006976744186043549
1645256987364 0 11.878527000000005 0 166856 0.0786 0.00006976744186043549
1645256991514 0 11.872797000000006 0 223685 0.1044 0.00006976744186043549
1645256995582 0 11.613045 0 206455 0.0959 0.00006976744186043549
1645256999761 0 11.608704000000003 0 121534 0.05789999999999999 0.00006976744186043549
1645257003363 0 11.854715000000006 0 105092 0.0494 0.00006976744186043549
1645257007782 0 11.595791000000006 0 63086 0.031 0.00006976744186043549
1645257011800 0 11.588617 0 87739 0.0416 0.00006976744186043549
1645257015617 0 11.580852000000007 0 152905 0.0717 0.00006976744186043549
1645257019705 0 11.57456400000001 0 100587 0.047799999999999995 0.00006976744186043549
1645257023691 0 11.566815000000005 0 186001 0.0872 0.00006976744186043549
1645257027743 0 11.544179999999997 0 201620 0.0943 0.00006976744186043549
1645257031868 0 11.538049 0 218012 0.10189999999999999 0.00006976744186043549
1645257035558 0 11.776319 0 123058 0.058899999999999994 0.00006976744186043549
1645257039591 0 11.770618999999996 0 198856 0.093 0.00006976744186043549
1645257043751 0 11.512870000000007 0 223061 0.10429999999999999 0.00006976744186043549
1645257047532 0 11.75626100000001 0 143385 0.0678 0.00006976744186043549
1645257051689 0 11.749374000000003 0 117021 0.05450000000000001 0.00006976744186043549
1645257055698 0 11.737581000000006 0 83595 0.040100000000000004 0.00006976744186043549
1645257059639 0 11.726011 0 68011 0.0335 0.00006976744186043549
1645257063376 0 11.968974000000003 0 134264 0.0627 0.00006976744186043549
1645257067516 0 11.711572000000004 0 113722 0.053700000000000005 0.00006976744186043549
1645257071710 0 11.705421000000001 0 122694 0.0578 0.00006976744186043549
1645257075309 0 11.947100000000006 0 215146 0.0998 0.00006976744186043549
1645257079409 0 11.939667000000014 0 213339 0.0993 0.00006976744186043549
1645257083344 0 11.935496 0 176949 0.0834 0.00006976744186043549
1645257087692 0 11.673818000000011 0 158356 0.0745 0.00006976744186043549
1645257091315 0 11.917371000000003 0 219852 0.1022 0.00006976744186043549
1645257095347 0 11.909849000000008 0 196864 0.0922 0.00006976744186043549
1645257099509 0 11.902318000000008 0 116610 0.054900000000000004 0.00006976744186043549
1645257103631 0 11.644849999999991 0 107223 0.0518 0.00006976744186043549
1645257107553 0 11.884807999999992 0 64332 0.0314 0.00006976744186043549
1645257111583 0 11.619801999999993 0 88753 0.0423 0.00006976744186043549
1645257115415 0 11.862909000000002 0 153489 0.07239999999999999 0.00006976744186043549
1645257119503 0 11.853286999999995 0 101805 0.0484 0.00006976744186043549
1645257123485 0 11.847613999999993 0 186822 0.0872 0.00006976744186043549
1645257127524 0 11.835373000000004 0 200149 0.0935 0.00006976744186043549
1645257131627 0 11.575772 0 215305 0.0991 0.00006976744186043549
1645257135839 0 11.560555999999991 0 128759 0.0608 0.00006976744186043549
1645257139863 0 11.55191099999999 0 199367 0.0922 0.00006976744186043549
1645257143502 0 11.796944999999994 0 220759 0.1031 0.00006976744186043549
1645257147784 0 11.538756000000006 0 149511 0.0683 0.00006976744186043549
1645257151445 0 11.779955000000001 0 118879 0.05600000000000001 0.00006976744186043549
1645257155458 0 11.77426299999999 0 85418 0.0412 0.00006976744186043549
1645257159895 0 11.516300000000001 0 68807 0.0333 0.00006976744186043549
1645257163635 0 11.761493000000002 0 132565 0.0628 0.00006976744186043549
1645257167791 0 11.503180000000015 0 117262 0.055900000000000005 0.00006976744186043549
1645257171450 0 11.742640999999992 0 116418 0.0553 0.00006976744186043549
1645257175595 0 11.734283000000005 0 223024 0.1045 0.00006976744186043549
1645257179701 0 11.726934 0 214538 0.10029999999999999 0.00006976744186043549
1645257183638 0 11.717376999999999 0 178191 0.0833 0.00006976744186043549
1645257187496 0 11.711972000000003 0 161454 0.0757 0.00006976744186043549
1645257191600 0 11.70412300000001 0 212225 0.0991 0.00006976744186043549
1645257195615 0 11.694147000000015 0 195858 0.0916 0.00006976744186043549
1645257199287 0 11.934235999999999 0 119665 0.0566 0.00006976744186043549
1645257203408 0 11.928242000000012 0 108667 0.051500000000000004 0.00006976744186043549
1645257207325 0 11.921357 0 64782 0.0315 0.00006976744186043549
1645257211350 0 11.913450000000012 0 87523 0.0422 0.00006976744186043549
1645257215677 0 11.619936999999993 0 155607 0.0721 0.00006976744186043549
1645257219767 0 11.641556999999978 0 100404 0.0479 0.00006976744186043549
1645257223723 0 11.630341999999985 0 183614 0.0856 0.00006976744186043549
1645257227747 0 11.620787000000007 0 197686 0.0921 0.00006976744186043549
1645257231367 0 11.865648000000022 0 217520 0.10169999999999998 0.00006976744186043549
1645257235571 0 11.856943999999999 0 132353 0.059699999999999996 0.00006976744186043549
1645257239609 0 11.597690999999998 0 199853 0.0936 0.00006976744186043549
1645257243758 0 11.589542999999992 0 225614 0.1046 0.00006976744186043549
1645257247566 0 11.833411000000012 0 150477 0.071 0.00006976744186043549
1645257251731 0 11.573228000000029 0 117995 0.056100000000000004 0.00006976744186043549
1645257255743 0 11.567453 0 86503 0.040799999999999996 0.00006976744186043549
1645257259673 0 11.55493100000001 0 67335 0.0328 0.00006976744186043549
1645257263396 0 11.801169000000016 0 132169 0.0621 0.00006976744186043549
1645257267557 0 11.78884099999999 0 118800 0.05600000000000001 0.00006976744186043549
1645257271713 0 11.534493999999995 0 116618 0.055400000000000005 0.00006976744186043549

