1645237899249 1 3.999999 5775 346799 0.5645 -24.8325
1645237902945 0 4.321606 0 213385 0.3488 0.00017441860465117198
1645237905366 0 5.900686 0 141806 0.23149999999999998 0.00006976744186043549
1645237907282 0 7.985683 0 112578 0.18080000000000002 0.00006976744186043549
1645237908693 0 10.573282999999998 0 80671 0.1301 0.00006976744186043549
1645237911420 0 11.996654999999999 0 68729 0.11180000000000001 0.00006976744186043549
1645237915757 0 11.740824 0 137895 0.22360000000000002 0.00006976744186043549
1645237919720 0 11.731978999999999 0 114138 0.1861 0.00006976744186043549
1645237923375 0 11.977152000000004 0 126013 0.205 0.00006976744186043549
1645237927542 0 11.939203000000003 0 217236 0.357 0.00006976744186043549
1645237931722 0 11.711119000000004 0 219398 0.3565 0.00006976744186043549
1645237935737 0 11.705661 0 177648 0.2899 0.00006976744186043549
1645237939576 0 11.692255000000003 0 166856 0.2723 0.00006976744186043549
1645237943335 0 11.93119 0 223685 0.3648 0.00006976744186043549
1645237947797 0 11.676765000000003 0 206455 0.3355 0.00006976744186043549
1645237951385 0 11.912513000000004 0 121534 0.1972 0.00006976744186043549
1645237955687 0 11.650662000000004 0 105092 0.1704 0.00006976744186043549
1645237959809 0 11.644166000000006 0 63086 0.1012 0.00006976744186043549
1645237963865 0 11.634664999999998 0 87739 0.1439 0.00006976744186043549
1645237967471 0 11.872563999999997 0 152905 0.2503 0.00006976744186043549
1645237971740 0 11.607773000000009 0 100587 0.16499999999999998 0.00006976744186043549
1645237975883 0 11.603184999999996 0 186001 0.3033 0.00006976744186043549
1645237979754 0 11.595182000000008 0 201620 0.3277 0.00006976744186043549
1645237983405 0 11.862310000000008 0 218012 0.35409999999999997 0.00006976744186043549
1645237987510 0 11.833083000000002 0 123058 0.19970000000000002 0.00006976744186043549
1645237991859 0 11.573208000000008 0 198856 0.32480000000000003 0.00006976744186043549
1645237995671 0 11.597069000000005 0 223061 0.3644 0.00006976744186043549
1645237999629 0 11.807528000000005 0 143385 0.2339 0.00006976744186043549
1645238003617 0 11.801641000000004 0 117021 0.1889 0.00006976744186043549
1645238007552 0 11.796087999999997 0 83595 0.1329 0.00006976744186043549
1645238011786 0 11.538526000000005 0 68011 0.1117 0.00006976744186043549
1645238015577 0 11.777589000000006 0 134264 0.2182 0.00006976744186043549
1645238019512 0 11.767797000000002 0 113722 0.18380000000000002 0.00006976744186043549
1645238023611 0 11.759233000000009 0 122694 0.19970000000000002 0.00006976744186043549
1645238027705 0 11.748024000000015 0 215146 0.3485 0.00006976744186043549
1645238031277 0 11.989773000000014 0 213339 0.346 0.00006976744186043549
1645238035763 0 11.726366000000013 0 176949 0.2875 0.00006976744186043549
1645238039465 0 11.965149999999994 0 158356 0.25830000000000003 0.00006976744186043549
1645238043681 0 11.587537999999995 0 219852 0.359 0.00006976744186043549
1645238047484 0 11.945344000000006 0 196864 0.3194 0.00006976744186043549
1645238051489 0 11.937872999999996 0 116610 0.189 0.00006976744186043549
1645238055352 0 11.920076999999992 0 107223 0.1757 0.00006976744186043549
1645238059499 0 11.906999000000013 0 64332 0.10389999999999999 0.00006976744186043549
1645238063549 0 11.891669000000007 0 88753 0.1436 0.00006976744186043549
1645238067670 0 11.63126600000001 0 153489 0.2501 0.00006976744186043549
1645238071434 0 11.868022999999994 0 101805 0.1651 0.00006976744186043549
1645238075597 0 11.86170100000001 0 186822 0.30619999999999997 0.00006976744186043549
1645238079462 0 11.849846000000014 0 200149 0.32480000000000003 0.00006976744186043549
1645238083563 0 11.842284000000006 0 215305 0.3487 0.00006976744186043549
1645238087779 0 11.584798000000006 0 128759 0.2105 0.00006976744186043549
1645238091606 0 11.825806999999998 0 199367 0.3221 0.00006976744186043549
1645238095312 0 11.955121999999989 0 220759 0.3592 0.00006976744186043549
1645238099868 0 11.551571999999993 0 149511 0.2446 0.00006976744186043549
1645238103914 0 11.541809 0 118879 0.1943 0.00006976744186043549
1645238107903 0 11.535864000000004 0 85418 0.1384 0.00006976744186043549
1645238111631 0 11.777389999999997 0 68807 0.1117 0.00006976744186043549
1645238115868 0 11.521093000000008 0 132565 0.21309999999999998 0.00006976744186043549
1645238119888 0 11.512713999999988 0 117262 0.1916 0.00006976744186043549
1645238123882 0 11.502741000000015 0 116418 0.1889 0.00006976744186043549
1645238127635 0 11.632056000000006 0 223024 0.3649 0.00006976744186043549
1645238131757 0 11.726073000000014 0 214538 0.3516 0.00006976744186043549
1645238135771 0 11.72052099999999 0 178191 0.29 0.00006976744186043549
1645238139522 0 11.962615 0 161454 0.2636 0.00006976744186043549
1645238143573 0 11.703641000000005 0 212225 0.3433 0.00006976744186043549
1645238147382 0 11.949209999999994 0 195858 0.3195 0.00006976744186043549
1645238151440 0 11.939057999999989 0 119665 0.19419999999999998 0.00006976744186043549
1645238155799 0 11.681714999999997 0 108667 0.1755 0.00006976744186043549
1645238159450 0 11.922330999999986 0 64782 0.1038 0.00006976744186043549
1645238163468 0 11.88935200000003 0 87523 0.1411 0.00006976744186043549
1645238167605 0 11.899205999999992 0 155607 0.2528 0.00006976744186043549
1645238171829 0 11.636352999999986 0 100404 0.1623 0.00006976744186043549
1645238175417 0 11.876182000000028 0 183614 0.2982 0.00006976744186043549
1645238179752 0 11.61367899999999 0 197686 0.322 0.00006976744186043549
1645238183412 0 11.854127000000005 0 217520 0.3539 0.00006976744186043549
1645238187649 0 11.846054999999978 0 132353 0.213 0.00006976744186043549
1645238191497 0 11.838010999999995 0 199853 0.32480000000000003 0.00006976744186043549
1645238195759 0 11.574013999999977 0 225614 0.36469999999999997 0.00006976744186043549
1645238199822 0 11.568218000000002 0 150477 0.2448 0.00006976744186043549
1645238203836 0 11.561307 0 117995 0.1917 0.00006976744186043549
1645238207832 0 11.553489000000013 0 86503 0.1389 0.00006976744186043549
1645238211528 0 11.793834000000004 0 67335 0.1092 0.00006976744186043549
1645238215765 0 11.53407900000002 0 132169 0.21280000000000002 0.00006976744186043549
1645238219814 0 11.527676999999983 0 118800 0.1945 0.00006976744186043549

