1645245189722 1 3.999999 780 346799 0.065 -3.354
1645245191585 1 6.177643 0 363755 0.07780000000000001 0.00017441860465117198
1645245192405 1 9.351062 0 362842 0.06820000000000001 0.00017441860465117198
1645245194354 3 11.401069 0 908792 0.1716 0.000174418604651283
1645245198005 3 11.768875 0 804438 0.152 0.00043023255813956496
1645245202285 3 11.512640999999999 0 828659 0.1656 0.00043023255813956496
1645245205776 3 11.997750999999997 0 937332 0.1867 0.00043023255813956496
1645245209873 3 11.990071 0 776416 0.1463 0.00043023255813956496
1645245213928 3 11.983597000000003 0 1025687 0.19390000000000002 0.00043023255813956496
1645245218088 3 11.724846000000003 0 815426 0.1541 0.00043023255813956496
1645245221888 3 11.969677000000004 0 884625 0.1675 0.00043023255813956496
1645245226225 3 11.712965000000004 0 904952 0.1709 0.00043023255813956496
1645245230195 3 11.687677 0 954418 0.1806 0.00043023255813956496
1645245234057 3 11.929231000000001 0 910446 0.17170000000000002 0.00043023255813956496
1645245237938 3 11.899742000000003 0 922454 0.17450000000000002 0.00043023255813956496
1645245242345 3 11.641686 0 942842 0.1782 0.00043023255813956496
1645245246136 3 11.628769000000005 0 884128 0.1668 0.00043023255813956496
1645245250356 3 11.620904000000003 0 828263 0.15689999999999998 0.00043023255813956496
1645245254321 3 11.616060000000004 0 981175 0.185 0.00043023255813956496
1645245258240 3 11.607298 0 939007 0.1769 0.00043023255813956496
1645245261944 3 11.852482000000009 0 841370 0.1585 0.00043023255813956496
1645245266363 3 11.594614000000007 0 947658 0.1789 0.00043023255813956496
1645245270070 3 11.822148999999996 0 828958 0.1565 0.00043023255813956496
1645245274045 3 11.815458000000007 0 977791 0.1849 0.00043023255813956496
1645245278328 3 11.522996000000006 0 847215 0.15860000000000002 0.00043023255813956496
1645245282295 3 11.51624600000001 0 978032 0.1851 0.00043023255813956496
1645245286192 3 11.754693000000003 0 934237 0.1768 0.00043023255813956496
1645245290500 3 11.499414000000002 0 889600 0.1682 0.00043023255813956496
1645245293989 3 11.973940999999996 0 988774 0.187 0.00043023255813956496
1645245298130 3 11.718758000000008 0 808061 0.1527 0.00043023255813956496
1645245302127 3 11.710953000000003 0 995677 0.188 0.00043023255813956496
1645245305996 3 11.954965999999999 0 924757 0.17470000000000002 0.00043023255813956496
1645245310135 3 11.695018000000005 0 808228 0.1525 0.00043023255813956496
1645245314170 3 11.685018999999997 0 1014212 0.1915 0.00043023255813956496
1645245317901 3 11.920875999999993 0 845218 0.1597 0.00043023255813956496
1645245321917 3 11.91567599999999 0 910767 0.172 0.00043023255813956496
1645245326296 3 11.65844899999999 0 901777 0.1701 0.00043023255813956496
1645245330250 3 11.644150999999994 0 967347 0.1824 0.00043023255813956496
1645245334143 3 11.636635000000012 0 935273 0.1769 0.00043023255813956496
1645245338009 3 11.882015999999993 0 916928 0.1733 0.00043023255813956496
1645245342101 3 11.758970000000005 0 940743 0.1777 0.00043023255813956496
1645245346413 3 11.499853000000002 0 877888 0.1659 0.00043023255813956496
1645245350129 3 11.740645999999998 0 839766 0.15889999999999999 0.00043023255813956496
1645245354099 3 11.725741 0 976062 0.18460000000000001 0.00043023255813956496
1645245358032 3 11.969053000000002 0 958353 0.1812 0.00043023255813956496
1645245362245 3 11.684932000000003 0 836268 0.15789999999999998 0.00043023255813956496
1645245366197 3 11.673732999999999 0 968967 0.1832 0.00043023255813956496
1645245369881 3 11.91157100000001 0 825839 0.1567 0.00043023255813956496
1645245374351 3 11.653891000000016 0 974212 0.1843 0.00043023255813956496
1645245378323 0 11.60718 0 128759 0.0243 0.00043023255813956496
1645245382320 0 11.602626000000015 0 199367 0.0373 0.00006976744186043549
1645245385938 0 11.844699999999989 0 220759 0.0495 0.00006976744186043549
1645245389926 0 11.837538999999992 0 149511 0.037 0.00006976744186043549
1645245394355 0 11.57807600000001 0 118879 0.0308 0.00006976744186043549
1645245398234 0 11.566625000000016 0 85418 0.0251 0.00006976744186043549
1645245402083 0 11.806499000000002 0 68807 0.0218 0.00006976744186043549
1645245406043 0 11.800148000000007 0 132565 0.0339 0.00006976744186043549
1645245409980 0 11.79302100000001 0 117262 0.0313 0.00006976744186043549
1645245414416 0 11.53540000000001 0 116418 0.0308 0.00006976744186043549
1645245418064 0 11.774149999999992 0 223024 0.0518 0.00006976744186043549
1645245422188 0 11.768490000000014 0 214538 0.0494 0.00006976744186043549
1645245426239 0 11.764321999999993 0 178191 0.0422 0.00006976744186043549
1645245430255 0 11.739960999999994 0 161454 0.0395 0.00006976744186043549
1645245433871 0 11.966825 0 212225 0.0492 0.00006976744186043549
1645245437956 0 11.962816000000004 0 195858 0.0466 0.00006976744186043549
1645245441882 0 11.95031499999999 0 119665 0.0312 0.00006976744186043549
1645245446306 0 11.694895000000031 0 108667 0.029199999999999997 0.00006976744186043549
1645245450146 0 11.656115999999997 0 64782 0.0208 0.00006976744186043549
1645245454014 0 11.89872200000002 0 87523 0.0253 0.00006976744186043549
1645245458033 0 11.89318400000002 0 155607 0.0382 0.00006976744186043549
1645245461936 0 11.887051999999983 0 100404 0.027800000000000002 0.00006976744186043549
1645245465989 0 11.875312000000008 0 183614 0.0435 0.00006976744186043549
1645245470078 0 11.868017000000009 0 197686 0.0458 0.00006976744186043549
1645245474211 0 11.612593000000004 0 217520 0.0498 0.00006976744186043549
1645245478185 0 11.606923999999992 0 132353 0.034 0.00006976744186043549
1645245482269 0 11.595722000000023 0 199853 0.046400000000000004 0.00006976744186043549
1645245486412 0 11.580188000000021 0 225614 0.0523 0.00006976744186043549
1645245490419 0 11.451403000000028 0 150477 0.0371 0.00006976744186043549
1645245494343 0 11.532875999999987 0 117995 0.0311 0.00006976744186043549
1645245498214 0 11.777046999999982 0 86503 0.0251 0.00006976744186043549
1645245502047 0 11.744280000000003 0 67335 0.0207 0.00006976744186043549
1645245506009 0 11.985132000000021 0 132169 0.033600000000000005 0.00006976744186043549
1645245509967 0 11.930344999999988 0 118800 0.0314 0.00006976744186043549
1645245513905 0 11.923494000000005 0 116618 0.0306 0.00006976744186043549

