1645239065702 1 3.999999 3095 346799 0.2987 -13.3085
1645239068428 0 5.2875239999999994 0 213385 0.184 0.00017441860465117198
1645239069785 0 7.930077000000001 0 141806 0.1222 0.00006976744186043549
1645239070863 0 10.851945 0 112578 0.0958 0.00006976744186043549
1645239074181 0 11.567167 0 80671 0.06949999999999999 0.00006976744186043549
1645239078393 0 11.556071999999999 0 68729 0.058499999999999996 0.00006976744186043549
1645239082206 0 11.532688 0 137895 0.11839999999999999 0.00006976744186043549
1645239085948 1 11.776076 0 303135 0.2612 0.000069767441860491
1645239090146 1 11.766195000000003 0 414092 0.35760000000000003 0.00017441860465117198
1645239094185 1 11.761489000000001 0 337705 0.2905 0.00017441860465117198
1645239097969 1 11.981842 0 366374 0.31579999999999997 0.00017441860465117198
1645239102136 1 11.695348000000003 0 352030 0.3027 0.00017441860465117198
1645239105966 1 11.937645000000003 0 371605 0.32 0.00017441860465117198
1645239109900 1 11.924921000000005 0 385670 0.3316 0.00017441860465117198
1645239114256 1 11.666910000000001 0 374050 0.3225 0.00017441860465117198
1645239118034 1 11.908880000000003 0 367058 0.316 0.00017441860465117198
1645239121929 1 11.896707 0 377983 0.32530000000000003 0.00017441860465117198
1645239125866 1 11.887428 0 326924 0.2812 0.00017441860465117198
1645239130324 1 11.627218999999997 0 388939 0.3346 0.00017441860465117198
1645239133830 1 11.885074000000003 0 392939 0.3386 0.00017441860465117198
1645239138081 1 11.850147000000007 0 362131 0.3134 0.00017441860465117198
1645239142181 1 11.591638000000003 0 402712 0.348 0.00017441860465117198
1645239146120 1 11.836386000000005 0 327400 0.281 0.00017441860465117198
1645239150209 1 11.570720000000009 0 401133 0.3459 0.00017441860465117198
1645239154085 1 11.812832 0 317452 0.2746 0.00017441860465117198
1645239158088 1 11.804682 0 391753 0.33730000000000004 0.00017441860465117198
1645239162034 1 11.791247999999996 0 384934 0.3319 0.00017441860465117198
1645239166323 1 11.534833000000006 0 367179 0.31589999999999996 0.00017441860465117198
1645239169800 1 11.915138999999996 0 387965 0.3348 0.00017441860465117198
1645239174315 1 11.518861000000001 0 333821 0.2879 0.00017441860465117198
1645239177827 1 11.888374999999996 0 394452 0.33999999999999997 0.00017441860465117198
1645239181980 1 11.751495000000006 0 409513 0.35350000000000004 0.00017441860465117198
1645239185731 1 11.988049000000004 0 307174 0.2638 0.00017441860465117198
1645239189981 1 11.934230999999997 0 420407 0.3626 0.00017441860465117198
1645239194025 1 11.707786999999996 0 340231 0.2933 0.00017441860465117198
1645239197877 1 11.951915000000014 0 374730 0.3227 0.00017441860465117198
1645239202042 1 11.691719000000006 0 353022 0.30419999999999997 0.00017441860465117198
1645239206063 1 11.681119999999993 0 393253 0.3383 0.00017441860465117198
1645239209875 1 11.920254999999997 0 368813 0.31720000000000004 0.00017441860465117198
1645239214212 1 11.66502700000001 0 372578 0.3211 0.00017441860465117198
1645239218062 1 11.658114000000012 0 374507 0.32280000000000003 0.00017441860465117198
1645239221893 1 11.900034000000005 0 372824 0.321 0.00017441860465117198
1645239225828 1 11.889624999999995 0 326437 0.2813 0.00017441860465117198
1645239230259 1 11.626727000000017 0 383127 0.3309 0.00017441860465117198
1645239233843 1 11.871708000000012 0 400632 0.34550000000000003 0.00017441860465117198
1645239237927 1 11.856487000000016 0 342596 0.2945 0.00017441860465117198
1645239242060 1 11.848022000000014 0 407655 0.3504 0.00017441860465117198
1645239246092 1 11.840237000000002 0 337450 0.29159999999999997 0.00017441860465117198
1645239250208 1 11.581801000000013 0 404220 0.3492 0.00017441860465117198
1645239253980 0 11.822698000000003 0 128759 0.1119 0.00017441860465117198
1645239258302 0 11.566997000000015 0 199367 0.17070000000000002 0.00006976744186043549
1645239262321 0 11.556209999999993 0 220759 0.18939999999999999 0.00006976744186043549
1645239266223 0 11.54828599999999 0 149511 0.1281 0.00006976744186043549
1645239270377 0 11.537792999999994 0 118879 0.10269999999999999 0.00006976744186043549
1645239274229 0 11.530508999999995 0 85418 0.07339999999999999 0.00006976744186043549
1645239277946 0 11.768977000000007 0 68807 0.058499999999999996 0.00006976744186043549
1645239282203 0 11.75877700000001 0 132565 0.1135 0.00006976744186043549
1645239285824 0 11.981889999999993 0 117262 0.1001 0.00006976744186043549
1645239289934 0 11.97027 0 116418 0.1001 0.00006976744186043549
1645239293973 0 11.962759000000005 0 223024 0.1918 0.00006976744186043549
1645239298015 0 11.874487000000016 0 214538 0.1854 0.00006976744186043549
1645239302181 0 11.618006000000008 0 178191 0.1544 0.00006976744186043549
1645239306193 0 11.609933000000012 0 161454 0.1385 0.00006976744186043549
1645239310135 0 11.598924000000011 0 212225 0.1812 0.00006976744186043549
1645239313935 0 11.845726000000013 0 195858 0.1675 0.00006976744186043549
1645239318108 0 11.83495099999999 0 119665 0.1026 0.00006976744186043549
1645239322214 0 11.531763000000012 0 108667 0.0936 0.00006976744186043549
1645239326395 0 11.527728000000025 0 64782 0.0558 0.00006976744186043549
1645239330297 0 11.516817000000003 0 87523 0.0759 0.00006976744186043549
1645239334263 0 11.511656000000016 0 155607 0.1333 0.00006976744186043549
1645239338255 0 11.503573000000017 0 100404 0.0867 0.00006976744186043549
1645239341965 0 11.996453000000031 0 183614 0.1572 0.00006976744186043549
1645239345790 0 11.955475999999976 0 197686 0.1692 0.00006976744186043549
1645239349815 0 11.94873899999999 0 217520 0.1876 0.00006976744186043549
1645239354099 0 11.693866000000014 0 132353 0.1147 0.00006976744186043549
1645239357962 0 11.938671999999997 0 199853 0.172 0.00006976744186043549
1645239362028 0 11.931962999999996 0 225614 0.1931 0.00006976744186043549
1645239365973 0 11.888401999999985 0 150477 0.1308 0.00006976744186043549
1645239370108 0 11.627248000000009 0 117995 0.1012 0.00006976744186043549
1645239374007 0 11.86571600000002 0 86503 0.07339999999999999 0.00006976744186043549
1645239378222 0 11.606282000000022 0 67335 0.0586 0.00006976744186043549
1645239382007 0 11.849980000000016 0 132169 0.1146 0.00006976744186043549
1645239386160 0 11.592050000000029 0 118800 0.1024 0.00006976744186043549

