1645247083830 1 3.999999 5357 346799 0.5168 -23.0351
1645247087221 0 4.58586 0 213385 0.3169 0.00017441860465117198
1645247089449 0 6.358717 0 141806 0.2112 0.00006976744186043549
1645247091199 0 8.60659 0 112578 0.16570000000000001 0.00006976744186043549
1645247092496 0 11.308914 0 80671 0.11979999999999999 0.00006976744186043549
1645247096127 0 11.797509 0 68729 0.1032 0.00006976744186043549
1645247100283 0 11.537102999999998 0 137895 0.20350000000000001 0.00006976744186043549
1645247104098 0 11.781067999999998 0 114138 0.1705 0.00006976744186043549
1645247108083 0 11.773059000000003 0 126013 0.187 0.00006976744186043549
1645247112434 0 11.513964000000001 0 217236 0.324 0.00006976744186043549
1645247116306 0 11.509328000000004 0 219398 0.3263 0.00006976744186043549
1645247120041 0 11.999192 0 177648 0.26389999999999997 0.00006976744186043549
1645247124124 0 11.740775 0 166856 0.2472 0.00006976744186043549
1645247128061 0 11.985408 0 223685 0.3336 0.00006976744186043549
1645247132240 0 11.728903000000003 0 206455 0.3075 0.00006976744186043549
1645247136163 0 11.717893000000004 0 121534 0.182 0.00006976744186043549
1645247140335 0 11.711637000000003 0 105092 0.15589999999999998 0.00006976744186043549
1645247143886 0 11.953294 0 63086 0.0936 0.00006976744186043549
1645247148275 0 11.698191000000008 0 87739 0.1296 0.00006976744186043549
1645247152151 0 11.693190999999999 0 152905 0.22810000000000002 0.00006976744186043549
1645247156251 0 11.684955000000002 0 100587 0.1487 0.00006976744186043549
1645247160120 0 11.924192000000005 0 186001 0.2758 0.00006976744186043549
1645247164225 0 11.664989000000006 0 201620 0.3001 0.00006976744186043549
1645247168069 0 11.907927 0 218012 0.324 0.00006976744186043549
1645247171999 0 11.888653000000005 0 123058 0.1824 0.00006976744186043549
1645247176086 0 11.877324999999999 0 198856 0.2976 0.00006976744186043549
1645247180029 0 11.869783999999996 0 223061 0.3335 0.00006976744186043549
1645247184284 0 11.60629800000001 0 143385 0.2136 0.00006976744186043549
1645247188123 0 11.850423000000006 0 117021 0.1728 0.00006976744186043549
1645247192468 0 11.588341999999997 0 83595 0.1227 0.00006976744186043549
1645247196087 0 11.823113000000006 0 68011 0.10069999999999998 0.00006976744186043549
1645247200196 0 11.815759 0 134264 0.199 0.00006976744186043549
1645247204499 0 11.553371999999996 0 113722 0.1679 0.00006976744186043549
1645247208402 0 11.542879999999997 0 122694 0.17980000000000002 0.00006976744186043549
1645247212204 0 11.786372 0 215146 0.3191 0.00006976744186043549
1645247216474 0 11.527724000000006 0 213339 0.3168 0.00006976744186043549
1645247220217 0 11.768007000000011 0 176949 0.2638 0.00006976744186043549
1645247224173 0 11.761280999999997 0 158356 0.2352 0.00006976744186043549
1645247228070 0 11.751619000000005 0 219852 0.3288 0.00006976744186043549
1645247232101 0 11.743488000000013 0 196864 0.2927 0.00006976744186043549
1645247235932 0 11.985365999999999 0 116610 0.1726 0.00006976744186043549
1645247240153 0 11.727756 0 107223 0.1607 0.00006976744186043549
1645247244206 0 11.721244000000013 0 64332 0.0935 0.00006976744186043549
1645247248142 0 11.709711999999996 0 88753 0.1319 0.00006976744186043549
1645247252018 0 11.952013999999991 0 153489 0.2279 0.00006976744186043549
1645247256139 0 11.695647000000008 0 101805 0.1513 0.00006976744186043549
1645247260033 0 11.938691000000006 0 186822 0.2784 0.00006976744186043549
1645247264116 0 11.930605000000014 0 200149 0.29769999999999996 0.00006976744186043549
1645247267910 0 11.920726000000002 0 215305 0.31920000000000004 0.00006976744186043549
1645247271930 0 11.912486000000001 0 128759 0.19190000000000002 0.00006976744186043549
1645247275997 0 11.901431000000002 0 199367 0.2952 0.00006976744186043549
1645247280385 0 11.638060999999993 0 220759 0.3288 0.00006976744186043549
1645247284199 0 11.62614099999999 0 149511 0.2209 0.00006976744186043549
1645247288083 0 11.871292000000011 0 118879 0.1778 0.00006976744186043549
1645247291969 0 11.862558000000007 0 85418 0.1271 0.00006976744186043549
1645247296094 0 11.855468000000002 0 68807 0.10089999999999999 0.00006976744186043549
1645247300178 0 11.839786000000004 0 132565 0.1968 0.00006976744186043549
1645247304043 0 11.830697000000015 0 117262 0.1752 0.00006976744186043549
1645247308386 0 11.574479999999994 0 116418 0.17270000000000002 0.00006976744186043549
1645247311810 0 11.998646000000008 0 223024 0.3309 0.00006976744186043549
1645247316099 0 11.796942999999999 0 214538 0.3191 0.00006976744186043549
1645247320367 0 11.538951999999995 0 178191 0.2664 0.00006976744186043549
1645247324373 0 11.527939000000003 0 161454 0.2398 0.00006976744186043549
1645247328127 0 11.769319999999993 0 212225 0.3145 0.00006976744186043549
1645247332131 0 11.761472999999995 0 195858 0.2903 0.00006976744186043549
1645247336513 0 11.499232000000006 0 119665 0.1777 0.00006976744186043549
1645247340235 0 11.744369000000006 0 108667 0.16060000000000002 0.00006976744186043549
1645247344317 0 11.736446999999998 0 64782 0.09609999999999999 0.00006976744186043549
1645247348226 0 11.72562099999999 0 87523 0.1296 0.00006976744186043549
1645247352164 0 11.71693399999998 0 155607 0.2327 0.00006976744186043549
1645247356263 0 11.710103000000004 0 100404 0.14850000000000002 0.00006976744186043549
1645247360115 0 11.69949200000002 0 183614 0.27349999999999997 0.00006976744186043549
1645247364174 0 11.692232999999987 0 197686 0.2952 0.00006976744186043549
1645247368013 0 11.934177999999974 0 217520 0.3237 0.00006976744186043549
1645247372083 0 11.926397000000009 0 132353 0.1967 0.00006976744186043549
1645247376172 0 11.66817900000001 0 199853 0.29769999999999996 0.00006976744186043549
1645247380132 0 11.910996000000011 0 225614 0.3359 0.00006976744186043549
1645247383967 0 11.904627000000005 0 150477 0.223 0.00006976744186043549
1645247388331 0 11.646543000000008 0 117995 0.1744 0.00006976744186043549
1645247392218 0 11.635852999999997 0 86503 0.1272 0.00006976744186043549
1645247396320 0 11.627153000000021 0 67335 0.0986 0.00006976744186043549
1645247400406 0 11.615242000000023 0 132169 0.1971 0.00006976744186043549
1645247404293 0 11.607638000000009 0 118800 0.1776 0.00006976744186043549
1645247408131 0 11.850322000000006 0 116618 0.1726 0.00006976744186043549

