1645254844329 1 3.999999 1657 346799 0.154 -7.1251
1645254845481 0 6.857191 0 213385 0.09459999999999999 0.00017441860465117198
1645254846211 0 10.129553000000001 0 141806 0.0634 0.00006976744186043549
1645254848811 0 11.651235 0 112578 0.05 0.00006976744186043549
1645254852765 0 11.645553 0 80671 0.0355 0.00006976744186043549
1645254856698 0 11.888753999999999 0 68729 0.0332 0.00006976744186043549
1645254860937 0 11.627112 0 137895 0.0638 0.00006976744186043549
1645254864581 0 11.868869 0 114138 0.054000000000000006 0.00006976744186043549
1645254868759 0 11.610316000000001 0 126013 0.057999999999999996 0.00006976744186043549
1645254872856 0 11.604674000000003 0 217236 0.0986 0.00006976744186043549
1645254876961 0 11.600349000000001 0 219398 0.0999 0.00006976744186043549
1645254880868 0 11.593772000000001 0 177648 0.0805 0.00006976744186043549
1645254884730 0 11.839984000000001 0 166856 0.0764 0.00006976744186043549
1645254888848 0 11.579624000000003 0 223685 0.1011 0.00006976744186043549
1645254892885 0 11.571651000000003 0 206455 0.0939 0.00006976744186043549
1645254896551 0 11.817022000000001 0 121534 0.0566 0.00006976744186043549
1645254900638 0 11.810007000000006 0 105092 0.0486 0.00006976744186043549
1645254904535 0 11.806174000000006 0 63086 0.0299 0.00006976744186043549
1645254909037 0 11.550509000000005 0 87739 0.040600000000000004 0.00006976744186043549
1645254912832 0 11.531782000000007 0 152905 0.0692 0.00006976744186043549
1645254916898 0 11.521434999999997 0 100587 0.0463 0.00006976744186043549
1645254920844 0 11.517227000000005 0 186001 0.0849 0.00006976744186043549
1645254924867 0 11.508409999999998 0 201620 0.0917 0.00006976744186043549
1645254928958 0 11.502448000000001 0 218012 0.0993 0.00006976744186043549
1645254932623 0 11.724328 0 123058 0.0566 0.00006976744186043549
1645254936626 0 11.738065000000006 0 198856 0.0901 0.00006976744186043549
1645254940758 0 11.72614800000001 0 223061 0.1012 0.00006976744186043549
1645254944519 0 11.971001999999999 0 143385 0.0661 0.00006976744186043549
1645254948658 0 11.714567000000002 0 117021 0.0538 0.00006976744186043549
1645254952657 0 11.708480000000009 0 83595 0.0392 0.00006976744186043549
1645254956589 0 11.951272000000003 0 68011 0.0328 0.00006976744186043549
1645254960798 0 11.692183 0 134264 0.0613 0.00006976744186043549
1645254964427 0 11.933154000000002 0 113722 0.0528 0.00006976744186043549
1645254968586 0 11.92466300000001 0 122694 0.056100000000000004 0.00006976744186043549
1645254972659 0 11.920415999999989 0 215146 0.0972 0.00006976744186043549
1645254976731 0 11.662564000000003 0 213339 0.0972 0.00006976744186043549
1645254980638 0 11.903447 0 176949 0.08070000000000001 0.00006976744186043549
1645254984458 0 11.895947000000007 0 158356 0.072 0.00006976744186043549
1645254988568 0 11.889499 0 219852 0.10069999999999998 0.00006976744186043549
1645254992575 0 11.875936999999993 0 196864 0.08990000000000001 0.00006976744186043549
1645254996729 0 11.611596999999989 0 116610 0.05450000000000001 0.00006976744186043549
1645255000846 0 11.603111000000013 0 107223 0.0507 0.00006976744186043549
1645255004759 0 11.592928 0 64332 0.0309 0.00006976744186043549
1645255008776 0 11.581536 0 88753 0.041299999999999996 0.00006976744186043549
1645255012589 0 11.823023000000006 0 153489 0.0706 0.00006976744186043549
1645255016677 0 11.817526000000015 0 101805 0.0477 0.00006976744186043549
1645255020631 0 11.811777000000006 0 186822 0.08499999999999999 0.00006976744186043549
1645255024639 0 11.798165000000012 0 200149 0.0907 0.00006976744186043549
1645255028712 0 11.79442800000001 0 215305 0.0973 0.00006976744186043549
1645255032921 0 11.53703999999999 0 128759 0.06 0.00006976744186043549
1645255036934 0 11.528256999999996 0 199367 0.0905 0.00006976744186043549
1645255041039 0 11.519607000000008 0 220759 0.0998 0.00006976744186043549
1645255044828 0 11.757589999999993 0 149511 0.0688 0.00006976744186043549
1645255048486 0 11.989401000000015 0 118879 0.05500000000000001 0.00006976744186043549
1645255052499 0 11.980219000000005 0 85418 0.0403 0.00006976744186043549
1645255056429 0 11.972656999999998 0 68807 0.0323 0.00006976744186043549
1645255060650 0 11.715548000000013 0 132565 0.0613 0.00006976744186043549
1645255064804 0 11.712072000000006 0 117262 0.054400000000000004 0.00006976744186043549
1645255068443 0 11.953300000000013 0 116418 0.0533 0.00006976744186043549
1645255072567 0 11.944323999999995 0 223024 0.10189999999999999 0.00006976744186043549
1645255076638 0 11.938227000000012 0 214538 0.0973 0.00006976744186043549
1645255080556 0 11.925415000000015 0 178191 0.0813 0.00006976744186043549
1645255084895 0 11.667028000000016 0 161454 0.0743 0.00006976744186043549
1645255088465 0 11.90739099999999 0 212225 0.09659999999999999 0.00006976744186043549
1645255092460 0 11.900339000000002 0 195858 0.0893 0.00006976744186043549
1645255096619 0 11.892605000000003 0 119665 0.0551 0.00006976744186043549
1645255100728 0 11.632767000000001 0 108667 0.0503 0.00006976744186043549
1645255104637 0 11.876695999999981 0 64782 0.0305 0.00006976744186043549
1645255108649 0 11.867412999999999 0 87523 0.040999999999999995 0.00006976744186043549
1645255112965 0 11.573234000000014 0 155607 0.0713 0.00006976744186043549
1645255116535 0 11.85820799999999 0 100404 0.0469 0.00006976744186043549
1645255120969 0 11.597769000000028 0 183614 0.08349999999999999 0.00006976744186043549
1645255124972 0 11.592372000000012 0 197686 0.0898 0.00006976744186043549
1645255128569 0 11.834910999999977 0 217520 0.0992 0.00006976744186043549
1645255132759 0 11.582193000000018 0 132353 0.0583 0.00006976744186043549
1645255136779 0 11.575744999999984 0 199853 0.0913 0.00006976744186043549
1645255140899 0 11.568416000000013 0 225614 0.10200000000000001 0.00006976744186043549
1645255144690 0 11.811551000000009 0 150477 0.0691 0.00006976744186043549
1645255148841 0 11.552174999999977 0 117995 0.054700000000000006 0.00006976744186043549
1645255152840 0 11.548524999999984 0 86503 0.04 0.00006976744186043549
1645255156770 0 11.787937 0 67335 0.0325 0.00006976744186043549
1645255160982 0 11.528038999999978 0 132169 0.0606 0.00006976744186043549
1645255164638 0 11.76753100000002 0 118800 0.055200000000000006 0.00006976744186043549
1645255168769 0 11.755835999999988 0 116618 0.0531 0.00006976744186043549
1645255172384 0 11.984560999999985 0 222296 0.10069999999999998 0.00006976744186043549

