1645232593062 1 3.999999 7074 346799 0.6972 -30.4182
1645232597591 0 4.317546 838 213385 0.4305 -3.603225581395349
1645232600563 0 5.343053000000001 0 141806 0.28690000000000004 0.00006976744186043549
1645232602917 0 6.988561000000001 0 112578 0.22549999999999998 0.00006976744186043549
1645232604626 0 9.280591999999999 0 80671 0.16040000000000001 0.00006976744186043549
1645232606096 0 11.810619999999998 0 68729 0.1367 0.00006976744186043549
1645232610514 0 11.618208 0 137895 0.2801 0.00006976744186043549
1645232614435 0 11.609829999999999 0 114138 0.22890000000000002 0.00006976744186043549
1645232618064 0 11.853478000000003 0 126013 0.2529 0.00006976744186043549
1645232622570 0 11.338503000000003 0 217236 0.43739999999999996 0.00006976744186043549
1645232627113 0 10.795072000000005 0 219398 0.4408 0.00006976744186043549
1645232630767 0 11.139616000000004 0 177648 0.3545 0.00006976744186043549
1645232634255 0 11.651854 0 166856 0.3382 0.00006976744186043549
1645232638866 0 11.040931 0 223685 0.4509 0.00006976744186043549
1645232643103 0 10.804151000000005 0 206455 0.41319999999999996 0.00006976744186043549
1645232646162 0 11.755708000000006 0 121534 0.246 0.00006976744186043549
1645232650398 0 11.526184 0 105092 0.2117 0.00006976744186043549
1645232654281 0 11.767211000000003 0 63086 0.1264 0.00006976744186043549
1645232658187 0 11.756749999999997 0 87739 0.1776 0.00006976744186043549
1645232662379 0 11.74851600000001 0 152905 0.3075 0.00006976744186043549
1645232666023 0 11.991306000000009 0 100587 0.2015 0.00006976744186043549
1645232670389 0 11.731772000000007 0 186001 0.3758 0.00006976744186043549
1645232674570 0 11.337856000000002 0 201620 0.40659999999999996 0.00006976744186043549
1645232679110 0 10.796035000000003 0 218012 0.4408 0.00006976744186043549
1645232682214 0 11.706080999999998 0 123058 0.2495 0.00006976744186043549
1645232686322 0 11.583680999999999 0 198856 0.39980000000000004 0.00006976744186043549
1645232690939 0 10.968772999999999 0 223061 0.4509 0.00006976744186043549
1645232693915 0 11.991329000000007 0 143385 0.288 0.00006976744186043549
1645232698366 0 11.653136000000003 0 117021 0.2324 0.00006976744186043549
1645232702158 0 11.894103999999999 0 83595 0.1674 0.00006976744186043549
1645232706144 0 11.810246000000006 0 68011 0.1365 0.00006976744186043549
1645232710438 0 11.619022000000001 0 134264 0.2699 0.00006976744186043549
1645232714338 0 11.613996999999998 0 113722 0.22890000000000002 0.00006976744186043549
1645232718401 0 11.608344000000002 0 122694 0.246 0.00006976744186043549
1645232722818 0 11.090159999999997 0 215146 0.4309 0.00006976744186043549
1645232727255 0 10.652192000000014 0 213339 0.4293 0.00006976744186043549
1645232730949 0 10.958886000000007 0 176949 0.359 0.00006976744186043549
1645232734261 0 11.647751 0 158356 0.32120000000000004 0.00006976744186043549
1645232738798 0 11.108352999999994 0 219852 0.44400000000000006 0.00006976744186043549
1645232742901 0 11.005281999999994 0 196864 0.39980000000000004 0.00006976744186043549
1645232746364 0 11.778148000000016 0 116610 0.2359 0.00006976744186043549
1645232750143 0 11.770049999999998 0 107223 0.2153 0.00006976744186043549
1645232754522 0 11.510807999999997 0 64332 0.1263 0.00006976744186043549
1645232758438 0 11.498471999999992 0 88753 0.1813 0.00006976744186043549
1645232762159 0 11.993875000000003 0 153489 0.311 0.00006976744186043549
1645232766323 0 11.727989000000008 0 101805 0.2049 0.00006976744186043549
1645232770200 0 11.707070000000016 0 186822 0.37570000000000003 0.00006976744186043549
1645232774332 0 11.574356999999992 0 200149 0.4029 0.00006976744186043549
1645232778780 0 11.126589999999993 0 215305 0.43360000000000004 0.00006976744186043549
1645232781975 0 11.943407000000008 0 128759 0.2592 0.00006976744186043549
1645232786123 0 11.785494 0 199367 0.40309999999999996 0.00006976744186043549
1645232790668 0 11.239202000000006 0 220759 0.4443 0.00006976744186043549
1645232794274 0 11.654803000000015 0 149511 0.3006 0.00006976744186043549
1645232798317 0 11.646929 0 118879 0.2427 0.00006976744186043549
1645232802130 0 11.889604999999989 0 85418 0.1708 0.00006976744186043549
1645232806116 0 11.881281999999999 0 68807 0.1366 0.00006976744186043549
1645232810411 0 11.623198000000002 0 132565 0.2665 0.00006976744186043549
1645232814378 0 11.613583000000006 0 117262 0.2355 0.00006976744186043549
1645232818338 0 11.601407999999992 0 116418 0.2359 0.00006976744186043549
1645232822951 0 10.955082000000004 0 223024 0.45039999999999997 0.00006976744186043549
1645232827359 0 10.54744199999999 0 214538 0.4305 0.00006976744186043549
1645232831053 0 10.854234999999989 0 178191 0.3588 0.00006976744186043549
1645232834397 0 11.508431000000002 0 161454 0.3243 0.00006976744186043549
1645232838773 0 11.13334900000001 0 212225 0.4271 0.00006976744186043549
1645232842845 0 11.061997999999988 0 195858 0.3961 0.00006976744186043549
1645232846331 0 11.79167799999999 0 119665 0.2392 0.00006976744186043549
1645232850181 0 11.769653000000005 0 108667 0.22210000000000002 0.00006976744186043549
1645232854554 0 11.516148999999984 0 64782 0.1262 0.00006976744186043549
1645232858445 0 11.509920000000022 0 87523 0.1784 0.00006976744186043549
1645232862195 0 11.751502000000016 0 155607 0.3142 0.00006976744186043549
1645232866328 0 11.74412799999999 0 100404 0.2015 0.00006976744186043549
1645232870141 0 11.767826000000014 0 183614 0.369 0.00006976744186043549
1645232874247 0 11.664218000000005 0 197686 0.39980000000000004 0.00006976744186043549
1645232878782 0 11.12530300000003 0 217520 0.4406 0.00006976744186043549
1645232882046 0 11.959028999999987 0 132353 0.2665 0.00006976744186043549
1645232886193 0 11.713130999999976 0 199853 0.4032 0.00006976744186043549
1645232890846 0 11.060879999999997 0 225614 0.4545 0.00006976744186043549
1645232893987 0 11.920488999999975 0 150477 0.30419999999999997 0.00006976744186043549
1645232898445 0 11.671633999999983 0 117995 0.2358 0.00006976744186043549
1645232902311 0 11.664136999999982 0 86503 0.1744 0.00006976744186043549
1645232906293 0 11.65842200000003 0 67335 0.1367 0.00006976744186043549
1645232910051 0 11.900066999999979 0 132169 0.2664 0.00006976744186043549
1645232914040 0 11.894460999999978 0 118800 0.23889999999999997 0.00006976744186043549

