1645254807069 1 3.999999 1026 346799 0.0887 -4.4118
1645254809122 1 5.965883 0 363755 0.0925 0.00017441860465117198
1645254810202 1 8.874644 0 362842 0.09340000000000001 0.00017441860465117198
1645254812834 3 10.243291000000001 0 908792 0.2332 0.000174418604651283
1645254815524 3 11.705715999999999 0 804438 0.20670000000000002 0.00043023255813956496
1645254819276 3 11.934579999999999 0 828659 0.21339999999999998 0.00043023255813956496
1645254823316 3 11.920306999999998 0 937332 0.2411 0.00043023255813956496
1645254827433 3 11.664420999999997 0 776416 0.1992 0.00043023255813956496
1645254831185 3 11.905158000000004 0 1025687 0.26339999999999997 0.00043023255813956496
1645254835400 3 11.894412000000003 0 815426 0.2091 0.00043023255813956496
1645254839303 3 11.878569000000006 0 884625 0.227 0.00043023255813956496
1645254843251 3 11.852532000000004 0 904952 0.2331 0.00043023255813956496
1645254847351 3 11.839217000000005 0 954418 0.24559999999999998 0.00043023255813956496
1645254851310 3 11.813432000000006 0 910446 0.2339 0.00043023255813956496
1645254855351 3 11.807401000000006 0 922454 0.2371 0.00043023255813956496
1645254859403 3 11.801004000000006 0 942842 0.242 0.00043023255813956496
1645254863304 3 11.783927000000006 0 884128 0.227 0.00043023255813956496
1645254867635 3 11.690498000000005 0 828263 0.2125 0.00043023255813956496
1645254871319 3 11.905949000000007 0 981175 0.252 0.00043023255813956496
1645254877282 3 9.793323000000001 0 939007 0.5825 0.00043023255813956496
1645254879726 3 11.351320999999999 0 841370 0.2225 0.00043023255813956496
1645254883292 3 11.876658000000006 0 947658 0.24430000000000002 0.00043023255813956496
1645254887551 3 11.621259000000009 0 828958 0.21269999999999997 0.00043023255813956496
1645254891218 3 11.856841000000003 0 977791 0.254 0.00043023255813956496
1645254895532 3 11.600752999999997 0 847215 0.21789999999999998 0.00043023255813956496
1645254899668 3 11.592186999999996 0 978032 0.2512 0.00043023255813956496
1645254903700 3 11.576706000000001 0 934237 0.24020000000000002 0.00043023255813956496
1645254907611 3 11.568723000000006 0 889600 0.22820000000000001 0.00043023255813956496
1645254911270 3 11.811298000000008 0 988774 0.2544 0.00043023255813956496
1645254915469 3 11.805140000000009 0 808061 0.2082 0.00043023255813956496
1645254919657 3 11.542918999999998 0 995677 0.25539999999999996 0.00043023255813956496
1645254923655 3 11.538685000000001 0 924757 0.2383 0.00043023255813956496
1645254927359 3 11.777428999999998 0 808228 0.20750000000000002 0.00043023255813956496
1645254931703 3 11.519539000000009 0 1014212 0.2605 0.00043023255813956496
1645254935497 3 11.759450000000015 0 845218 0.21760000000000002 0.00043023255813956496
1645254939465 3 11.750460000000004 0 910767 0.2339 0.00043023255813956496
1645254943410 3 11.738241000000016 0 901777 0.2312 0.00043023255813956496
1645254947516 3 11.72710699999999 0 967347 0.2488 0.00043023255813956496
1645254951551 3 11.718737000000004 0 935273 0.24 0.00043023255813956496
1645254955527 3 11.712803000000008 0 916928 0.2353 0.00043023255813956496
1645254959568 3 11.703991000000002 0 940743 0.2413 0.00043023255813956496
1645254963453 3 11.693688000000009 0 877888 0.225 0.00043023255813956496
1645254967229 3 11.930240999999995 0 839766 0.2157 0.00043023255813956496
1645254971370 3 11.92301599999999 0 976062 0.2506 0.00043023255813956496
1645254975463 3 11.660837000000015 0 958353 0.2464 0.00043023255813956496
1645254979232 3 11.904897000000005 0 836268 0.21469999999999997 0.00043023255813956496
1645254983345 3 11.895122000000015 0 968967 0.2496 0.00043023255813956496
1645254987585 3 11.632484000000005 0 825839 0.21150000000000002 0.00043023255813956496
1645254991231 3 11.87339 0 974212 0.25 0.00043023255813956496
1645254995314 0 11.862943999999999 0 128759 0.0332 0.00043023255813956496
1645254999467 0 11.845034999999996 0 199367 0.0506 0.00006976744186043549
1645255003668 0 11.55783199999999 0 220759 0.05639999999999999 0.00006976744186043549
1645255007670 0 11.551762999999994 0 149511 0.0387 0.00006976744186043549
1645255011658 0 11.541685000000001 0 118879 0.0371 0.00006976744186043549
1645255015563 0 11.53220300000001 0 85418 0.028000000000000004 0.00006976744186043549
1645255019422 0 11.77149399999999 0 68807 0.023799999999999998 0.00006976744186043549
1645255023451 0 11.763035000000002 0 132565 0.0402 0.00006976744186043549
1645255027429 0 11.757000000000005 0 117262 0.036 0.00006976744186043549
1645255031408 0 11.749676999999991 0 116418 0.0353 0.00006976744186043549
1645255035165 0 11.993312000000003 0 223024 0.0628 0.00006976744186043549
1645255039414 0 11.73037500000001 0 214538 0.0611 0.00006976744186043549
1645255043562 0 11.722823000000005 0 178191 0.0519 0.00006976744186043549
1645255047157 0 11.921458000000001 0 161454 0.047599999999999996 0.00006976744186043549
1645255051384 0 11.705936000000008 0 212225 0.0598 0.00006976744186043549
1645255055580 0 11.701191999999992 0 195858 0.056799999999999996 0.00006976744186043549
1645255059573 0 11.692163999999991 0 119665 0.0366 0.00006976744186043549
1645255063541 0 11.676184999999975 0 108667 0.0344 0.00006976744186043549
1645255067401 0 11.91828300000003 0 64782 0.0221 0.00006976744186043549
1645255071316 0 11.894409999999993 0 87523 0.029199999999999997 0.00006976744186043549
1645255075397 0 11.882790999999997 0 155607 0.045700000000000005 0.00006976744186043549
1645255079338 0 11.87638099999998 0 100404 0.0315 0.00006976744186043549
1645255083488 0 11.61990400000002 0 183614 0.0523 0.00006976744186043549
1645255087680 0 11.613156000000004 0 197686 0.056799999999999996 0.00006976744186043549
1645255091414 0 11.854762999999991 0 217520 0.0615 0.00006976744186043549
1645255095442 0 11.849575000000016 0 132353 0.04 0.00006976744186043549
1645255099643 0 11.593613000000005 0 199853 0.057499999999999996 0.00006976744186043549
1645255103397 0 11.829924000000005 0 225614 0.0637 0.00006976744186043549
1645255107461 0 11.624972000000014 0 150477 0.0445 0.00006976744186043549
1645255111442 0 11.812512000000027 0 117995 0.0364 0.00006976744186043549
1645255115347 0 11.800625000000025 0 86503 0.029199999999999997 0.00006976744186043549
1645255119717 0 11.538342999999998 0 67335 0.023799999999999998 0.00006976744186043549
1645255123733 0 11.531967000000009 0 132169 0.040100000000000004 0.00006976744186043549
1645255127719 0 11.52306900000002 0 118800 0.0363 0.00006976744186043549
1645255131694 0 11.516250000000014 0 116618 0.0359 0.00006976744186043549

