1645249191455 1 3.999999 1581 346799 0.14679999999999999 -6.798299999999999
1645249194849 3 4.615845 0 755039 0.3185 0.000174418604651283
1645249198531 3 4.930208 0 835161 0.3527 0.00043023255813956496
1645249202474 3 4.986276 0 908792 0.3836 0.00043023255813956496
1645249205980 3 5.481503999999999 0 804438 0.3397 0.00043023255813956496
1645249209596 3 5.865103999999999 0 828659 0.3507 0.00043023255813956496
1645249213664 3 5.797706999999999 0 937332 0.39649999999999996 0.00043023255813956496
1645249217133 3 6.327703 0 776416 0.3372 0.00043023255813956496
1645249221578 3 5.883605000000003 0 1025687 0.43360000000000004 0.00043023255813956496
1645249225120 3 6.34084 0 815426 0.3446 0.00043023255813956496
1645249228958 3 6.502388000000003 0 884625 0.37360000000000004 0.00043023255813956496
1645249232894 3 6.567963000000006 0 904952 0.3832 0.00043023255813956496
1645249237024 3 6.435878000000002 0 954418 0.40309999999999996 0.00043023255813956496
1645249240978 3 6.482293000000006 0 910446 0.3847 0.00043023255813956496
1645249244977 3 6.482477000000003 0 922454 0.3901 0.00043023255813956496
1645249249063 3 6.396818000000003 0 942842 0.39849999999999997 0.00043023255813956496
1645249252899 3 6.560893 0 884128 0.37370000000000003 0.00043023255813956496
1645249256501 3 6.960400000000007 0 828263 0.3504 0.00043023255813956496
1645249260749 3 6.713794000000007 0 981175 0.4144 0.00043023255813956496
1645249264823 3 6.6382580000000075 0 939007 0.3968 0.00043023255813956496
1645249268481 3 6.982157000000001 0 841370 0.3553 0.00043023255813956496
1645249272589 3 6.873010000000008 0 947658 0.4002 0.00043023255813956496
1645249276180 3 7.280673000000007 0 828958 0.3496 0.00043023255813956496
1645249280409 3 7.050748999999996 0 977791 0.4131 0.00043023255813956496
1645249284086 3 7.374272000000005 0 847215 0.35760000000000003 0.00043023255813956496
1645249288314 3 7.1474350000000015 0 978032 0.4125 0.00043023255813956496
1645249292360 3 7.100453000000002 0 934237 0.3946 0.00043023255813956496
1645249296218 3 7.242038000000008 0 889600 0.3755 0.00043023255813956496
1645249300500 3 6.965069999999997 0 988774 0.41790000000000005 0.00043023255813956496
1645249304023 3 7.436695 0 808061 0.3417 0.00043023255813956496
1645249308327 3 7.133290000000002 0 995677 0.4202 0.00043023255813956496
1645249312333 3 7.128128000000004 0 924757 0.3901 0.00043023255813956496
1645249315857 3 7.603949 0 808228 0.34140000000000004 0.00043023255813956496
1645249320250 3 7.212547999999998 0 1014212 0.42779999999999996 0.00043023255813956496
1645249323921 3 7.542263999999989 0 845218 0.3566 0.00043023255813956496
1645249327874 3 7.586293000000012 0 910767 0.3851 0.00043023255813956496
1645249331793 3 7.676693 0 901777 0.3809 0.00043023255813956496
1645249335993 3 7.468468000000001 0 967347 0.40869999999999995 0.00043023255813956496
1645249340042 3 7.417349999999999 0 935273 0.3953 0.00043023255813956496
1645249344019 3 7.441459000000009 0 916928 0.387 0.00043023255813956496
1645249348087 3 7.373153000000002 0 940743 0.3971 0.00043023255813956496
1645249351895 3 7.566304000000002 0 877888 0.37029999999999996 0.00043023255813956496
1645249355540 3 7.919899000000015 0 839766 0.3543 0.00043023255813956496
1645249359770 3 7.689810999999992 0 976062 0.41289999999999993 0.00043023255813956496
1645249363921 3 7.5396399999999915 0 958353 0.40519999999999995 0.00043023255813956496
1645249367553 3 7.907126000000005 0 836268 0.3533 0.00043023255813956496
1645249371737 3 7.723203000000012 0 968967 0.409 0.00043023255813956496
1645249375330 3 8.132767000000001 0 825839 0.3493 0.00043023255813956496
1645249379553 3 7.906934000000007 0 974212 0.4114 0.00043023255813956496
1645249383323 3 8.139119999999991 0 867483 0.3665 0.00043023255813956496
1645249387602 3 7.859000000000009 0 987232 0.41719999999999996 0.00043023255813956496
1645249391598 3 7.862145999999996 0 921956 0.3894 0.00043023255813956496
1645249395569 3 7.891622000000012 0 913803 0.3862 0.00043023255813956496
1645249399727 3 7.737218000000013 0 958215 0.4051 0.00043023255813956496
1645249403347 3 8.113418999999993 0 832934 0.35219999999999996 0.00043023255813956496
1645249407696 3 7.763699000000003 0 1005593 0.4244 0.00043023255813956496
1645249411748 3 7.71810099999999 0 935985 0.3951 0.00043023255813956496
1645249415234 3 8.227587999999997 0 802415 0.339 0.00043023255813956496
1645249419564 3 7.898687999999993 0 999009 0.4229 0.00043023255813956496
1645249423329 3 8.130445000000009 0 869418 0.3673 0.00043023255813956496
1645249427227 3 8.233835 0 897686 0.3801 0.00043023255813956496
1645249431394 3 8.06954300000001 0 960141 0.4056 0.00043023255813956496
1645249435357 3 8.104272000000009 0 914618 0.3862 0.00043023255813956496
1645249439467 3 7.992928000000006 0 949031 0.40099999999999997 0.00043023255813956496
1645249443685 3 7.779240000000016 0 919929 0.40990000000000004 0.00043023255813956496
1645249447716 3 7.744610000000023 0 930570 0.39239999999999997 0.00043023255813956496
1645249451586 3 7.875310000000013 0 894188 0.3774 0.00043023255813956496
1645249455226 3 8.237310999999977 0 835562 0.3534 0.00043023255813956496
1645249459503 3 7.957668000000012 0 986170 0.41740000000000005 0.00043023255813956496
1645249463646 3 7.819047000000012 0 955812 0.4037 0.00043023255813956496
1645249467282 3 8.177769000000012 0 837688 0.35350000000000004 0.00043023255813956496
1645249471491 3 7.971915000000024 0 972932 0.41050000000000003 0.00043023255813956496
1645249474999 3 8.46124500000002 0 807690 0.3408 0.00043023255813956496
1645249479184 3 8.275739999999985 0 968173 0.4082 0.00043023255813956496
1645249482966 3 8.494551999999999 0 872734 0.36819999999999997 0.00043023255813956496
1645249487258 3 8.204512000000022 0 991679 0.4185 0.00043023255813956496
1645249491336 3 8.125558000000012 0 930061 0.3928 0.00043023255813956496
1645249495178 3 8.284537999999998 0 884740 0.3738 0.00043023255813956496
1645249499367 3 8.094656999999984 0 968599 0.409 0.00043023255813956496
1645249503052 3 8.410539000000028 0 848189 0.358 0.00043023255813956496
1645249507347 3 8.116134999999986 0 989262 0.4176 0.00043023255813956496
1645249511395 3 8.069571999999994 0 929927 0.3931 0.00043023255813956496
1645249515080 3 8.382387999999992 0 845977 0.3579 0.00043023255813956496
1645249519445 3 8.014696000000015 0 1009703 0.4265 0.00043023255813956496

