1645252519224 1 3.999999 848 346799 0.0739 -3.6463999999999994
1645252520110 1 7.130018 0 363755 0.078 0.00017441860465117198
1645252520987 1 10.256864 0 362842 0.07730000000000001 0.00017441860465117198
1645252523411 1 11.861410000000001 0 384791 0.0819 0.00017441860465117198
1645252527864 3 11.604591999999998 0 804438 0.176 0.000174418604651283
1645252531823 3 11.590518999999999 0 828659 0.18580000000000002 0.00043023255813956496
1645252535466 3 11.832662 0 937332 0.2044 0.00043023255813956496
1645252539731 3 11.573401999999998 0 776416 0.1662 0.00043023255813956496
1645252543531 3 11.811847000000004 0 1025687 0.21989999999999998 0.00043023255813956496
1645252547883 3 11.552419000000004 0 815426 0.17470000000000002 0.00043023255813956496
1645252551883 3 11.542110000000001 0 884625 0.1901 0.00043023255813956496
1645252555933 3 11.532531000000006 0 904952 0.1948 0.00043023255813956496
1645252559592 3 11.775295 0 954418 0.20470000000000002 0.00043023255813956496
1645252563652 3 11.759788 0 910446 0.1954 0.00043023255813956496
1645252567735 3 11.754287000000005 0 922454 0.1978 0.00043023255813956496
1645252571362 3 11.992115000000005 0 942842 0.202 0.00043023255813956496
1645252575361 3 11.979457000000004 0 884128 0.1899 0.00043023255813956496
1645252579744 3 11.724179 0 828263 0.1777 0.00043023255813956496
1645252583443 3 11.963822000000008 0 981175 0.21000000000000002 0.00043023255813956496
1645252587563 3 11.707667999999998 0 939007 0.20139999999999997 0.00043023255813956496
1645252591478 3 11.945243000000005 0 841370 0.1807 0.00043023255813956496
1645252595610 3 11.683991000000006 0 947658 0.2032 0.00043023255813956496
1645252599491 3 11.928290000000004 0 828958 0.1774 0.00043023255813956496
1645252603688 3 11.671715000000006 0 977791 0.2092 0.00043023255813956496
1645252607603 3 11.665982 0 847215 0.18180000000000002 0.00043023255813956496
1645252611794 3 11.653481 0 978032 0.20950000000000002 0.00043023255813956496
1645252615421 3 11.89761200000001 0 934237 0.2003 0.00043023255813956496
1645252619431 3 11.891270000000006 0 889600 0.1911 0.00043023255813956496
1645252623667 3 11.631240000000005 0 988774 0.2124 0.00043023255813956496
1645252627504 3 11.873970999999997 0 808061 0.1736 0.00043023255813956496
1645252631746 3 11.614939000000007 0 995677 0.2137 0.00043023255813956496
1645252635832 3 11.608742000000007 0 924757 0.1982 0.00043023255813956496
1645252639657 3 11.595246000000003 0 808228 0.1732 0.00043023255813956496
1645252643428 3 11.836045999999996 0 1014212 0.21669999999999998 0.00043023255813956496
1645252647842 3 11.574878000000012 0 845218 0.1812 0.00043023255813956496
1645252651901 3 11.567894999999993 0 910767 0.1955 0.00043023255813956496
1645252655431 3 11.81411 0 901777 0.1934 0.00043023255813956496
1645252659605 3 11.803039000000012 0 967347 0.2069 0.00043023255813956496
1645252663714 3 11.546900999999991 0 935273 0.20049999999999998 0.00043023255813956496
1645252667804 3 11.534723000000014 0 916928 0.19619999999999999 0.00043023255813956496
1645252671917 3 11.528908000000001 0 940743 0.2016 0.00043023255813956496
1645252675899 3 11.516521000000012 0 877888 0.1883 0.00043023255813956496
1645252679802 3 11.505761000000007 0 839766 0.1804 0.00043023255813956496
1645252683505 3 11.748326999999989 0 976062 0.20929999999999999 0.00043023255813956496
1645252687660 3 11.734690999999998 0 958353 0.20539999999999997 0.00043023255813956496
1645252691555 3 11.722644000000003 0 836268 0.1789 0.00043023255813956496
1645252695739 3 11.714990999999998 0 968967 0.2081 0.00043023255813956496
1645252699614 3 11.708526000000006 0 825839 0.1769 0.00043023255813956496
1645252703307 3 11.948558999999989 0 974212 0.2088 0.00043023255813956496
1645252707772 3 11.689408000000014 0 867483 0.1862 0.00043023255813956496
1645252711493 3 11.935104999999993 0 987232 0.21070000000000003 0.00043023255813956496
1645252715572 3 11.679861000000017 0 921956 0.19770000000000001 0.00043023255813956496
1645252719643 3 11.672143000000005 0 913803 0.19590000000000002 0.00043023255813956496
1645252723794 3 11.662559000000016 0 958215 0.2051 0.00043023255813956496
1645252727687 3 11.650452999999999 0 832934 0.17880000000000001 0.00043023255813956496
1645252731444 3 11.88435899999999 0 1005593 0.21539999999999998 0.00043023255813956496
1645252735548 3 11.877739999999989 0 935985 0.2004 0.00043023255813956496
1645252739375 3 11.866081000000008 0 802415 0.1719 0.00043023255813956496
1645252743621 3 11.855564000000015 0 999009 0.2145 0.00043023255813956496
1645252747597 3 11.849288999999999 0 869418 0.18660000000000002 0.00043023255813956496
1645252751621 3 11.837745000000012 0 897686 0.192 0.00043023255813956496
1645252755447 3 11.804547000000014 0 960141 0.20550000000000002 0.00043023255813956496
1645252759525 3 11.756033000000002 0 914618 0.1964 0.00043023255813956496
1645252763656 3 11.751475 0 949031 0.2032 0.00043023255813956496
1645252767737 3 11.744154000000009 0 919929 0.1974 0.00043023255813956496
1645252771336 3 11.990713999999997 0 930570 0.1993 0.00043023255813956496
1645252775352 3 11.98575599999998 0 894188 0.1917 0.00043023255813956496
1645252779264 3 11.976561000000004 0 835562 0.17729999999999999 0.00043023255813956496
1645252783480 3 11.96693399999998 0 986170 0.211 0.00043023255813956496
1645252787633 3 11.707992999999988 0 955812 0.2052 0.00043023255813956496
1645252791532 3 11.948533999999995 0 837688 0.17909999999999998 0.00043023255813956496
1645252795722 3 11.687338000000011 0 972932 0.20859999999999998 0.00043023255813956496
1645252799552 3 11.924518999999975 0 807690 0.1729 0.00043023255813956496
1645252803737 3 11.667831999999976 0 968173 0.20779999999999998 0.00043023255813956496
1645252807716 3 11.657350000000008 0 872734 0.187 0.00043023255813956496
1645252811444 3 11.898325999999997 0 991679 0.21269999999999997 0.00043023255813956496
1645252815538 3 11.88683100000003 0 930061 0.1993 0.00043023255813956496
1645252819541 3 11.872884999999997 0 884740 0.19019999999999998 0.00043023255813956496
1645252823718 3 11.615967000000012 0 968599 0.2077 0.00043023255813956496
1645252827633 3 11.605367999999999 0 848189 0.1816 0.00043023255813956496
1645252831853 3 11.600278000000003 0 989262 0.2118 0.00043023255813956496
1645252835452 3 11.84375799999998 0 929927 0.19970000000000002 0.00043023255813956496
1645252839869 3 11.584323999999981 0 845977 0.1816 0.00043023255813956496
1645252843647 3 11.825324000000023 0 1009703 0.2165 0.00043023255813956496
1645252847598 3 11.819880000000012 0 861836 0.185 0.00043023255813956496

