1645229783978 1 3.999999 1832 346799 0.1721 -7.877599999999999
1645229785792 0 6.1909089999999996 0 213385 0.10600000000000001 0.00017441860465117198
1645229787729 1 8.255123000000001 0 362842 0.181 0.000069767441860491
1645229789770 1 10.227032000000001 0 384791 0.1907 0.00017441860465117198
1645229792083 1 11.927548 0 339137 0.1681 0.00017441860465117198
1645229796158 1 11.919749 0 393219 0.1961 0.00017441860465117198
1645229800303 1 11.912427999999998 0 406206 0.20190000000000002 0.00017441860465117198
1645229804434 1 11.644525999999999 0 303135 0.1504 0.00017441860465117198
1645229808117 1 11.887265000000003 0 414092 0.2063 0.00017441860465117198
1645229812424 1 11.629180000000002 0 337705 0.1682 0.00017441860465117198
1645229816387 1 11.616161000000005 0 366374 0.1825 0.00017441860465117198
1645229820249 1 11.858206000000003 0 352030 0.1746 0.00017441860465117198
1645229824226 1 11.846290000000003 0 371605 0.18480000000000002 0.00017441860465117198
1645229828263 1 11.835307 0 385670 0.19219999999999998 0.00017441860465117198
1645229832250 1 11.826629000000004 0 374050 0.18660000000000002 0.00017441860465117198
1645229836191 1 11.818304000000005 0 367058 0.1825 0.00017441860465117198
1645229840197 1 11.813435000000005 0 377983 0.1886 0.00017441860465117198
1645229844434 1 11.553069 0 326924 0.1622 0.00017441860465117198
1645229848485 1 11.546661999999998 0 388939 0.1938 0.00017441860465117198
1645229852552 1 11.542495000000002 0 392939 0.1953 0.00017441860465117198
1645229856482 1 11.534197000000006 0 362131 0.1804 0.00017441860465117198
1645229860613 1 11.528047 0 402712 0.20049999999999998 0.00017441860465117198
1645229864378 1 11.764043999999998 0 327400 0.16299999999999998 0.00017441860465117198
1645229868490 1 11.502937000000003 0 401133 0.1998 0.00017441860465117198
1645229872695 1 11.436368000000002 0 317452 0.1578 0.00017441860465117198
1645229876267 1 11.743352000000002 0 391753 0.195 0.00017441860465117198
1645229880313 1 11.735798000000003 0 384934 0.1916 0.00017441860465117198
1645229884252 1 11.979545000000002 0 367179 0.18209999999999998 0.00017441860465117198
1645229888311 1 11.697083000000006 0 387965 0.1925 0.00017441860465117198
1645229892078 1 11.942915 0 333821 0.1661 0.00017441860465117198
1645229896167 1 11.936785999999998 0 394452 0.1967 0.00017441860465117198
1645229900331 1 11.677428000000006 0 409513 0.2032 0.00017441860465117198
1645229904474 1 11.667068 0 307174 0.1525 0.00017441860465117198
1645229908187 1 11.912265000000005 0 420407 0.20870000000000002 0.00017441860465117198
1645229912497 1 11.654705000000007 0 340231 0.1693 0.00017441860465117198
1645229916477 1 11.642865999999998 0 374730 0.1861 0.00017441860465117198
1645229920345 1 11.884986999999995 0 353022 0.17509999999999998 0.00017441860465117198
1645229924421 1 11.614033000000006 0 393253 0.1958 0.00017441860465117198
1645229928370 1 11.856255000000004 0 368813 0.1832 0.00017441860465117198
1645229932348 1 11.817473000000007 0 372578 0.18460000000000001 0.00017441860465117198
1645229936347 1 11.809159999999991 0 374507 0.1863 0.00017441860465117198
1645229940318 1 11.804134000000005 0 372824 0.1855 0.00017441860465117198
1645229944559 1 11.543238000000002 0 326437 0.1613 0.00017441860465117198
1645229948579 1 11.536946 0 383127 0.1896 0.00017441860465117198
1645229952684 1 11.529901999999993 0 400632 0.19870000000000002 0.00017441860465117198
1645229956501 1 11.519012000000004 0 342596 0.1705 0.00017441860465117198
1645229960646 1 11.511536000000007 0 407655 0.20259999999999997 0.00017441860465117198
1645229964442 1 11.755139000000014 0 337450 0.1686 0.00017441860465117198
1645229968106 1 11.979228000000006 0 404220 0.2009 0.00017441860465117198
1645229972375 0 11.717862999999994 0 128759 0.0644 0.00017441860465117198
1645229976493 0 11.714575999999994 0 199367 0.0988 0.00006976744186043549
1645229980224 0 11.939874000000003 0 220759 0.11000000000000001 0.00006976744186043549
1645229984078 0 11.935337000000004 0 149511 0.0741 0.00006976744186043549
1645229988289 0 11.928910000000002 0 118879 0.059199999999999996 0.00006976744186043549
1645229992349 0 11.663257000000016 0 85418 0.0439 0.00006976744186043549
1645229996346 0 11.654278000000005 0 68807 0.0359 0.00006976744186043549
1645230000141 0 11.900615000000016 0 132565 0.0671 0.00006976744186043549
1645230004364 0 11.646207000000004 0 117262 0.0596 0.00006976744186043549
1645230008578 0 11.639863999999989 0 116418 0.0593 0.00006976744186043549
1645230012348 0 11.85859099999999 0 223024 0.1133 0.00006976744186043549
1645230016540 0 11.598270000000014 0 214538 0.1069 0.00006976744186043549
1645230020564 0 11.59052299999999 0 178191 0.0902 0.00006976744186043549
1645230024489 0 11.585673000000014 0 161454 0.0813 0.00006976744186043549
1645230028187 0 11.829545999999993 0 212225 0.10700000000000001 0.00006976744186043549
1645230032278 0 11.823306000000002 0 195858 0.0969 0.00006976744186043549
1645230036510 0 11.56659400000001 0 119665 0.0605 0.00006976744186043549
1645230040187 0 11.807055999999989 0 108667 0.05620000000000001 0.00006976744186043549
1645230044631 0 11.552720000000022 0 64782 0.033 0.00006976744186043549
1645230048201 0 11.79567000000003 0 87523 0.0448 0.00006976744186043549
1645230052623 0 11.383890000000008 0 155607 0.0792 0.00006976744186043549
1645230056264 0 11.786813999999993 0 100404 0.051500000000000004 0.00006976744186043549
1645230060311 0 11.77686399999999 0 183614 0.0925 0.00006976744186043549
1645230064424 0 11.771533999999974 0 197686 0.0998 0.00006976744186043549
1645230068644 0 11.510058000000015 0 217520 0.10980000000000001 0.00006976744186043549
1645230072443 0 11.75096400000001 0 132353 0.0674 0.00006976744186043549
1645230076062 0 11.992263999999977 0 199853 0.1008 0.00006976744186043549
1645230080326 0 11.737176999999974 0 225614 0.1137 0.00006976744186043549
1645230084216 0 11.977986999999985 0 150477 0.0764 0.00006976744186043549
1645230088429 0 11.719178 0 117995 0.058899999999999994 0.00006976744186043549
1645230092481 0 11.713167999999996 0 86503 0.0441 0.00006976744186043549
1645230096456 0 11.704407000000003 0 67335 0.0354 0.00006976744186043549
1645230100247 0 11.94004000000001 0 132169 0.0673 0.00006976744186043549
1645230104483 0 11.683330000000012 0 118800 0.0612 0.00006976744186043549
1645230108219 0 11.928985000000011 0 116618 0.059899999999999995 0.00006976744186043549

