1645241072519 1 3.999999 902 346799 0.08020000000000001 -3.8786
1645241074485 3 6.052410999999999 0 755039 0.1757 0.000174418604651283
1645241076527 3 8.010874000000001 0 835161 0.194 0.00043023255813956496
1645241078781 3 9.780429000000002 0 908792 0.2113 0.00043023255813956496
1645241080785 3 11.75113 0 804438 0.18660000000000002 0.00043023255813956496
1645241084809 3 11.887498999999998 0 828659 0.1923 0.00043023255813956496
1645241089082 3 11.631194 0 937332 0.2178 0.00043023255813956496
1645241092988 3 11.620486 0 776416 0.1804 0.00043023255813956496
1645241096982 3 11.616003000000003 0 1025687 0.23809999999999998 0.00043023255813956496
1645241100976 3 11.609801000000001 0 815426 0.189 0.00043023255813956496
1645241105137 3 11.599902 0 884625 0.20590000000000003 0.00043023255813956496
1645241108843 3 11.841830000000002 0 904952 0.21059999999999998 0.00043023255813956496
1645241113165 3 11.586068000000004 0 954418 0.22160000000000002 0.00043023255813956496
1645241116883 3 11.828298000000004 0 910446 0.211 0.00043023255813956496
1645241121142 3 11.571341000000004 0 922454 0.2152 0.00043023255813956496
1645241124939 3 11.817750000000004 0 942842 0.2191 0.00043023255813956496
1645241129096 3 11.559761000000002 0 884128 0.20539999999999997 0.00043023255813956496
1645241133116 3 11.538893000000002 0 828263 0.1921 0.00043023255813956496
1645241136998 3 11.780096999999998 0 981175 0.22799999999999998 0.00043023255813956496
1645241140783 3 11.772121999999996 0 939007 0.21810000000000002 0.00043023255813956496
1645241144846 3 11.760453999999996 0 841370 0.1955 0.00043023255813956496
1645241149148 3 11.505535000000009 0 947658 0.2203 0.00043023255813956496
1645241153213 3 11.499463000000006 0 828958 0.19290000000000002 0.00043023255813956496
1645241156582 3 11.994737999999998 0 977791 0.22749999999999998 0.00043023255813956496
1645241162269 3 10.26806400000001 0 847215 0.5591 0.00043023255813956496
1645241164802 3 11.733681000000004 0 978032 0.2346 0.00043023255813956496
1645241168589 3 11.968356999999997 0 934237 0.2169 0.00043023255813956496
1645241172755 3 11.964470000000006 0 889600 0.20659999999999998 0.00043023255813956496
1645241176682 3 11.955847000000006 0 988774 0.23290000000000002 0.00043023255813956496
1645241180666 3 11.949394999999996 0 808061 0.1879 0.00043023255813956496
1645241185072 3 11.688365000000005 0 995677 0.231 0.00043023255813956496
1645241188813 3 11.928933999999998 0 924757 0.21459999999999999 0.00043023255813956496
1645241192797 3 11.922352000000004 0 808228 0.1876 0.00043023255813956496
1645241196760 3 11.915633999999997 0 1014212 0.2352 0.00043023255813956496
1645241200820 3 11.900159000000002 0 845218 0.1961 0.00043023255813956496
1645241205056 3 11.638480000000015 0 910767 0.21139999999999998 0.00043023255813956496
1645241208751 3 11.881822999999997 0 901777 0.2092 0.00043023255813956496
1645241213114 3 11.621155000000016 0 967347 0.2251 0.00043023255813956496
1645241216886 3 11.852776000000006 0 935273 0.2173 0.00043023255813956496
1645241221117 3 11.593227000000013 0 916928 0.2132 0.00043023255813956496
1645241224913 3 11.838322000000005 0 940743 0.2185 0.00043023255813956496
1645241229067 3 11.574513999999994 0 877888 0.20390000000000003 0.00043023255813956496
1645241233134 3 11.569523000000004 0 839766 0.1951 0.00043023255813956496
1645241237018 3 11.558255000000003 0 976062 0.2265 0.00043023255813956496
1645241240848 3 11.80320900000001 0 958353 0.2226 0.00043023255813956496
1645241244888 3 11.791421000000014 0 836268 0.19419999999999998 0.00043023255813956496
1645241249241 3 11.530239999999992 0 968967 0.22410000000000002 0.00043023255813956496
1645241252764 3 11.772518999999988 0 825839 0.1924 0.00043023255813956496
1645241257133 3 11.518113999999997 0 974212 0.2265 0.00043023255813956496
1645241261259 3 11.511195000000015 0 867483 0.20179999999999998 0.00043023255813956496
1645241265149 3 11.505515000000003 0 987232 0.2291 0.00043023255813956496
1645241268890 3 11.747216000000009 0 921956 0.21400000000000002 0.00043023255813956496
1645241272615 3 11.991579000000002 0 913803 0.21259999999999998 0.00043023255813956496
1645241276954 3 11.734950999999995 0 958215 0.2226 0.00043023255813956496
1645241280995 3 11.716642000000007 0 832934 0.1933 0.00043023255813956496
1645241284925 3 11.708973000000015 0 1005593 0.233 0.00043023255813956496
1645241288704 3 11.940739000000008 0 935985 0.2177 0.00043023255813956496
1645241292664 3 11.936413000000016 0 802415 0.1862 0.00043023255813956496
1645241297089 3 11.671116000000012 0 999009 0.2324 0.00043023255813956496
1645241300710 3 11.915134999999992 0 869418 0.20249999999999999 0.00043023255813956496
1645241304896 3 11.658547999999996 0 897686 0.20859999999999998 0.00043023255813956496
1645241308732 3 11.901724999999999 0 960141 0.22280000000000003 0.00043023255813956496
1645241312959 3 11.642032999999998 0 914618 0.2121 0.00043023255813956496
1645241316763 3 11.879052999999999 0 949031 0.2206 0.00043023255813956496
1645241320999 3 11.620618000000007 0 919929 0.21339999999999998 0.00043023255813956496
1645241324759 3 11.859488999999996 0 930570 0.2162 0.00043023255813956496
1645241328941 3 11.604422999999997 0 894188 0.20750000000000002 0.00043023255813956496
1645241332984 3 11.595680000000016 0 835562 0.1944 0.00043023255813956496
1645241336882 3 11.84054900000001 0 986170 0.22970000000000002 0.00043023255813956496
1645241340711 3 11.824837000000002 0 955812 0.2226 0.00043023255813956496
1645241344756 3 11.818782999999996 0 837688 0.1943 0.00043023255813956496
1645241349114 3 11.558898 0 972932 0.2262 0.00043023255813956496
1645241353090 3 11.55486000000002 0 807690 0.1873 0.00043023255813956496
1645241356947 3 11.796904999999981 0 968173 0.22490000000000002 0.00043023255813956496
1645241361077 3 11.539331000000004 0 872734 0.20249999999999999 0.00043023255813956496
1645241364987 3 11.777001999999982 0 991679 0.2306 0.00043023255813956496
1645241369250 3 11.521928000000003 0 930061 0.21549999999999997 0.00043023255813956496
1645241372905 3 11.76390600000002 0 884740 0.2056 0.00043023255813956496
1645241377258 3 11.510063000000002 0 968599 0.22549999999999998 0.00043023255813956496
1645241380828 3 11.750211999999976 0 848189 0.1972 0.00043023255813956496
1645241384726 3 11.991096000000027 0 989262 0.22890000000000002 0.00043023255813956496
1645241388996 3 11.735112000000015 0 929927 0.2164 0.00043023255813956496
1645241392578 3 11.97703899999999 0 845977 0.1967 0.00043023255813956496
1645241397025 3 11.715615000000014 0 1009703 0.23479999999999998 0.00043023255813956496
1645241400629 3 11.961998999999992 0 861836 0.2008 0.00043023255813956496

