1645234363734 1 3.999999 816 346799 0.07139999999999999 -3.5088
1645234366649 4 5.105105999999999 0 1312552 0.2696 0.000174418604651283
1645234369602 4 6.148286000000001 0 1383123 0.2851 0.000662790697674609
1645234372692 4 7.056686000000001 0 1451767 0.29900000000000004 0.000662790697674609
1645234375488 4 8.260399999999999 0 1308083 0.26949999999999996 0.000662790697674609
1645234378259 4 9.488238999999998 0 1299338 0.26789999999999997 0.000662790697674609
1645234381366 4 10.382089 0 1453833 0.2999 0.000662790697674609
1645234384104 4 11.644873 0 1280990 0.26349999999999996 0.000662790697674609
1645234388037 4 11.762972000000001 0 1612910 0.3324 0.000662790697674609
1645234392139 4 11.757272000000004 0 1213987 0.2501 0.000662790697674609
1645234396085 4 11.748054000000003 0 1380918 0.2843 0.000662790697674609
1645234399937 4 11.990605000000002 0 1334467 0.2747 0.000662790697674609
1645234404068 4 11.729494000000003 0 1463126 0.3015 0.000662790697674609
1645234408133 4 11.724534000000006 0 1421742 0.29159999999999997 0.000662790697674609
1645234412202 4 11.715389000000002 0 1436771 0.2961 0.000662790697674609
1645234416240 4 11.705776 0 1425347 0.2935 0.000662790697674609
1645234420160 4 11.692412000000004 0 1366001 0.2815 0.000662790697674609
1645234423901 4 11.931729000000004 0 1281785 0.264 0.000662790697674609
1645234428121 4 11.674407000000002 0 1514044 0.3115 0.000662790697674609
1645234432171 4 11.664080999999996 0 1432783 0.29510000000000003 0.000662790697674609
1645234436158 4 11.651032999999998 0 1401397 0.28809999999999997 0.000662790697674609
1645234440254 4 11.640693999999996 0 1450362 0.2988 0.000662790697674609
1645234443969 4 11.879378000000003 0 1266375 0.261 0.000662790697674609
1645234448155 4 11.618983 0 1497932 0.3084 0.000662790697674609
1645234451962 4 11.862898000000001 0 1308773 0.2699 0.000662790697674609
1645234456197 4 11.608562000000006 0 1516715 0.31320000000000003 0.000662790697674609
1645234460219 4 11.597758999999996 0 1407805 0.2902 0.000662790697674609
1645234464203 4 11.577251000000004 0 1394624 0.2874 0.000662790697674609
1645234468406 4 11.561436 0 1502056 0.3101 0.000662790697674609
1645234472189 4 11.800692999999995 0 1276395 0.2684 0.000662790697674609
1645234476352 4 11.545752000000007 0 1480768 0.3052 0.000662790697674609
1645234479999 4 11.783285000000006 0 1473992 0.30369999999999997 0.000662790697674609
1645234484296 4 11.523648000000009 0 1306146 0.26890000000000003 0.000662790697674609
1645234488123 4 11.762723000000008 0 1565699 0.3221 0.000662790697674609
1645234492350 4 11.507475 0 1268922 0.2616 0.000662790697674609
1645234495855 4 11.996527000000015 0 1406335 0.2888 0.000662790697674609
1645234499816 4 11.989731000000006 0 1381377 0.2847 0.000662790697674609
1645234503957 4 11.976500000000016 0 1475162 0.30369999999999997 0.000662790697674609
1645234508011 4 11.960959000000003 0 1430482 0.2954 0.000662790697674609
1645234512093 4 11.697334000000012 0 1439994 0.2969 0.000662790697674609
1645234516086 4 11.692428000000007 0 1405476 0.2895 0.000662790697674609
1645234520046 4 11.929716000000013 0 1382866 0.28500000000000003 0.000662790697674609
1645234523858 4 11.904382999999996 0 1303196 0.2703 0.000662790697674609
1645234528135 4 11.644699000000003 0 1538814 0.3169 0.000662790697674609
1645234532175 4 11.63170500000001 0 1423261 0.2933 0.000662790697674609
1645234536121 4 11.874310000000008 0 1377859 0.28359999999999996 0.000662790697674609
1645234540096 4 11.860537999999991 0 1396488 0.28759999999999997 0.000662790697674609
1645234544304 4 11.599309000000005 0 1265878 0.2605 0.000662790697674609
1645234547950 4 11.844622000000015 0 1474721 0.3043 0.000662790697674609
1645234552359 4 11.58319800000001 0 1357016 0.2803 0.000662790697674609
1645234556069 4 11.823520000000002 0 1508969 0.31120000000000003 0.000662790697674609
1645234560097 4 11.81501399999999 0 1420161 0.2923 0.000662790697674609
1645234564082 4 11.801942999999994 0 1394798 0.2875 0.000662790697674609
1645234568280 4 11.545648 0 1499654 0.30920000000000003 0.000662790697674609
1645234572112 4 11.787525000000016 0 1323592 0.2717 0.000662790697674609
1645234576291 4 11.52933200000001 0 1477260 0.3047 0.000662790697674609
1645234583283 4 8.465717000000012 0 1474833 0.6869 0.000662790697674609
1645234585397 3 10.350422000000009 0 802415 0.1736 0.0006627906976743869
1645234588058 3 11.751465999999994 0 999009 0.20590000000000003 0.00043023255813956496
1645234591950 3 11.998614000000003 0 869418 0.1789 0.00043023255813956496
1645234595983 3 11.991247000000016 0 897686 0.1935 0.00043023255813956496
1645234600085 3 11.732770000000016 0 960141 0.2 0.00043023255813956496
1645234604187 4 11.721664000000004 0 1453425 0.2993 0.00043023255813956496
1645234607788 4 11.965204999999997 0 1453998 0.2998 0.000662790697674609
1645234611838 4 11.954454999999996 0 1424197 0.2935 0.000662790697674609
1645234615874 4 11.950110999999993 0 1409895 0.2903 0.000662790697674609
1645234619830 4 11.938334999999995 0 1381516 0.2847 0.000662790697674609
1645234624214 4 11.68304599999999 0 1298461 0.2763 0.000662790697674609
1645234627996 4 11.927138000000014 0 1530017 0.3155 0.000662790697674609
1645234632066 4 11.913216999999975 0 1437352 0.2964 0.000662790697674609
1645234635943 4 11.904263000000014 0 1344879 0.277 0.000662790697674609
1645234640117 4 11.648836000000017 0 1490910 0.30670000000000003 0.000662790697674609
1645234644331 4 11.635243000000003 0 1264017 0.261 0.000662790697674609
1645234647943 4 11.87744600000002 0 1458446 0.3008 0.000662790697674609
1645234652379 4 11.616472999999985 0 1366050 0.2821 0.000662790697674609
1645234656169 4 11.598291000000017 0 1540108 0.3171 0.000662790697674609
1645234660203 4 11.583753999999999 0 1421303 0.2928 0.000662790697674609
1645234664105 4 11.822152000000017 0 1359213 0.2799 0.000662790697674609
1645234668333 4 11.559829999999977 0 1514199 0.312 0.000662790697674609
1645234672608 4 11.637977999999976 0 1296661 0.2671 0.000662790697674609
1645234676482 4 11.599799000000019 0 1340186 0.2762 0.000662790697674609
1645234681142 4 11.708162000000016 0 1478975 0.30419999999999997 0.000662790697674609
1645234685012 4 11.941823999999997 0 1342511 0.2764 0.000662790697674609
1645234689262 4 11.681353000000001 0 1527618 0.3149 0.000662790697674609
1645234693040 4 11.922978 0 1297467 0.268 0.000662790697674609

