1645231185685 1 3.999999 3665 346799 0.3549 -15.7595
1645231193699 3 4.389977 4394 755039 0.7745 -18.894025581395347
1645231202482 3 4.4918450000000005 4886 835161 0.8560000000000001 -21.009369767441857
1645231211908 3 4.353881000000001 5287 908792 0.9289 -22.733669767441857
1645231220381 3 4.370960999999999 4488 804438 0.8244999999999999 -19.297969767441856
1645231228995 3 4.332521 4578 828659 0.8478 -19.684969767441856
1645231238822 3 4.393818 5886 937332 0.9601000000000001 -25.309369767441858
1645231246902 3 4.2619679999999995 3952 776416 0.7948999999999999 -16.99316976744186
1645231257623 3 4.449247000000003 6905 1025687 1.0497 -29.69106976744186
1645231266102 3 4.333055000000002 4367 815426 0.8356999999999999 -18.777669767441857
1645231275378 3 4.429086000000005 5372 884625 0.9056 -23.099169767441857
1645231284781 3 4.286185000000003 5261 904952 0.9286 -22.621869767441858
1645231294792 3 4.278410000000001 6005 954418 0.9775 -25.82106976744186
1645231304246 3 4.261927 5435 910446 0.9327 -23.37006976744186
1645231313928 3 4.429915000000001 5851 922454 0.9456 -25.158869767441857
1645231323720 3 4.265609000000005 5628 942842 0.9663 -24.199969767441857
1645231332980 3 4.373800000000003 5368 884128 0.9041 -23.081969767441855
1645231341589 3 4.472777000000008 4711 828263 0.8481 -20.25686976744186
1645231351841 3 4.413263999999998 6194 981175 1.0031 -26.633769767441855
1645231361588 3 4.334682000000001 5667 939007 0.9615 -24.367669767441857
1645231370416 3 4.479380000000006 4974 841370 0.8608 -21.38776976744186
1645231380242 3 4.434505999999999 5781 947658 0.9712 -24.85786976744186
1645231388946 3 4.448025000000001 4718 828958 0.8481 -20.286969767441857
1645231399073 3 4.387989000000005 6067 977791 1.0017 -26.087669767441856
1645231407985 3 4.430633 4957 847215 0.8686999999999999 -21.314669767441856
1645231418116 3 4.364241000000007 6066 978032 1.0013999999999998 -26.08336976744186
1645231427903 3 4.412179000000009 5835 934237 0.9566000000000001 -25.090069767441857
1645231437125 3 4.480895000000004 5287 889600 0.9103 -22.733669767441857
1645231447490 3 4.496414999999999 6384 988774 1.014 -27.450769767441855
1645231455888 3 4.358229000000009 4259 808061 0.8269 -18.31326976744186
1645231466297 3 4.349874 6396 995677 1.0191000000000001 -27.50236976744186
1645231475985 3 4.471919999999997 5817 924757 0.9471 -25.012669767441857
1645231484387 3 4.273275999999996 4204 808228 0.8289 -18.07676976744186
1645231495006 3 4.4495939999999905 6794 1014212 1.0383 -29.213769767441857
1645231503786 3 4.479858000000007 4810 845218 0.8642 -20.68256976744186

