1645230863367 1 3.999999 1069 346799 0.0944 -4.5967
1645230864478 1 6.904467 0 363755 0.10129999999999999 0.00017441860465117198
1645230865586 1 9.795432000000002 0 362842 0.10089999999999999 0.00017441860465117198
1645230867757 1 11.822771 0 384791 0.1072 0.00017441860465117198
1645230871759 3 11.813187 0 804438 0.22410000000000002 0.000174418604651283
1645230875712 3 11.793327999999999 0 828659 0.2352 0.00043023255813956496
1645230879930 3 11.533742999999998 0 937332 0.26080000000000003 0.00043023255813956496
1645230883706 3 11.775299999999998 0 776416 0.2158 0.00043023255813956496
1645230887664 3 11.768007 0 1025687 0.2861 0.00043023255813956496
1645230892047 3 11.513520000000003 0 815426 0.22749999999999998 0.00043023255813956496
1645230896124 3 11.502483000000005 0 884625 0.24689999999999998 0.00043023255813956496
1645230899752 3 11.742317 0 904952 0.2525 0.00043023255813956496
1645230903513 3 11.986967 0 954418 0.2663 0.00043023255813956496
1645230907653 3 11.731128000000005 0 910446 0.253 0.00043023255813956496
1645230911826 3 11.721078000000006 0 922454 0.2572 0.00043023255813956496
1645230915568 3 11.965050000000005 0 942842 0.26349999999999996 0.00043023255813956496
1645230919644 3 11.953145 0 884128 0.2467 0.00043023255813956496
1645230923562 3 11.947487000000002 0 828263 0.2304 0.00043023255813956496
1645230929796 3 9.587693999999999 0 981175 0.6132 0.00043023255813956496
1645230931642 1 11.925184000000002 0 392939 0.1145 0.00043023255813956496
1645230935595 3 11.916610000000006 0 841370 0.23500000000000001 0.000174418604651283
1645230939874 3 11.655066000000005 0 947658 0.26749999999999996 0.00043023255813956496
1645230943796 3 11.64802300000001 0 828958 0.23079999999999998 0.00043023255813956496
1645230947641 3 11.890676999999997 0 977791 0.27290000000000003 0.00043023255813956496
1645230951603 3 11.882530000000003 0 847215 0.236 0.00043023255813956496
1645230955926 3 11.620486 0 978032 0.2726 0.00043023255813956496
1645230959629 3 11.857990999999998 0 934237 0.2602 0.00043023255813956496
1645230963710 3 11.854894999999999 0 889600 0.248 0.00043023255813956496
1645230967571 3 11.844160000000002 0 988774 0.2753 0.00043023255813956496
1645230971923 3 11.589185999999998 0 808061 0.2259 0.00043023255813956496
1645230975797 3 11.831693000000001 0 995677 0.27759999999999996 0.00043023255813956496
1645230979980 3 11.571540999999996 0 924757 0.2577 0.00043023255813956496
1645230983836 3 11.566466000000005 0 808228 0.2257 0.00043023255813956496
1645230987762 3 11.809638000000007 0 1014212 0.2827 0.00043023255813956496
1645230991725 3 11.803412000000009 0 845218 0.2359 0.00043023255813956496
1645230995872 3 11.545825000000008 0 910767 0.25379999999999997 0.00043023255813956496
1645230999983 3 11.540006000000005 0 901777 0.2516 0.00043023255813956496
1645231003782 3 11.786059999999992 0 967347 0.27 0.00043023255813956496
1645231007993 3 11.528331000000009 0 935273 0.2612 0.00043023255813956496
1645231011661 3 11.769182 0 916928 0.256 0.00043023255813956496
1645231015886 3 11.507957000000005 0 940743 0.2621 0.00043023255813956496
1645231019937 3 11.502184 0 877888 0.2446 0.00043023255813956496
1645231023391 3 11.992286000000007 0 839766 0.23450000000000001 0.00043023255813956496
1645231027722 3 11.734440000000006 0 976062 0.2725 0.00043023255813956496
1645231031492 3 11.975912999999991 0 958353 0.2666 0.00043023255813956496
1645231035425 3 11.970935999999995 0 836268 0.233 0.00043023255813956496
1645231039726 3 11.707145999999995 0 968967 0.2701 0.00043023255813956496
1645231043637 3 11.951819999999998 0 825839 0.2304 0.00043023255813956496
1645231047453 3 11.941024999999996 0 974212 0.27090000000000003 0.00043023255813956496
1645231051470 3 11.931928999999997 0 867483 0.2424 0.00043023255813956496
1645231055825 3 11.673541999999998 0 987232 0.2754 0.00043023255813956496
1645231059493 3 11.917180000000002 0 921956 0.25680000000000003 0.00043023255813956496
1645231063649 3 11.904724000000016 0 913803 0.25529999999999997 0.00043023255813956496
1645231067931 3 11.643097000000012 0 958215 0.26739999999999997 0.00043023255813956496
1645231071858 3 11.637265000000014 0 832934 0.23199999999999998 0.00043023255813956496
1645231075759 3 11.628028 0 1005593 0.2802 0.00043023255813956496
1645231079970 3 11.62230199999999 0 935985 0.261 0.00043023255813956496
1645231083808 3 11.613575999999995 0 802415 0.22360000000000002 0.00043023255813956496
1645231087698 3 11.855973000000006 0 999009 0.2787 0.00043023255813956496
1645231091715 3 11.844656000000015 0 869418 0.24230000000000002 0.00043023255813956496
1645231095827 3 11.583516000000003 0 897686 0.2508 0.00043023255813956496
1645231099602 3 11.824259000000012 0 960141 0.2676 0.00043023255813956496
1645231103751 3 11.813524999999998 0 914618 0.255 0.00043023255813956496
1645231107992 3 11.556744000000009 0 949031 0.26389999999999997 0.00043023255813956496
1645231111662 3 11.797954000000004 0 919929 0.257 0.00043023255813956496
1645231117777 3 9.605091000000016 0 930570 0.6013 0.00043023255813956496
1645231119554 1 11.982182000000023 0 371908 0.1091 0.00043023255813956496
1645231123988 3 11.528853000000026 0 835562 0.23290000000000002 0.000174418604651283
1645231127868 3 11.524196000000018 0 986170 0.27749999999999997 0.00043023255813956496
1645231131639 3 11.762428 0 955812 0.2664 0.00043023255813956496
1645231136079 3 11.505297999999982 0 837688 0.2339 0.00043023255813956496
1645231139893 3 11.50017200000002 0 972932 0.2716 0.00043023255813956496
1645231143747 3 11.744331999999986 0 807690 0.2251 0.00043023255813956496
1645231147548 3 11.986158999999986 0 968173 0.2699 0.00043023255813956496
1645231151576 3 11.97866399999998 0 872734 0.2428 0.00043023255813956496
1645231155446 3 11.967957000000013 0 991679 0.2765 0.00043023255813956496
1645231159645 3 11.961445000000026 0 930061 0.2596 0.00043023255813956496
1645231163716 3 11.698260000000005 0 884740 0.24630000000000002 0.00043023255813956496
1645231167534 3 11.941334999999981 0 968599 0.27090000000000003 0.00043023255813956496
1645231171498 3 11.934656000000018 0 848189 0.2364 0.00043023255813956496
1645231175853 3 11.678399000000013 0 989262 0.2757 0.00043023255813956496
1645231179550 3 11.917874999999981 0 929927 0.2591 0.00043023255813956496
1645231183514 3 11.90546999999998 0 845977 0.2358 0.00043023255813956496
1645231187934 3 11.645665000000008 0 1009703 0.2818 0.00043023255813956496

