1645231877919 1 3.999999 1062 346799 0.0916 -4.566599999999999
1645231878685 0 7.239095 0 213385 0.0576 0.00017441860465117198
1645231879166 0 10.762604000000001 0 141806 0.038400000000000004 0.00006976744186043549
1645231882575 0 11.550841000000002 0 112578 0.030199999999999998 0.00006976744186043549
1645231886450 0 11.544737 0 80671 0.027500000000000004 0.00006976744186043549
1645231890293 0 11.787230999999998 0 68729 0.0243 0.00006976744186043549
1645231894321 0 11.780165999999998 0 137895 0.0427 0.00006976744186043549
1645231898298 0 11.773525 0 114138 0.0377 0.00006976744186043549
1645231902301 0 11.767877000000002 0 126013 0.04 0.00006976744186043549
1645231906547 0 11.513516000000003 0 217236 0.0648 0.00006976744186043549
1645231910288 0 11.755478000000004 0 219398 0.0643 0.00006976744186043549
1645231914423 0 11.749841000000004 0 177648 0.053500000000000006 0.00006976744186043549
1645231918017 0 11.988623000000004 0 166856 0.0498 0.00006976744186043549
1645231922278 0 11.723268000000004 0 223685 0.0659 0.00006976744186043549
1645231925982 0 11.962481000000004 0 206455 0.060899999999999996 0.00006976744186043549
1645231929976 0 11.951896000000005 0 121534 0.0388 0.00006976744186043549
1645231934414 0 11.695041000000003 0 105092 0.0334 0.00006976744186043549
1645231938238 0 11.935583000000001 0 63086 0.0223 0.00006976744186043549
1645231942121 0 11.921856000000005 0 87739 0.028699999999999996 0.00006976744186043549
1645231946185 0 11.909205 0 152905 0.046200000000000005 0.00006976744186043549
1645231950106 0 11.899329000000009 0 100587 0.0324 0.00006976744186043549
1645231954260 0 11.889920000000004 0 186001 0.055200000000000006 0.00006976744186043549
1645231958469 0 11.633629999999997 0 201620 0.0607 0.00006976744186043549
1645231962215 0 11.879124000000004 0 218012 0.0639 0.00006976744186043549
1645231966205 0 11.866647999999998 0 123058 0.0388 0.00006976744186043549
1645231970393 0 11.609933999999996 0 198856 0.058899999999999994 0.00006976744186043549
1645231974273 0 11.851939999999999 0 223061 0.0653 0.00006976744186043549
1645231978308 0 11.84505 0 143385 0.0435 0.00006976744186043549
1645231982267 0 11.837353000000007 0 117021 0.0364 0.00006976744186043549
1645231986140 0 11.831046999999998 0 83595 0.027700000000000002 0.00006976744186043549
1645231990473 0 11.571574999999996 0 68011 0.0234 0.00006976744186043549
1645231994486 0 11.564301999999998 0 134264 0.0411 0.00006976744186043549
1645231998446 0 11.556602999999996 0 113722 0.0361 0.00006976744186043549
1645232002444 0 11.546484000000007 0 122694 0.0388 0.00006976744186043549
1645232006183 0 11.784985000000006 0 215146 0.0635 0.00006976744186043549
1645232010424 0 11.524059999999992 0 213339 0.0625 0.00006976744186043549
1645232014548 0 11.515079000000014 0 176949 0.0528 0.00006976744186043549
1645232018636 0 11.510650999999996 0 158356 0.048299999999999996 0.00006976744186043549
1645232022384 0 11.757233000000014 0 219852 0.0651 0.00006976744186043549
1645232026065 0 11.996972999999997 0 196864 0.058499999999999996 0.00006976744186043549
1645232030039 0 11.987222000000003 0 116610 0.0369 0.00006976744186043549
1645232033988 0 11.976697999999999 0 107223 0.034499999999999996 0.00006976744186043549
1645232038323 0 11.708686 0 64332 0.023 0.00006976744186043549
1645232042255 0 11.698109000000017 0 88753 0.0314 0.00006976744186043549
1645232046322 0 11.688198999999997 0 153489 0.0468 0.00006976744186043549
1645232050260 0 11.677318000000014 0 101805 0.033100000000000004 0.00006976744186043549
1645232054428 0 11.671695999999997 0 186822 0.0553 0.00006976744186043549
1645232058131 0 11.906499999999994 0 200149 0.0598 0.00006976744186043549
1645232062375 0 11.649882999999988 0 215305 0.06420000000000001 0.00006976744186043549
1645232066387 0 11.633700000000005 0 128759 0.0402 0.00006976744186043549
1645232070086 0 11.864642000000003 0 199367 0.059199999999999996 0.00006976744186043549
1645232074339 0 11.603381000000013 0 220759 0.065 0.00006976744186043549
1645232078430 0 11.584176000000014 0 149511 0.0459 0.00006976744186043549
1645232082405 0 11.573069000000004 0 118879 0.0375 0.00006976744186043549
1645232086294 0 11.816554999999994 0 85418 0.028399999999999998 0.00006976744186043549
1645232090187 0 11.811397999999997 0 68807 0.0256 0.00006976744186043549
1645232094209 0 11.802296000000013 0 132565 0.0414 0.00006976744186043549
1645232098183 0 11.793686000000008 0 117262 0.0376 0.00006976744186043549
1645232102156 0 11.782191000000012 0 116418 0.0365 0.00006976744186043549
1645232106422 0 11.519182 0 223024 0.0668 0.00006976744186043549
1645232110153 0 11.99382 0 214538 0.0636 0.00006976744186043549
1645232114306 0 11.73684399999999 0 178191 0.05450000000000001 0.00006976744186043549
1645232118392 0 11.721587999999997 0 161454 0.0484 0.00006976744186043549
1645232122120 0 11.963426999999996 0 212225 0.0628 0.00006976744186043549
1645232126308 0 11.706682 0 195858 0.058699999999999995 0.00006976744186043549
1645232130304 0 11.698054000000013 0 119665 0.0383 0.00006976744186043549
1645232134262 0 11.683465000000012 0 108667 0.0355 0.00006976744186043549
1645232138091 0 11.926894000000004 0 64782 0.0228 0.00006976744186043549
1645232142483 0 11.670143999999993 0 87523 0.029099999999999997 0.00006976744186043549
1645232146061 0 11.909177999999997 0 155607 0.0474 0.00006976744186043549
1645232150485 0 11.644475999999997 0 100404 0.0327 0.00006976744186043549
1645232154145 0 11.884391999999991 0 183614 0.05550000000000001 0.00006976744186043549
1645232158341 0 11.624876000000029 0 197686 0.0591 0.00006976744186043549
1645232162077 0 11.867227000000014 0 217520 0.064 0.00006976744186043549
1645232166090 0 11.859008000000017 0 132353 0.0411 0.00006976744186043549
1645232170285 0 11.84310499999998 0 199853 0.0593 0.00006976744186043549
1645232174541 0 11.582623000000012 0 225614 0.06620000000000001 0.00006976744186043549
1645232178114 0 11.826534999999978 0 150477 0.046700000000000005 0.00006976744186043549
1645232182585 0 11.566861000000017 0 117995 0.0369 0.00006976744186043549
1645232186472 0 11.563406999999984 0 86503 0.029099999999999997 0.00006976744186043549
1645232190297 0 11.807729999999992 0 67335 0.0228 0.00006976744186043549
1645232194306 0 11.796806000000004 0 132169 0.0407 0.00006976744186043549
1645232198277 0 11.79019900000003 0 118800 0.0376 0.00006976744186043549
1645232202249 0 11.785527000000002 0 116618 0.0369 0.00006976744186043549
1645232206497 0 11.525066999999979 0 222296 0.0651 0.00006976744186043549

