1645234416336 1 3.999999 868 346799 0.0716 -3.7323999999999997
1645234417180 1 7.176216999999999 0 363755 0.0737 0.00017441860465117198
1645234418018 1 10.334615000000001 0 362842 0.0744 0.00017441860465117198
1645234420901 1 11.622154000000002 0 384791 0.0766 0.00017441860465117198
1645234424851 3 11.615393 0 804438 0.17450000000000002 0.000174418604651283
1645234428750 3 11.606715 0 828659 0.17909999999999998 0.00043023255813956496
1645234432861 3 11.597393999999998 0 937332 0.2011 0.00043023255813956496
1645234436575 3 11.841605999999999 0 776416 0.1615 0.00043023255813956496
1645234440785 3 11.583301000000002 0 1025687 0.21070000000000003 0.00043023255813956496
1645234444565 3 11.827475000000003 0 815426 0.16799999999999998 0.00043023255813956496
1645234448985 3 11.563085000000001 0 884625 0.1826 0.00043023255813956496
1645234452948 3 11.552620000000005 0 904952 0.1864 0.00043023255813956496
1645234457017 3 11.547336000000001 0 954418 0.1966 0.00043023255813956496
1645234460986 3 11.527811 0 910446 0.187 0.00043023255813956496
1645234464989 3 11.519586000000004 0 922454 0.1903 0.00043023255813956496
1645234469031 3 11.512980000000006 0 942842 0.19419999999999998 0.00043023255813956496
1645234472951 3 11.505833000000003 0 884128 0.182 0.00043023255813956496
1645234476752 3 11.750461000000001 0 828263 0.1705 0.00043023255813956496
1645234480367 3 11.997028999999998 0 981175 0.2022 0.00043023255813956496
1645234484404 3 11.982951999999997 0 939007 0.1936 0.00043023255813956496
1645234488735 3 11.719876 0 841370 0.1731 0.00043023255813956496
1645234492839 3 11.705418000000009 0 947658 0.1954 0.00043023255813956496
1645234496645 3 11.949356000000009 0 828958 0.1705 0.00043023255813956496
1645234500759 3 11.691823999999997 0 977791 0.20139999999999997 0.00043023255813956496
1645234504604 3 11.932446999999996 0 847215 0.17470000000000002 0.00043023255813956496
1645234508721 3 11.667488000000006 0 978032 0.20179999999999998 0.00043023255813956496
1645234512769 3 11.662641000000008 0 934237 0.1928 0.00043023255813956496
1645234516699 3 11.901576000000006 0 889600 0.1832 0.00043023255813956496
1645234520849 3 11.63997400000001 0 988774 0.2043 0.00043023255813956496
1645234524602 3 11.880693000000008 0 808061 0.1661 0.00043023255813956496
1645234528752 3 11.615891000000005 0 995677 0.2051 0.00043023255813956496
1645234532758 3 11.606608000000008 0 924757 0.1907 0.00043023255813956496
1645234536530 3 11.851359000000002 0 808228 0.1665 0.00043023255813956496
1645234540723 3 11.837714000000005 0 1014212 0.20939999999999998 0.00043023255813956496
1645234544565 3 11.832950000000011 0 845218 0.17450000000000002 0.00043023255813956496
1645234548550 3 11.820223999999996 0 910767 0.188 0.00043023255813956496
1645234553020 3 11.558807000000002 0 901777 0.18580000000000002 0.00043023255813956496
1645234556616 3 11.800350000000009 0 967347 0.1993 0.00043023255813956496
1645234560648 3 11.788397000000003 0 935273 0.1931 0.00043023255813956496
1645234564628 3 11.78314499999999 0 916928 0.18839999999999998 0.00043023255813956496
1645234568662 3 11.772413999999998 0 940743 0.1937 0.00043023255813956496
1645234573083 3 11.515025000000009 0 877888 0.1809 0.00043023255813956496
1645234576927 3 11.505220000000008 0 839766 0.1733 0.00043023255813956496
1645234580551 3 11.994340999999991 0 976062 0.20129999999999998 0.00043023255813956496
1645234584622 3 11.73613499999999 0 958353 0.1976 0.00043023255813956496
1645234588446 3 11.977119000000016 0 836268 0.1719 0.00043023255813956496
1645234592559 3 11.967919999999992 0 968967 0.1992 0.00043023255813956496
1645234596867 3 11.704552000000007 0 825839 0.1708 0.00043023255813956496
1645234600471 3 11.950332000000003 0 974212 0.1991 0.00043023255813956496
1645234604872 3 11.688997 0 867483 0.179 0.00043023255813956496
1645234608513 3 11.924158000000006 0 987232 0.2031 0.00043023255813956496
1645234612547 3 11.920353000000006 0 921956 0.1908 0.00043023255813956496
1645234616541 3 11.913297 0 913803 0.18839999999999998 0.00043023255813956496
1645234620626 3 11.904427999999996 0 958215 0.1983 0.00043023255813956496
1645234624946 3 11.644001000000003 0 832934 0.1708 0.00043023255813956496
1645234628625 3 11.888799000000006 0 1005593 0.20659999999999998 0.00043023255813956496
1645234632669 3 11.878334999999993 0 935985 0.1923 0.00043023255813956496
1645234636940 3 11.624368000000004 0 802415 0.1651 0.00043023255813956496
1645234640599 3 11.86816300000001 0 999009 0.20600000000000002 0.00043023255813956496
1645234644988 3 11.598196000000002 0 869418 0.179 0.00043023255813956496
1645234648946 3 11.589822999999996 0 897686 0.1855 0.00043023255813956496
1645234652530 3 11.825386000000009 0 960141 0.1978 0.00043023255813956496
1645234657023 3 11.569256999999993 0 914618 0.18839999999999998 0.00043023255813956496
1645234660586 3 11.808526 0 949031 0.19519999999999998 0.00043023255813956496
1645234664588 3 11.800094999999999 0 919929 0.18819999999999998 0.00043023255813956496
1645234668603 3 11.779486999999989 0 930570 0.1914 0.00043023255813956496
1645234673050 3 11.518611000000021 0 894188 0.1843 0.00043023255813956496
1645234676422 3 11.962403999999992 0 835562 0.1714 0.00043023255813956496
1645234681298 3 11.588996000000009 0 986170 0.20329999999999998 0.00043023255813956496
1645234684869 3 11.830330000000004 0 955812 0.1968 0.00043023255813956496
1645234689204 3 11.568943999999988 0 837688 0.1721 0.00043023255813956496
1645234693313 3 11.556626999999992 0 972932 0.2003 0.00043023255813956496
1645234697082 3 11.798670000000016 0 807690 0.1662 0.00043023255813956496
1645234701179 3 11.529833999999994 0 968173 0.1991 0.00043023255813956496
1645234705081 3 11.770624999999995 0 872734 0.17980000000000002 0.00043023255813956496
1645234709228 3 11.504264999999975 0 991679 0.2044 0.00043023255813956496
1645234712754 3 11.994429000000025 0 930061 0.19219999999999998 0.00043023255813956496
1645234716685 3 11.990475000000004 0 884740 0.18209999999999998 0.00043023255813956496
1645234720795 3 11.970692999999983 0 968599 0.2001 0.00043023255813956496
1645234725181 3 11.705069999999978 0 848189 0.1741 0.00043023255813956496
1645234728826 3 11.944585000000018 0 989262 0.2041 0.00043023255813956496
1645234732853 3 11.936032000000012 0 929927 0.1914 0.00043023255813956496
1645234737228 3 11.677703000000008 0 845977 0.1738 0.00043023255813956496
1645234740937 3 11.910125999999991 0 1009703 0.20790000000000003 0.00043023255813956496
1645234744818 3 11.903566000000012 0 861836 0.17709999999999998 0.00043023255813956496

