1645236221027 1 3.999999 1962 346799 0.18480000000000002 -8.4366
1645236223113 0 5.917002 0 213385 0.11299999999999999 0.00017441860465117198
1645236223990 0 9.040731000000001 0 141806 0.0752 0.00006976744186043549
1645236226179 1 10.847943 0 384791 0.20400000000000001 0.000069767441860491
1645236229101 1 11.969928999999999 0 339137 0.1799 0.00017441860465117198
1645236233337 1 11.697567999999999 0 393219 0.2092 0.00017441860465117198
1645236237130 1 11.932527 0 406206 0.2157 0.00017441860465117198
1645236241377 1 11.665509999999998 0 303135 0.16040000000000001 0.00017441860465117198
1645236245225 1 11.902202000000003 0 414092 0.21949999999999997 0.00017441860465117198
1645236249166 1 11.886982000000003 0 337705 0.1779 0.00017441860465117198
1645236253238 1 11.868354000000004 0 366374 0.1951 0.00017441860465117198
1645236257248 1 11.861681000000004 0 352030 0.1862 0.00017441860465117198
1645236261394 1 11.844537000000003 0 371605 0.1968 0.00017441860465117198
1645236265588 1 11.583094000000003 0 385670 0.2044 0.00017441860465117198
1645236269211 1 11.827197000000005 0 374050 0.19790000000000002 0.00017441860465117198
1645236273300 1 11.815325000000001 0 367058 0.1943 0.00017441860465117198
1645236277468 1 11.805926 0 377983 0.2009 0.00017441860465117198
1645236281326 1 11.765792000000005 0 326924 0.17250000000000001 0.00017441860465117198
1645236285529 1 11.508766000000008 0 388939 0.2064 0.00017441860465117198
1645236289739 1 11.500500000000002 0 392939 0.2089 0.00017441860465117198
1645236293298 1 11.745497 0 362131 0.1927 0.00017441860465117198
1645236297093 1 11.990508000000005 0 402712 0.2145 0.00017441860465117198
1645236301482 1 11.722071 0 327400 0.1731 0.00017441860465117198
1645236305253 1 11.961734000000007 0 401133 0.21309999999999998 0.00017441860465117198
1645236309563 1 11.699618000000001 0 317452 0.16770000000000002 0.00017441860465117198
1645236313264 1 11.924352999999996 0 391753 0.20790000000000003 0.00017441860465117198
1645236317443 1 11.666207999999997 0 384934 0.20390000000000003 0.00017441860465117198
1645236321513 1 11.658089000000004 0 367179 0.1948 0.00017441860465117198
1645236325198 1 11.899586 0 387965 0.20550000000000002 0.00017441860465117198
1645236329590 1 11.639408000000003 0 333821 0.17709999999999998 0.00017441860465117198
1645236333313 1 11.880222000000003 0 394452 0.20950000000000002 0.00017441860465117198
1645236337610 1 11.618918000000008 0 409513 0.2166 0.00017441860465117198
1645236341360 1 11.862485000000007 0 307174 0.1633 0.00017441860465117198
1645236345216 1 11.854792000000003 0 420407 0.2231 0.00017441860465117198
1645236349649 1 11.599632000000014 0 340231 0.1804 0.00017441860465117198
1645236353258 1 11.836145000000016 0 374730 0.1983 0.00017441860465117198
1645236357260 1 11.821546000000012 0 353022 0.1864 0.00017441860465117198
1645236361461 1 11.814884000000006 0 393253 0.20800000000000002 0.00017441860465117198
1645236365539 1 11.523751000000004 0 368813 0.1947 0.00017441860465117198
1645236369656 1 11.517336999999998 0 372578 0.19770000000000001 0.00017441860465117198
1645236373271 1 11.754909999999995 0 374507 0.1983 0.00017441860465117198
1645236377358 1 11.74776399999999 0 372824 0.1976 0.00017441860465117198
1645236381229 1 11.986084000000005 0 326437 0.17350000000000002 0.00017441860465117198
1645236385373 1 11.72861499999999 0 383127 0.2031 0.00017441860465117198
1645236389129 1 11.970371999999998 0 400632 0.2124 0.00017441860465117198
1645236393078 1 11.961084999999997 0 342596 0.1815 0.00017441860465117198
1645236397362 1 11.70473899999999 0 407655 0.21610000000000001 0.00017441860465117198
1645236401277 1 11.950285000000008 0 337450 0.179 0.00017441860465117198
1645236405584 1 11.674623999999994 0 404220 0.2142 0.00017441860465117198
1645236409429 0 11.635379 0 128759 0.06870000000000001 0.00017441860465117198
1645236413625 0 11.631642 0 199367 0.10540000000000001 0.00006976744186043549
1645236417414 0 11.618390000000005 0 220759 0.11699999999999999 0.00006976744186043549
1645236421326 0 11.865037999999998 0 149511 0.0792 0.00006976744186043549
1645236425577 0 11.606020000000001 0 118879 0.0632 0.00006976744186043549
1645236429665 0 11.59911600000001 0 85418 0.0463 0.00006976744186043549
1645236433666 0 11.573745000000002 0 68807 0.0375 0.00006976744186043549
1645236437493 0 11.567854000000011 0 132565 0.0711 0.00006976744186043549
1645236441243 0 11.809883000000013 0 117262 0.0632 0.00006976744186043549
1645236445499 0 11.552015000000011 0 116418 0.0632 0.00006976744186043549
1645236449338 0 11.793360000000007 0 223024 0.11979999999999999 0.00006976744186043549
1645236453596 0 11.531213000000008 0 214538 0.11410000000000001 0.00006976744186043549
1645236457653 0 11.525733000000002 0 178191 0.0944 0.00006976744186043549
1645236461625 0 11.519699000000003 0 161454 0.0857 0.00006976744186043549
1645236465377 0 11.762607000000003 0 212225 0.1125 0.00006976744186043549
1645236469544 0 11.504923999999988 0 195858 0.10389999999999999 0.00006976744186043549
1645236473311 0 11.747195000000005 0 119665 0.0641 0.00006976744186043549
1645236477519 0 11.739997000000017 0 108667 0.059 0.00006976744186043549
1645236481536 0 11.66850199999999 0 64782 0.0351 0.00006976744186043549
1645236485132 0 11.912346000000014 0 87523 0.0472 0.00006976744186043549
1645236489602 0 11.654960000000017 0 155607 0.0833 0.00006976744186043549
1645236493286 0 11.861669000000006 0 100404 0.053500000000000006 0.00006976744186043549
1645236497399 0 11.855117000000007 0 183614 0.0983 0.00006976744186043549
1645236501588 0 11.59587700000003 0 197686 0.1062 0.00006976744186043549
1645236505411 0 11.83967899999999 0 217520 0.11610000000000001 0.00006976744186043549
1645236509264 0 11.794333999999992 0 132353 0.06889999999999999 0.00006976744186043549
1645236513484 0 11.787089999999978 0 199853 0.1072 0.00006976744186043549
1645236517321 0 11.747940000000028 0 225614 0.12079999999999999 0.00006976744186043549
1645236521251 0 11.98922600000003 0 150477 0.0799 0.00006976744186043549
1645236525522 0 11.730037999999979 0 117995 0.0638 0.00006976744186043549
1645236529158 0 11.924624999999992 0 86503 0.046200000000000005 0.00006976744186043549
1645236533163 0 11.917615000000012 0 67335 0.0358 0.00006976744186043549
1645236537541 0 11.656655 0 132169 0.0712 0.00006976744186043549
1645236541351 0 11.894934999999975 0 118800 0.0644 0.00006976744186043549
1645236545651 0 11.594861999999978 0 116618 0.0626 0.00006976744186043549

