1645236894415 1 3.989181 1244 346799 0.11000000000000001 -5.3492
1645236895672 1 6.710999 0 363755 0.1147 0.00017441860465117198
1645236896915 1 9.467604000000001 0 362842 0.1147 0.00017441860465117198
1645236898730 1 11.693840000000002 0 384791 0.12179999999999999 0.00017441860465117198
1645236902483 3 11.938586999999998 0 804438 0.255 0.000174418604651283
1645236906714 3 11.675666 0 828659 0.262 0.00043023255813956496
1645236910790 3 11.667355999999998 0 937332 0.29710000000000003 0.00043023255813956496
1645236914854 3 11.66424 0 776416 0.24630000000000002 0.00043023255813956496
1645236918701 3 11.832179000000004 0 1025687 0.3244 0.00043023255813956496
1645236922891 3 11.648215000000004 0 815426 0.2581 0.00043023255813956496
1645236926816 3 11.642017000000003 0 884625 0.2801 0.00043023255813956496
1645236930819 3 11.626044 0 904952 0.2861 0.00043023255813956496
1645236934956 3 11.615912000000002 0 954418 0.3021 0.00043023255813956496
1645236938962 3 11.606847000000002 0 910446 0.28809999999999997 0.00043023255813956496
1645236944932 3 9.470299000000004 0 922454 0.5838 0.00043023255813956496
1645236946878 1 11.592186000000005 0 367058 0.1203 0.00043023255813956496
1645236950789 3 11.835329999999999 0 884128 0.2807 0.000174418604651283
1645236955021 3 11.575715000000002 0 828263 0.2624 0.00043023255813956496
1645236958735 3 11.815797000000003 0 981175 0.3108 0.00043023255813956496
1645236962810 3 11.80804400000001 0 939007 0.2973 0.00043023255813956496
1645236967078 3 11.545296000000008 0 841370 0.2662 0.00043023255813956496
1645236970696 3 11.779441000000006 0 947658 0.3004 0.00043023255813956496
1645236974964 3 11.518510000000006 0 828958 0.2627 0.00043023255813956496
1645236978667 3 11.760323999999997 0 977791 0.3096 0.00043023255813956496
1645236982461 3 11.987654000000006 0 847215 0.2684 0.00043023255813956496
1645236986660 3 11.730565999999996 0 978032 0.31 0.00043023255813956496
1645236990746 3 11.717752000000004 0 934237 0.29660000000000003 0.00043023255813956496
1645236994668 3 11.712643 0 889600 0.2818 0.00043023255813956496
1645236998911 3 11.700046 0 988774 0.3123 0.00043023255813956496
1645237002575 3 11.932696000000007 0 808061 0.25539999999999996 0.00043023255813956496
1645237006835 3 11.674363 0 995677 0.3154 0.00043023255813956496
1645237010865 3 11.659447999999998 0 924757 0.2926 0.00043023255813956496
1645237014526 3 11.902162000000004 0 808228 0.25579999999999997 0.00043023255813956496
1645237018841 3 11.646303000000003 0 1014212 0.3209 0.00043023255813956496
1645237022624 3 11.88472200000001 0 845218 0.2678 0.00043023255813956496
1645237026649 3 11.867658000000006 0 910767 0.2886 0.00043023255813956496
1645237030616 3 11.861474000000015 0 901777 0.2847 0.00043023255813956496
1645237034792 3 11.594612000000012 0 967347 0.3068 0.00043023255813956496
1645237038864 3 11.579251999999997 0 935273 0.29700000000000004 0.00043023255813956496
1645237042900 3 11.567091000000005 0 916928 0.2909 0.00043023255813956496
1645237046985 3 11.554458000000011 0 940743 0.298 0.00043023255813956496
1645237050876 3 11.548326000000003 0 877888 0.2783 0.00043023255813956496
1645237054633 3 11.793976000000015 0 839766 0.2653 0.00043023255813956496
1645237058840 3 11.779388000000012 0 976062 0.3097 0.00043023255813956496
1645237062995 3 11.564979999999991 0 958353 0.3047 0.00043023255813956496
1645237066750 3 11.809483 0 836268 0.2652 0.00043023255813956496
1645237070927 3 11.79647700000001 0 968967 0.3064 0.00043023255813956496
1645237075150 3 11.535139000000015 0 825839 0.2618 0.00043023255813956496
1645237078849 3 11.770010000000013 0 974212 0.308 0.00043023255813956496
1645237083219 3 11.512446000000011 0 867483 0.27490000000000003 0.00043023255813956496
1645237086954 3 11.75595899999999 0 987232 0.3125 0.00043023255813956496
1645237090980 3 11.744156000000004 0 921956 0.29169999999999996 0.00043023255813956496
1645237094981 3 11.729458999999991 0 913803 0.2893 0.00043023255813956496
1645237098613 3 11.97072399999999 0 958215 0.3033 0.00043023255813956496
1645237102857 3 11.716815999999994 0 832934 0.2641 0.00043023255813956496
1645237106647 3 11.961681999999996 0 1005593 0.319 0.00043023255813956496
1645237110721 3 11.950769000000008 0 935985 0.2964 0.00043023255813956496
1645237114867 3 11.691100000000006 0 802415 0.2546 0.00043023255813956496
1645237118631 3 11.935023999999999 0 999009 0.3164 0.00043023255813956496
1645237123000 3 11.669925000000006 0 869418 0.27559999999999996 0.00043023255813956496
1645237126947 3 11.655226999999996 0 897686 0.28490000000000004 0.00043023255813956496
1645237131116 3 11.641798999999992 0 960141 0.3046 0.00043023255813956496
1645237135137 3 11.622178999999988 0 914618 0.2908 0.00043023255813956496
1645237138757 3 11.855559 0 949031 0.2998 0.00043023255813956496
1645237142786 3 11.837068000000016 0 919929 0.2906 0.00043023255813956496
1645237146850 3 11.829661000000016 0 930570 0.2947 0.00043023255813956496
1645237150782 3 11.805094999999994 0 894188 0.2834 0.00043023255813956496
1645237155033 3 11.529066999999998 0 835562 0.2649 0.00043023255813956496
1645237158782 3 11.756528000000003 0 986170 0.3134 0.00043023255813956496
1645237162922 3 11.751822000000004 0 955812 0.3025 0.00043023255813956496
1645237166674 3 11.979944999999987 0 837688 0.265 0.00043023255813956496
1645237170868 3 11.712195000000008 0 972932 0.3082 0.00043023255813956496
1645237175029 3 11.695819000000029 0 807690 0.2555 0.00043023255813956496
1645237178699 3 11.92552599999999 0 968173 0.3064 0.00043023255813956496
1645237183072 3 11.655721000000028 0 872734 0.2763 0.00043023255813956496
1645237186829 3 11.891978999999992 0 991679 0.3127 0.00043023255813956496
1645237190890 3 11.871677999999974 0 930061 0.2942 0.00043023255813956496
1645237194798 3 11.842812999999978 0 884740 0.2803 0.00043023255813956496
1645237199008 3 11.57028600000001 0 968599 0.3069 0.00043023255813956496
1645237202806 3 11.796996999999976 0 848189 0.269 0.00043023255813956496
1645237207071 3 11.524837999999988 0 989262 0.3145 0.00043023255813956496
1645237211138 3 11.51255900000001 0 929927 0.2953 0.00043023255813956496
1645237214939 3 11.750286000000017 0 845977 0.268 0.00043023255813956496
1645237218752 3 11.983047 0 1009703 0.3207 0.00043023255813956496
1645237222609 3 11.971263000000022 0 861836 0.2732 0.00043023255813956496

