1645250946868 1 3.999999 855 346799 0.075 -3.6765
1645250947539 0 7.334535 0 213385 0.0472 0.00017441860465117198
1645250947938 0 10.935196000000001 0 141806 0.0306 0.00006976744186043549
1645250951275 0 11.606961000000002 0 112578 0.0242 0.00006976744186043549
1645250955133 0 11.852464999999999 0 80671 0.026000000000000002 0.00006976744186043549
1645250959466 0 11.592982 0 68729 0.023200000000000002 0.00006976744186043549
1645250963441 0 11.579757 0 137895 0.0378 0.00006976744186043549
1645250967377 0 11.574591999999999 0 114138 0.0328 0.00006976744186043549
1645250971332 0 11.568335000000001 0 126013 0.0354 0.00006976744186043549
1645250975485 0 11.56304 0 217236 0.0548 0.00006976744186043549
1645250979130 0 11.806973 0 219398 0.0548 0.00006976744186043549
1645250983188 0 11.801136 0 177648 0.046200000000000005 0.00006976744186043549
1645250987221 0 11.797780000000003 0 166856 0.0433 0.00006976744186043549
1645250991377 0 11.539439000000002 0 223685 0.0558 0.00006976744186043549
1645250995500 0 11.534162000000002 0 206455 0.0522 0.00006976744186043549
1645250999436 0 11.529357000000005 0 121534 0.034 0.00006976744186043549
1645251003340 0 11.771318 0 105092 0.0306 0.00006976744186043549
1645251007149 0 11.762516000000005 0 63086 0.0213 0.00006976744186043549
1645251011510 0 11.499567999999996 0 87739 0.0261 0.00006976744186043549
1645251015011 0 11.98768100000001 0 152905 0.040400000000000005 0.00006976744186043549
1645251018901 0 11.981966999999997 0 100587 0.0294 0.00006976744186043549
1645251022982 0 11.976595000000003 0 186001 0.0482 0.00006976744186043549
1645251027091 0 11.967539000000002 0 201620 0.051000000000000004 0.00006976744186043549
1645251031240 0 11.709685000000007 0 218012 0.0551 0.00006976744186043549
1645251035186 0 11.703281000000004 0 123058 0.0346 0.00006976744186043549
1645251039292 0 11.698609000000005 0 198856 0.0506 0.00006976744186043549
1645251042958 0 11.942896000000005 0 223061 0.056299999999999996 0.00006976744186043549
1645251046946 0 11.934416999999996 0 143385 0.0391 0.00006976744186043549
1645251051370 0 11.677942999999999 0 117021 0.0325 0.00006976744186043549
1645251055235 0 11.668759000000009 0 83595 0.0258 0.00006976744186043549
1645251059056 0 11.912284 0 68011 0.022600000000000002 0.00006976744186043549
1645251063023 0 11.900429000000003 0 134264 0.0363 0.00006976744186043549
1645251067445 0 11.643766999999997 0 113722 0.0325 0.00006976744186043549
1645251071381 0 11.636908000000005 0 122694 0.033800000000000004 0.00006976744186043549
1645251075016 0 11.880101999999994 0 215146 0.0543 0.00006976744186043549
1645251079161 0 11.872094000000004 0 213339 0.0541 0.00006976744186043549
1645251083223 0 11.866028 0 176949 0.0458 0.00006976744186043549
1645251087265 0 11.860862999999995 0 158356 0.041999999999999996 0.00006976744186043549
1645251091438 0 11.581331000000006 0 219852 0.05550000000000001 0.00006976744186043549
1645251095542 0 11.573775000000012 0 196864 0.0505 0.00006976744186043549
1645251099462 0 11.567302000000012 0 116610 0.0323 0.00006976744186043549
1645251103375 0 11.554168000000004 0 107223 0.0315 0.00006976744186043549
1645251107213 0 11.787147000000004 0 64332 0.0228 0.00006976744186043549
1645251111576 0 11.52446900000001 0 88753 0.0264 0.00006976744186043549
1645251115586 0 11.518946 0 153489 0.0411 0.00006976744186043549
1645251119480 0 11.513600999999994 0 101805 0.0299 0.00006976744186043549
1645251123570 0 11.507290000000012 0 186822 0.0484 0.00006976744186043549
1645251127179 0 11.752255999999988 0 200149 0.0511 0.00006976744186043549
1645251131320 0 11.741578000000004 0 215305 0.05450000000000001 0.00006976744186043549
1645251135279 0 11.736506999999989 0 128759 0.036199999999999996 0.00006976744186043549
1645251139383 0 11.725082000000015 0 199367 0.0509 0.00006976744186043549
1645251143033 0 11.967936000000009 0 220759 0.05550000000000001 0.00006976744186043549
1645251147023 0 11.959640000000007 0 149511 0.0395 0.00006976744186043549
1645251150952 0 11.954629000000011 0 118879 0.0332 0.00006976744186043549
1645251155320 0 11.696899000000002 0 85418 0.026600000000000002 0.00006976744186043549
1645251159146 0 11.933264000000008 0 68807 0.0227 0.00006976744186043549
1645251163104 0 11.92419000000001 0 132565 0.036199999999999996 0.00006976744186043549
1645251167033 0 11.919366999999994 0 117262 0.0332 0.00006976744186043549
1645251170964 0 11.912293000000005 0 116418 0.033 0.00006976744186043549
1645251175121 0 11.907189000000017 0 223024 0.055900000000000005 0.00006976744186043549
1645251179263 0 11.651764000000014 0 214538 0.054000000000000006 0.00006976744186043549
1645251183320 0 11.643156000000005 0 178191 0.046200000000000005 0.00006976744186043549
1645251187348 0 11.635430000000014 0 161454 0.0429 0.00006976744186043549
1645251191480 0 11.627723000000003 0 212225 0.0536 0.00006976744186043549
1645251195079 0 11.872873999999996 0 195858 0.0499 0.00006976744186043549
1645251199016 0 11.864157000000006 0 119665 0.0328 0.00006976744186043549
1645251203432 0 11.610419999999976 0 108667 0.0315 0.00006976744186043549
1645251207251 0 11.857355999999982 0 64782 0.0218 0.00006976744186043549
1645251211114 0 11.849401 0 87523 0.026500000000000003 0.00006976744186043549
1645251215130 0 11.842232000000024 0 155607 0.041299999999999996 0.00006976744186043549
1645251219042 0 11.835231000000022 0 100404 0.030199999999999998 0.00006976744186043549
1645251223111 0 11.829491000000019 0 183614 0.0475 0.00006976744186043549
1645251227206 0 11.824450000000013 0 197686 0.0498 0.00006976744186043549
1645251231354 0 11.568490999999995 0 217520 0.054900000000000004 0.00006976744186043549
1645251235311 0 11.81083000000001 0 132353 0.0363 0.00006976744186043549
1645251239426 0 11.553702999999985 0 199853 0.0508 0.00006976744186043549
1645251243097 0 11.794967999999983 0 225614 0.05639999999999999 0.00006976744186043549
1645251247111 0 11.786654999999996 0 150477 0.040600000000000004 0.00006976744186043549
1645251251560 0 11.527181999999982 0 117995 0.034699999999999995 0.00006976744186043549
1645251255425 0 11.52188799999999 0 86503 0.0269 0.00006976744186043549
1645251259239 0 11.765158999999983 0 67335 0.022 0.00006976744186043549
1645251263199 0 11.75992100000002 0 132169 0.0364 0.00006976744186043549
1645251267135 0 11.75144499999999 0 118800 0.034100000000000005 0.00006976744186043549
1645251271069 0 11.993807000000004 0 116618 0.0327 0.00006976744186043549
1645251275218 0 11.738441000000023 0 222296 0.0553 0.00006976744186043549

