1645249545516 1 3.999999 1267 346799 0.1145 -5.448099999999999
1645249548251 3 5.279408999999999 0 755039 0.2536 0.000174418604651283
1645249551156 3 6.3787590000000005 0 835161 0.2806 0.00043023255813956496
1645249554315 3 7.215616000000001 0 908792 0.3059 0.00043023255813956496
1645249557126 3 8.403977999999999 0 804438 0.271 0.00043023255813956496
1645249560026 3 9.513827 0 828659 0.2791 0.00043023255813956496
1645249563283 3 10.24879 0 937332 0.3145 0.00043023255813956496
1645249565998 3 11.532739 0 776416 0.2615 0.00043023255813956496
1645249569553 3 11.983339 0 1025687 0.3447 0.00043023255813956496
1645249575373 3 10.162534 0 815426 0.5716 0.00043023255813956496
1645249577696 2 11.834973000000005 0 588952 0.2021 0.00043023255813956496
1645249581739 2 11.945672000000002 0 575427 0.19390000000000002 0.00027906976744174194
1645249585834 2 11.935931000000004 0 582800 0.19890000000000002 0.00027906976744174194
1645249590050 2 11.677283000000003 0 619183 0.211 0.00027906976744174194
1645249593645 2 11.916485999999999 0 592095 0.1998 0.00027906976744174194
1645249597929 3 11.655106000000004 0 942842 0.3174 0.000279069767441964
1645249602008 3 11.649815000000004 0 884128 0.2973 0.00043023255813956496
1645249605894 3 11.638641 0 828263 0.279 0.00043023255813956496
1645249609797 3 11.881189000000006 0 981175 0.33039999999999997 0.00043023255813956496
1645249614059 3 11.620901000000003 0 939007 0.31589999999999996 0.00043023255813956496
1645249619935 3 9.599185000000006 0 841370 0.5768 0.00043023255813956496
1645249622309 2 11.221705 0 635530 0.21800000000000003 0.00043023255813956496
1645249626175 2 11.596491999999998 0 520041 0.1746 0.00027906976744174194
1645249630018 2 11.586291000000003 0 656205 0.22440000000000002 0.00027906976744174194
1645249633882 2 11.828508 0 516287 0.1765 0.00027906976744174194
1645249638098 2 11.566930999999997 0 627180 0.2113 0.00027906976744174194
1645249641848 3 11.805683000000002 0 934237 0.31429999999999997 0.000279069767441964
1645249645948 3 11.798623000000006 0 889600 0.2998 0.00043023255813956496
1645249649880 3 11.786128000000005 0 988774 0.3331 0.00043023255813956496
1645249655637 3 9.895032 0 808061 0.5655 0.00043023255813956496
1645249658009 2 11.522514999999999 0 638212 0.21789999999999998 0.00043023255813956496
1645249662175 2 11.506118 0 615017 0.2062 0.00027906976744174194
1645249665608 2 11.998956000000007 0 533736 0.1829 0.00027906976744174194
1645249669965 2 11.740462000000008 0 661250 0.2253 0.00027906976744174194
1645249673907 2 11.734454 0 547682 0.18460000000000001 0.00027906976744174194
1645249677582 3 11.977428000000003 0 910767 0.307 0.000279069767441964
1645249681727 3 11.969121999999999 0 901777 0.3035 0.00043023255813956496
1645249685585 3 11.96141 0 967347 0.32589999999999997 0.00043023255813956496
1645249691811 3 9.719870000000014 0 935273 0.6127 0.00043023255813956496
1645249694076 2 11.454127 0 604926 0.207 0.00043023255813956496
1645249697679 2 11.937201000000016 0 594986 0.19990000000000002 0.00027906976744174194
1645249701766 2 11.929324000000008 0 588726 0.1975 0.00027906976744174194
1645249705664 2 11.916596999999996 0 523106 0.1794 0.00027906976744174194
1645249709846 2 11.906678 0 618775 0.2083 0.00027906976744174194
1645249713677 3 11.901940999999994 0 958353 0.3225 0.000279069767441964
1645249718093 3 11.643805000000015 0 836268 0.2818 0.00043023255813956496
1645249721961 3 11.638546999999988 0 968967 0.3265 0.00043023255813956496
1645249725842 3 11.879942999999997 0 825839 0.2781 0.00043023255813956496
1645249732201 3 9.331930999999997 0 974212 0.6258 0.00043023255813956496
1645249734257 2 11.274891999999994 0 542740 0.1865 0.00043023255813956496
1645249737994 2 11.594682000000006 0 635250 0.21349999999999997 0.00027906976744174194
1645249742140 2 11.587650999999994 0 607370 0.2041 0.00027906976744174194
1645249745790 2 11.829129999999992 0 601045 0.2049 0.00027906976744174194
1645249749931 2 11.823740000000015 0 605033 0.20400000000000001 0.00027906976744174194
1645249753842 3 11.809995000000015 0 832934 0.2804 0.000279069767441964
1645249757821 3 11.797993999999989 0 1005593 0.33809999999999996 0.00043023255813956496
1645249762077 3 11.537868000000003 0 935985 0.3154 0.00043023255813956496
1645249765889 3 11.776128 0 802415 0.271 0.00043023255813956496
1645249769854 3 11.770005999999995 0 999009 0.3364 0.00043023255813956496
1645249773885 3 11.759885999999995 0 869418 0.29300000000000004 0.00043023255813956496
1645249778026 3 11.504007999999999 0 897686 0.3026 0.00043023255813956496
1645249781852 3 11.744614000000013 0 960141 0.32280000000000003 0.00043023255813956496
1645249786041 3 11.737345000000005 0 914618 0.3079 0.00043023255813956496
1645249789838 3 11.724583999999993 0 949031 0.3195 0.00043023255813956496
1645249794030 3 11.711736000000002 0 919929 0.3093 0.00043023255813956496
1645249797751 3 11.95408599999999 0 930570 0.3128 0.00043023255813956496
1645249801865 3 11.693822000000011 0 894188 0.301 0.00043023255813956496
1645249805790 3 11.93858499999999 0 835562 0.2813 0.00043023255813956496
1645249809720 3 11.923496 0 986170 0.33199999999999996 0.00043023255813956496
1645249814058 3 11.661317999999994 0 955812 0.3222 0.00043023255813956496
1645249817982 3 11.655521000000022 0 837688 0.2819 0.00043023255813956496
1645249821856 3 11.896207000000004 0 972932 0.3277 0.00043023255813956496
1645249825686 3 11.889764000000014 0 807690 0.2723 0.00043023255813956496
1645249830049 3 11.627053999999987 0 968173 0.3261 0.00043023255813956496
1645249834080 3 11.621129999999994 0 872734 0.2935 0.00043023255813956496
1645249838023 3 11.611943999999994 0 991679 0.3345 0.00043023255813956496
1645249841753 3 11.852373 0 930061 0.313 0.00043023255813956496
1645249845833 3 11.838693999999975 0 884740 0.2984 0.00043023255813956496
1645249849741 3 11.823886000000016 0 968599 0.3255 0.00043023255813956496
1645249854201 3 11.565532000000019 0 848189 0.2854 0.00043023255813956496
1645249857628 3 11.903256999999996 0 989262 0.33290000000000003 0.00043023255813956496
1645249861868 3 11.798853000000008 0 929927 0.313 0.00043023255813956496
1645249865820 3 11.795316000000014 0 845977 0.28500000000000003 0.00043023255813956496
1645249869831 3 11.785423999999978 0 1009703 0.3398 0.00043023255813956496
1645249873834 3 11.768101999999999 0 861836 0.2903 0.00043023255813956496

