1645252169318 1 3.999999 924 346799 0.0792 -3.9732
1645252170256 1 7.06907 0 363755 0.08259999999999999 0.00017441860465117198
1645252171178 1 10.146011000000001 0 362842 0.0824 0.00017441860465117198
1645252173658 1 11.911438 0 384791 0.088 0.00017441860465117198
1645252177699 3 11.648283 0 804438 0.18380000000000002 0.000174418604651283
1645252181689 3 11.639911 0 828659 0.1895 0.00043023255813956496
1645252185934 3 11.634999 0 937332 0.2145 0.00043023255813956496
1645252189811 3 11.631646999999997 0 776416 0.1778 0.00043023255813956496
1645252193762 3 11.623642000000004 0 1025687 0.2351 0.00043023255813956496
1645252197725 3 11.615561000000003 0 815426 0.1859 0.00043023255813956496
1645252201845 3 11.607391 0 884625 0.2015 0.00043023255813956496
1645252205512 3 11.849498000000004 0 904952 0.20659999999999998 0.00043023255813956496
1645252209802 3 11.595680000000002 0 954418 0.21869999999999998 0.00043023255813956496
1645252213983 3 11.586192000000004 0 910446 0.2077 0.00043023255813956496
1645252217699 3 11.830418000000002 0 922454 0.21080000000000002 0.00043023255813956496
1645252221959 3 11.568822000000004 0 942842 0.21539999999999998 0.00043023255813956496
1645252225579 3 11.811628000000006 0 884128 0.202 0.00043023255813956496
1645252229575 3 11.802768 0 828263 0.1896 0.00043023255813956496
1645252233913 3 11.544871 0 981175 0.22400000000000003 0.00043023255813956496
1645252237661 3 11.78632900000001 0 939007 0.2142 0.00043023255813956496
1645252241686 3 11.781205 0 841370 0.1926 0.00043023255813956496
1645252245949 3 11.517955 0 947658 0.21669999999999998 0.00043023255813956496
1645252249943 3 11.512397000000007 0 828958 0.1895 0.00043023255813956496
1645252253774 3 11.752977000000001 0 977791 0.2232 0.00043023255813956496
1645252257805 3 11.747743999999997 0 847215 0.1934 0.00043023255813956496
1645252261644 3 11.736660999999998 0 978032 0.22400000000000003 0.00043023255813956496
1645252265401 3 11.973309999999998 0 934237 0.2138 0.00043023255813956496
1645252269535 3 11.969080000000005 0 889600 0.20329999999999998 0.00043023255813956496
1645252273394 3 11.956845000000001 0 988774 0.2257 0.00043023255813956496
1645252277842 3 11.698023000000006 0 808061 0.1847 0.00043023255813956496
1645252281752 3 11.686634999999995 0 995677 0.22799999999999998 0.00043023255813956496
1645252285464 3 11.925871 0 924757 0.21150000000000002 0.00043023255813956496
1645252289405 3 11.918942000000001 0 808228 0.1847 0.00043023255813956496
1645252293823 3 11.654207999999997 0 1014212 0.2319 0.00043023255813956496
1645252297854 3 11.640681999999998 0 845218 0.19319999999999998 0.00043023255813956496
1645252301535 3 11.886957999999993 0 910767 0.20790000000000003 0.00043023255813956496
1645252305689 3 11.881428999999997 0 901777 0.20600000000000002 0.00043023255813956496
1645252309503 3 11.866321999999997 0 967347 0.22160000000000002 0.00043023255813956496
1645252313740 3 11.598800000000011 0 935273 0.2136 0.00043023255813956496
1645252317941 3 11.588107000000008 0 916928 0.20929999999999999 0.00043023255813956496
1645252321694 3 11.827214999999995 0 940743 0.21469999999999997 0.00043023255813956496
1645252325808 3 11.566593000000012 0 877888 0.20070000000000002 0.00043023255813956496
1645252329822 3 11.554654999999997 0 839766 0.1917 0.00043023255813956496
1645252333662 3 11.80089799999999 0 976062 0.22410000000000002 0.00043023255813956496
1645252337954 3 11.530520999999993 0 958353 0.2189 0.00043023255813956496
1645252341969 3 11.523147999999992 0 836268 0.1908 0.00043023255813956496
1645252345796 3 11.768786000000006 0 968967 0.22139999999999999 0.00043023255813956496
1645252349784 3 11.759385000000009 0 825839 0.1891 0.00043023255813956496
1645252353614 3 11.741447999999991 0 974212 0.2226 0.00043023255813956496
1645252357712 3 11.734411999999992 0 867483 0.1981 0.00043023255813956496
1645252361567 3 11.97300100000001 0 987232 0.22549999999999998 0.00043023255813956496
1645252365777 3 11.715870999999993 0 921956 0.21070000000000003 0.00043023255813956496
1645252369469 3 11.956198 0 913803 0.2091 0.00043023255813956496
1645252373762 3 11.699914000000007 0 958215 0.2189 0.00043023255813956496
1645252377761 3 11.68014199999999 0 832934 0.1899 0.00043023255813956496
1645252381719 3 11.673453999999992 0 1005593 0.22999999999999998 0.00043023255813956496
1645252385470 3 11.908737000000002 0 935985 0.2142 0.00043023255813956496
1645252389912 3 11.651818999999989 0 802415 0.1833 0.00043023255813956496
1645252393794 3 11.640186999999997 0 999009 0.22810000000000002 0.00043023255813956496
1645252397886 3 11.626857999999999 0 869418 0.1992 0.00043023255813956496
1645252401536 3 11.870683000000014 0 897686 0.20529999999999998 0.00043023255813956496
1645252405838 3 11.605616999999995 0 960141 0.2193 0.00043023255813956496
1645252409697 3 11.803763000000004 0 914618 0.2085 0.00043023255813956496
1645252413978 3 11.545013000000012 0 949031 0.2162 0.00043023255813956496
1645252417685 3 11.782664000000011 0 919929 0.2105 0.00043023255813956496
1645252421906 3 11.525768 0 930570 0.21259999999999998 0.00043023255813956496
1645252426053 3 11.517859999999985 0 894188 0.2043 0.00043023255813956496
1645252429566 3 11.757727999999986 0 835562 0.1908 0.00043023255813956496
1645252433925 3 11.502459999999985 0 986170 0.22549999999999998 0.00043023255813956496
1645252437712 3 11.746066999999982 0 955812 0.2185 0.00043023255813956496
1645252441725 3 11.734599000000003 0 837688 0.1916 0.00043023255813956496
1645252445548 3 11.974957000000018 0 972932 0.2225 0.00043023255813956496
1645252449492 3 11.965171999999995 0 807690 0.1842 0.00043023255813956496
1645252453803 3 11.707257000000027 0 968173 0.22139999999999999 0.00043023255813956496
1645252457402 3 11.951959999999985 0 872734 0.1992 0.00043023255813956496
1645252461765 3 11.692422000000022 0 991679 0.2263 0.00043023255813956496
1645252465482 3 11.935581000000013 0 930061 0.21200000000000002 0.00043023255813956496
1645252469605 3 11.927723000000015 0 884740 0.2023 0.00043023255813956496
1645252473417 3 11.923129000000017 0 968599 0.22149999999999997 0.00043023255813956496
1645252477460 3 11.908906000000002 0 848189 0.1937 0.00043023255813956496
1645252481822 3 11.65342099999998 0 989262 0.2263 0.00043023255813956496
1645252485546 3 11.89489900000001 0 929927 0.2122 0.00043023255813956496
1645252489581 3 11.887395000000026 0 845977 0.1938 0.00043023255813956496
1645252493495 3 11.879658000000006 0 1009703 0.2311 0.00043023255813956496
1645252497566 3 11.874524000000008 0 861836 0.1966 0.00043023255813956496

