1645234058219 1 3.999999 2818 346799 0.2712 -12.1174
1645234061349 0 4.8888739999999995 0 213385 0.1672 0.00017441860465117198
1645234062581 0 7.655344 0 141806 0.1102 0.00006976744186043549
1645234063577 0 10.660481 0 112578 0.0876 0.00006976744186043549
1645234066360 1 11.874403 0 339137 0.2646 0.000069767441860491
1645234070556 1 11.716785 0 393219 0.30720000000000003 0.00017441860465117198
1645234074351 1 11.956557999999998 0 406206 0.3167 0.00017441860465117198
1645234078355 1 11.945395999999999 0 303135 0.2375 0.00017441860465117198
1645234082722 1 11.674797000000002 0 414092 0.3237 0.00017441860465117198
1645234086491 1 11.913413000000002 0 337705 0.264 0.00017441860465117198
1645234090483 1 11.905511000000004 0 366374 0.2867 0.00017441860465117198
1645234094364 1 11.898900000000005 0 352030 0.2762 0.00017441860465117198
1645234098395 1 11.890577 0 371605 0.2906 0.00017441860465117198
1645234102534 1 11.880375 0 385670 0.30179999999999996 0.00017441860465117198
1645234106594 1 11.866790000000002 0 374050 0.2925 0.00017441860465117198
1645234110593 1 11.855699000000001 0 367058 0.2868 0.00017441860465117198
1645234114667 1 11.597950000000004 0 377983 0.2953 0.00017441860465117198
1645234118841 1 11.584056000000004 0 326924 0.2543 0.00017441860465117198
1645234122492 1 11.825941 0 388939 0.3036 0.00017441860465117198
1645234126699 1 11.568376 0 392939 0.30779999999999996 0.00017441860465117198
1645234130651 1 11.807558999999998 0 362131 0.28300000000000003 0.00017441860465117198
1645234134921 1 11.544414000000003 0 402712 0.3156 0.00017441860465117198
1645234138618 1 11.778501000000006 0 327400 0.25680000000000003 0.00017441860465117198
1645234142881 1 11.520049999999998 0 401133 0.3146 0.00017441860465117198
1645234146491 1 11.759824000000009 0 317452 0.24860000000000002 0.00017441860465117198
1645234150665 1 11.751710000000003 0 391753 0.30579999999999996 0.00017441860465117198
1645234154308 1 11.989362999999997 0 384934 0.3012 0.00017441860465117198
1645234158288 1 11.97810100000001 0 367179 0.2866 0.00017441860465117198
1645234162437 1 11.971224000000007 0 387965 0.3036 0.00017441860465117198
1645234166669 1 11.712748000000005 0 333821 0.2615 0.00017441860465117198
1645234170363 1 11.957273 0 394452 0.3083 0.00017441860465117198
1645234174665 1 11.700681000000003 0 409513 0.3187 0.00017441860465117198
1645234178672 1 11.694202000000004 0 307174 0.24009999999999998 0.00017441860465117198
1645234182580 1 11.682912000000002 0 420407 0.32839999999999997 0.00017441860465117198
1645234186365 1 11.924588 0 340231 0.2664 0.00017441860465117198
1645234190420 1 11.918328000000002 0 374730 0.2926 0.00017441860465117198
1645234194809 1 11.655798000000004 0 353022 0.27599999999999997 0.00017441860465117198
1645234198506 1 11.895038 0 393253 0.30720000000000003 0.00017441860465117198
1645234202509 1 11.884096 0 368813 0.288 0.00017441860465117198
1645234206550 1 11.688492999999994 0 372578 0.29169999999999996 0.00017441860465117198
1645234210597 1 11.863433000000015 0 374507 0.2929 0.00017441860465117198
1645234214647 1 11.589920000000006 0 372824 0.2915 0.00017441860465117198
1645234218809 1 11.577134000000001 0 326437 0.2543 0.00017441860465117198
1645234222912 1 11.569636000000003 0 383127 0.29900000000000004 0.00017441860465117198
1645234226671 1 11.790942999999999 0 400632 0.3131 0.00017441860465117198
1645234230953 1 11.52946 0 342596 0.2662 0.00017441860465117198
1645234234244 1 11.992716999999999 0 407655 0.3181 0.00017441860465117198
1645234238487 1 11.74750800000001 0 337450 0.26389999999999997 0.00017441860465117198
1645234242271 1 11.988245000000006 0 404220 0.3156 0.00017441860465117198
1645234246413 0 11.979063999999994 0 128759 0.1008 0.00017441860465117198
1645234250579 0 11.718178999999992 0 199367 0.15460000000000002 0.00006976744186043549
1645234254425 0 11.961272000000008 0 220759 0.1729 0.00006976744186043549
1645234258713 0 11.703373999999997 0 149511 0.1166 0.00006976744186043549
1645234262777 0 11.697147999999999 0 118879 0.0935 0.00006976744186043549
1645234266572 0 11.666268000000002 0 85418 0.06620000000000001 0.00006976744186043549
1645234270721 0 11.657641000000012 0 68807 0.052700000000000004 0.00006976744186043549
1645234274373 0 11.895330000000001 0 132565 0.1031 0.00006976744186043549
1645234278406 0 11.879108000000002 0 117262 0.0911 0.00006976744186043549
1645234282440 0 11.867219000000006 0 116418 0.09140000000000001 0.00006976744186043549
1645234286819 0 11.610983000000004 0 223024 0.17529999999999998 0.00006976744186043549
1645234290616 0 11.851293999999996 0 214538 0.16770000000000002 0.00006976744186043549
1645234294630 0 11.82860199999999 0 178191 0.1391 0.00006976744186043549
1645234298529 0 11.808220000000006 0 161454 0.12569999999999998 0.00006976744186043549
1645234302815 0 11.549427000000009 0 212225 0.1656 0.00006976744186043549
1645234306478 0 11.792037999999991 0 195858 0.1537 0.00006976744186043549
1645234310542 0 11.783373000000012 0 119665 0.0937 0.00006976744186043549
1645234314532 0 11.771670000000029 0 108667 0.0849 0.00006976744186043549
1645234318652 0 11.763470999999981 0 64782 0.049 0.00006976744186043549
1645234322944 0 11.504234999999994 0 87523 0.0671 0.00006976744186043549
1645234326289 0 11.996447999999987 0 155607 0.1212 0.00006976744186043549
1645234330695 0 11.733726999999988 0 100404 0.0777 0.00006976744186043549
1645234334746 0 11.728252999999995 0 183614 0.1426 0.00006976744186043549
1645234338399 0 11.960679000000027 0 197686 0.1537 0.00006976744186043549
1645234342726 0 11.704606000000013 0 217520 0.1704 0.00006976744186043549
1645234346406 0 11.934339000000023 0 132353 0.1031 0.00006976744186043549
1645234350602 0 11.666349000000025 0 199853 0.1554 0.00006976744186043549
1645234354468 0 11.91112800000002 0 225614 0.17509999999999998 0.00006976744186043549
1645234358767 0 11.653339000000017 0 150477 0.1173 0.00006976744186043549
1645234362815 0 11.642939000000013 0 117995 0.09230000000000001 0.00006976744186043549
1645234366683 0 11.575519999999983 0 86503 0.06770000000000001 0.00006976744186043549
1645234370853 0 11.56596300000001 0 67335 0.0526 0.00006976744186043549
1645234374540 0 11.80960600000003 0 132169 0.1032 0.00006976744186043549
1645234378595 0 11.802025000000015 0 118800 0.092 0.00006976744186043549

