1645241205022 1 3.999999 928 346799 0.0804 -3.9903999999999997
1645241207107 1 5.948784 0 363755 0.09240000000000001 0.00017441860465117198
1645241208078 1 8.968057000000002 0 362842 0.0841 0.00017441860465117198
1645241210410 3 10.636055 0 908792 0.21070000000000003 0.000174418604651283
1645241213414 3 11.664770999999998 0 804438 0.1869 0.00043023255813956496
1645241217460 3 11.655859 0 828659 0.1927 0.00043023255813956496
1645241221281 3 11.895371999999998 0 937332 0.21760000000000002 0.00043023255813956496
1645241225218 3 11.887792999999999 0 776416 0.1799 0.00043023255813956496
1645241229268 3 11.879623000000002 0 1025687 0.2373 0.00043023255813956496
1645241233315 3 11.872309000000001 0 815426 0.1891 0.00043023255813956496
1645241237517 3 11.594496 0 884625 0.20550000000000002 0.00043023255813956496
1645241241250 3 11.839732000000005 0 904952 0.2105 0.00043023255813956496
1645241245615 3 11.581259000000003 0 954418 0.2217 0.00043023255813956496
1645241249361 3 11.827131000000001 0 910446 0.2112 0.00043023255813956496
1645241253625 3 11.567385999999999 0 922454 0.2144 0.00043023255813956496
1645241257435 3 11.811076 0 942842 0.21949999999999997 0.00043023255813956496
1645241261616 3 11.552299000000005 0 884128 0.20529999999999998 0.00043023255813956496
1645241265667 3 11.545501999999999 0 828263 0.1918 0.00043023255813956496
1645241269578 3 11.538691 0 981175 0.22719999999999999 0.00043023255813956496
1645241273375 3 11.781709000000006 0 939007 0.2183 0.00043023255813956496
1645241277447 3 11.774321999999998 0 841370 0.19519999999999998 0.00043023255813956496
1645241281767 3 11.512625999999997 0 947658 0.2202 0.00043023255813956496
1645241285313 3 11.731150999999997 0 828958 0.1928 0.00043023255813956496
1645241289196 3 11.974064999999996 0 977791 0.22690000000000002 0.00043023255813956496
1645241293324 3 11.965322 0 847215 0.19690000000000002 0.00043023255813956496
1645241297211 3 11.931165000000007 0 978032 0.227 0.00043023255813956496
1645241301545 3 11.673727999999997 0 934237 0.21739999999999998 0.00043023255813956496
1645241305228 3 11.917592999999997 0 889600 0.20729999999999998 0.00043023255813956496
1645241309147 3 11.91175100000001 0 988774 0.22999999999999998 0.00043023255813956496
1645241313638 3 11.652231 0 808061 0.1872 0.00043023255813956496
1645241317566 3 11.620159999999998 0 995677 0.23149999999999998 0.00043023255813956496
1645241321339 3 11.860552999999996 0 924757 0.21459999999999999 0.00043023255813956496
1645241325345 3 11.709133000000008 0 808228 0.18560000000000001 0.00043023255813956496
1645241329338 3 11.844439000000008 0 1014212 0.23570000000000002 0.00043023255813956496
1645241333411 3 11.81617399999999 0 845218 0.1961 0.00043023255813956496
1645241337659 3 11.556373000000008 0 910767 0.21200000000000002 0.00043023255813956496
1645241341381 3 11.799297999999993 0 901777 0.2096 0.00043023255813956496
1645241345743 3 11.539816000000002 0 967347 0.22480000000000003 0.00043023255813956496
1645241349539 3 11.525529000000006 0 935273 0.2178 0.00043023255813956496
1645241353290 3 11.767627000000005 0 916928 0.2129 0.00043023255813956496
1645241357590 3 11.513379000000015 0 940743 0.2184 0.00043023255813956496
1645241361779 3 11.50039799999999 0 877888 0.2032 0.00043023255813956496
1645241365378 3 11.719243000000006 0 839766 0.19519999999999998 0.00043023255813956496
1645241369262 3 11.965472000000005 0 976062 0.22690000000000002 0.00043023255813956496
1645241373112 3 11.952054000000004 0 958353 0.22290000000000001 0.00043023255813956496
1645241377187 3 11.946643999999992 0 836268 0.194 0.00043023255813956496
1645241381567 3 11.682125000000013 0 968967 0.22490000000000002 0.00043023255813956496
1645241385601 3 11.673708000000005 0 825839 0.1921 0.00043023255813956496
1645241389486 3 11.656430999999998 0 974212 0.22599999999999998 0.00043023255813956496
1645241393544 0 11.640695999999991 0 128759 0.0299 0.00043023255813956496
1645241397622 0 11.634713000000005 0 199367 0.0458 0.00006976744186043549
1645241401252 0 11.871472000000011 0 220759 0.0511 0.00006976744186043549
1645241405295 0 11.855559 0 149511 0.0402 0.00006976744186043549
1645241409265 0 11.840778999999998 0 118879 0.0344 0.00006976744186043549
1645241413681 0 11.585045000000008 0 85418 0.027000000000000003 0.00006976744186043549
1645241417539 0 11.574991000000011 0 68807 0.0229 0.00006976744186043549
1645241421541 0 11.569429000000014 0 132565 0.0376 0.00006976744186043549
1645241425507 0 11.564087 0 117262 0.0342 0.00006976744186043549
1645241429475 0 11.801491999999996 0 116418 0.0333 0.00006976744186043549
1645241433236 0 11.978645 0 223024 0.0588 0.00006976744186043549
1645241437434 0 11.717203000000012 0 214538 0.056799999999999996 0.00006976744186043549
1645241441548 0 11.706234999999992 0 178191 0.048299999999999996 0.00006976744186043549
1645241445130 0 11.949615999999992 0 161454 0.0448 0.00006976744186043549
1645241449329 0 11.895543000000004 0 212225 0.056100000000000004 0.00006976744186043549
1645241453510 0 11.638745 0 195858 0.0521 0.00006976744186043549
1645241457498 0 11.627996999999993 0 119665 0.0344 0.00006976744186043549
1645241461442 0 11.619506000000001 0 108667 0.0318 0.00006976744186043549
1645241465296 0 11.861315999999988 0 64782 0.0221 0.00006976744186043549
1645241469257 0 11.856456999999978 0 87523 0.027700000000000002 0.00006976744186043549
1645241473318 0 11.851980000000026 0 155607 0.0429 0.00006976744186043549
1645241477245 0 11.844425999999999 0 100404 0.0303 0.00006976744186043549
1645241481379 0 11.83710000000002 0 183614 0.0505 0.00006976744186043549
1645241485539 0 11.57992999999999 0 197686 0.0529 0.00006976744186043549
1645241489253 0 11.82277700000003 0 217520 0.05789999999999999 0.00006976744186043549
1645241493251 0 11.816881000000024 0 132353 0.0374 0.00006976744186043549
1645241497408 0 11.807902000000013 0 199853 0.0536 0.00006976744186043549
1645241501639 0 11.54835300000002 0 225614 0.0593 0.00006976744186043549
1645241505736 0 11.352888000000007 0 150477 0.0417 0.00006976744186043549
1645241509704 0 11.517952999999977 0 117995 0.034 0.00006976744186043549
1645241513611 0 11.510245999999995 0 86503 0.026600000000000002 0.00006976744186043549
1645241517466 0 11.751711 0 67335 0.022600000000000002 0.00006976744186043549
1645241521470 0 11.74651799999998 0 132169 0.0376 0.00006976744186043549
1645241525456 0 11.741287999999997 0 118800 0.0351 0.00006976744186043549
1645241529428 0 11.733099999999979 0 116618 0.033800000000000004 0.00006976744186043549

