1645235471104 1 3.999999 891 346799 0.0781 -3.8312999999999997
1645235472027 1 7.1039129999999995 0 363755 0.08159999999999999 0.00017441860465117198
1645235472952 1 10.180532000000001 0 362842 0.08199999999999999 0.00017441860465117198
1645235475423 1 11.896846 0 384791 0.087 0.00017441860465117198
1645235479479 3 11.878798999999999 0 804438 0.18460000000000001 0.000174418604651283
1645235483536 3 11.61713 0 828659 0.1941 0.00043023255813956496
1645235487792 3 11.572686999999998 0 937332 0.21509999999999999 0.00043023255813956496
1645235491651 3 11.558263999999998 0 776416 0.1756 0.00043023255813956496
1645235495578 3 11.771089000000003 0 1025687 0.2318 0.00043023255813956496
1645235499532 3 11.767224000000002 0 815426 0.18460000000000001 0.00043023255813956496
1645235503643 3 11.506255000000003 0 884625 0.2002 0.00043023255813956496
1645235507797 3 11.500138 0 904952 0.2044 0.00043023255813956496
1645235511561 3 11.745177000000005 0 954418 0.2158 0.00043023255813956496
1645235515230 3 11.983486 0 910446 0.2057 0.00043023255813956496
1645235519439 3 11.723117000000002 0 922454 0.2098 0.00043023255813956496
1645235523685 3 11.533007000000005 0 942842 0.21309999999999998 0.00043023255813956496
1645235527791 3 11.527528000000004 0 884128 0.1996 0.00043023255813956496
1645235531768 3 11.503893000000005 0 828263 0.1865 0.00043023255813956496
1645235535590 3 11.747990999999999 0 981175 0.22200000000000003 0.00043023255813956496
1645235539319 3 11.987958000000006 0 939007 0.2121 0.00043023255813956496
1645235543357 3 11.979757000000006 0 841370 0.19039999999999999 0.00043023255813956496
1645235547617 3 11.721638999999996 0 947658 0.2143 0.00043023255813956496
1645235551595 3 11.712426000000008 0 828958 0.1877 0.00043023255813956496
1645235555417 3 11.952680999999998 0 977791 0.22149999999999997 0.00043023255813956496
1645235559434 3 11.947991000000002 0 847215 0.1918 0.00043023255813956496
1645235563257 3 11.93942700000001 0 978032 0.22149999999999997 0.00043023255813956496
1645235567501 3 11.683142000000004 0 934237 0.2111 0.00043023255813956496
1645235571624 3 11.679093000000009 0 889600 0.20139999999999997 0.00043023255813956496
1645235575474 3 11.920929999999998 0 988774 0.2237 0.00043023255813956496
1645235579409 3 11.90495 0 808061 0.1825 0.00043023255813956496
1645235583277 3 11.899952999999996 0 995677 0.22519999999999998 0.00043023255813956496
1645235587473 3 11.892167999999998 0 924757 0.2089 0.00043023255813956496
1645235591405 3 11.886966999999999 0 808228 0.1824 0.00043023255813956496
1645235595306 3 11.868262000000001 0 1014212 0.22959999999999997 0.00043023255813956496
1645235599325 3 11.863417999999996 0 845218 0.1907 0.00043023255813956496
1645235603484 3 11.853865000000013 0 910767 0.2049 0.00043023255813956496
1645235607632 3 11.58840699999999 0 901777 0.20350000000000001 0.00043023255813956496
1645235611442 3 11.83065400000001 0 967347 0.21960000000000002 0.00043023255813956496
1645235615660 3 11.571484999999996 0 935273 0.2112 0.00043023255813956496
1645235619832 3 11.56336300000001 0 916928 0.2072 0.00043023255813956496
1645235623556 3 11.80165199999999 0 940743 0.21259999999999998 0.00043023255813956496
1645235627661 3 11.54018400000001 0 877888 0.1984 0.00043023255813956496
1645235631669 3 11.534902000000017 0 839766 0.18919999999999998 0.00043023255813956496
1645235635488 3 11.780020000000007 0 976062 0.2204 0.00043023255813956496
1645235639758 3 11.519913000000003 0 958353 0.21669999999999998 0.00043023255813956496
1645235643753 3 11.507495000000006 0 836268 0.1886 0.00043023255813956496
1645235647545 3 11.748407000000014 0 968967 0.2189 0.00043023255813956496
1645235651531 3 11.735591 0 825839 0.1867 0.00043023255813956496
1645235655336 3 11.980649999999997 0 974212 0.2198 0.00043023255813956496
1645235659406 3 11.974433000000005 0 867483 0.1968 0.00043023255813956496
1645235663271 3 11.962480999999997 0 987232 0.2239 0.00043023255813956496
1645235667454 3 11.952282999999994 0 921956 0.2082 0.00043023255813956496
1645235671629 3 11.693951999999996 0 913803 0.2069 0.00043023255813956496
1645235675394 3 11.93496300000001 0 958215 0.2164 0.00043023255813956496
1645235679389 3 11.922367000000008 0 832934 0.18819999999999998 0.00043023255813956496
1645235683772 3 11.651483000000013 0 1005593 0.2278 0.00043023255813956496
1645235687490 3 11.888874000000015 0 935985 0.2118 0.00043023255813956496
1645235691405 3 11.882412000000016 0 802415 0.1816 0.00043023255813956496
1645235695771 3 11.62148400000001 0 999009 0.2264 0.00043023255813956496
1645235699338 3 11.861720999999989 0 869418 0.1964 0.00043023255813956496
1645235703473 3 11.851036999999991 0 897686 0.20339999999999997 0.00043023255813956496
1645235707753 3 11.591556999999995 0 960141 0.2173 0.00043023255813956496
1645235711447 3 11.835204000000004 0 914618 0.2068 0.00043023255813956496
1645235715699 3 11.574716999999993 0 949031 0.21469999999999997 0.00043023255813956496
1645235719382 3 11.818263000000002 0 919929 0.2076 0.00043023255813956496
1645235723590 3 11.803078999999997 0 930570 0.21030000000000001 0.00043023255813956496
1645235727726 3 11.542384000000027 0 894188 0.2011 0.00043023255813956496
1645235731718 3 11.535753 0 835562 0.1889 0.00043023255813956496
1645235735553 3 11.777833999999984 0 986170 0.2232 0.00043023255813956496
1645235739819 3 11.510898999999995 0 955812 0.21610000000000001 0.00043023255813956496
1645235743816 3 11.501871999999992 0 837688 0.189 0.00043023255813956496
1645235747618 3 11.74030700000003 0 972932 0.22000000000000003 0.00043023255813956496
1645235751544 3 11.726336000000003 0 807690 0.1822 0.00043023255813956496
1645235755331 3 11.970556999999985 0 968173 0.2189 0.00043023255813956496
1645235759401 3 11.956848999999977 0 872734 0.197 0.00043023255813956496
1645235763247 3 11.945393000000024 0 991679 0.22440000000000002 0.00043023255813956496
1645235767453 3 11.938463000000013 0 930061 0.2105 0.00043023255813956496
1645235771555 3 11.672235 0 884740 0.2002 0.00043023255813956496
1645235775347 3 11.912202999999977 0 968599 0.2192 0.00043023255813956496
1645235779366 3 11.908762000000024 0 848189 0.1921 0.00043023255813956496
1645235783707 3 11.647973999999977 0 989262 0.22400000000000003 0.00043023255813956496
1645235787409 3 11.891298000000006 0 929927 0.21030000000000001 0.00043023255813956496
1645235791429 3 11.874209000000008 0 845977 0.1916 0.00043023255813956496
1645235795321 3 11.86063999999999 0 1009703 0.22879999999999998 0.00043023255813956496
1645235799375 3 11.855272000000014 0 861836 0.195 0.00043023255813956496

