1645235793517 1 3.999999 1104 346799 0.10029999999999999 -4.747199999999999
1645235795905 3 5.630689 0 755039 0.21810000000000002 0.000174418604651283
1645235798417 3 7.116250000000001 0 835161 0.2412 0.00043023255813956496
1645235801148 3 8.388111 0 908792 0.26280000000000003 0.00043023255813956496
1645235803575 3 9.958457999999998 0 804438 0.2319 0.00043023255813956496
1645235806063 3 11.470835 0 828659 0.2374 0.00043023255813956496
1645235809877 3 11.839822999999999 0 937332 0.271 0.00043023255813956496
1645235813722 3 11.833918 0 776416 0.2243 0.00043023255813956496
1645235817793 3 11.827397000000001 0 1025687 0.2969 0.00043023255813956496
1645235821761 3 11.822747000000003 0 815426 0.2355 0.00043023255813956496
1645235825924 3 11.817073 0 884625 0.2557 0.00043023255813956496
1645235830145 3 11.553050000000006 0 904952 0.26139999999999997 0.00043023255813956496
1645235834000 3 11.547834000000002 0 954418 0.27549999999999997 0.00043023255813956496
1645235838230 3 11.542174000000003 0 910446 0.2631 0.00043023255813956496
1645235842002 3 11.784922000000002 0 922454 0.2666 0.00043023255813956496
1645235848177 3 9.624722000000006 0 942842 0.5904 0.00043023255813956496
1645235850971 3 10.804110000000001 0 884128 0.25939999999999996 0.00043023255813956496
1645235853998 3 11.944534000000004 0 828263 0.23900000000000002 0.00043023255813956496
1645235857977 3 11.923589000000007 0 981175 0.28290000000000004 0.00043023255813956496
1645235862301 3 11.658596000000003 0 939007 0.27080000000000004 0.00043023255813956496
1645235866345 3 11.652567000000005 0 841370 0.2434 0.00043023255813956496
1645235870198 3 11.641063000000003 0 947658 0.2741 0.00043023255813956496
1645235874205 3 11.636796000000004 0 828958 0.2392 0.00043023255813956496
1645235878130 3 11.874391000000003 0 977791 0.28250000000000003 0.00043023255813956496
1645235882219 3 11.609743000000009 0 847215 0.2448 0.00043023255813956496
1645235886148 3 11.846204999999998 0 978032 0.2828 0.00043023255813956496
1645235890047 3 11.840150000000008 0 934237 0.2696 0.00043023255813956496
1645235895761 3 10.014274 0 889600 0.5605 0.00043023255813956496
1645235898861 3 10.912464999999997 0 988774 0.29 0.00043023255813956496
1645235902306 3 11.55915300000001 0 808061 0.23279999999999998 0.00043023255813956496
1645235906280 3 11.543396000000001 0 995677 0.2872 0.00043023255813956496
1645235910048 3 11.775593 0 924757 0.2664 0.00043023255813956496
1645235914494 3 11.513828000000004 0 808228 0.2334 0.00043023255813956496
1645235918027 3 11.753209999999996 0 1014212 0.2929 0.00043023255813956496
1645235922072 3 11.743274000000014 0 845218 0.244 0.00043023255813956496
1645235925822 3 11.984212000000014 0 910767 0.2638 0.00043023255813956496
1645235931624 3 10.153649999999999 0 901777 0.5699 0.00043023255813956496
1645235934711 3 11.089107000000013 0 967347 0.2846 0.00043023255813956496
1645235938032 3 11.959022000000004 0 935273 0.27040000000000003 0.00043023255813956496
1645235942290 3 11.695499000000012 0 916928 0.2649 0.00043023255813956496
1645235946122 3 11.690290000000005 0 940743 0.27149999999999996 0.00043023255813956496
1645235950261 3 11.681362000000007 0 877888 0.2532 0.00043023255813956496
1645235954294 3 11.676893000000007 0 839766 0.24300000000000002 0.00043023255813956496
1645235958218 3 11.666646000000014 0 976062 0.2821 0.00043023255813956496
1645235962091 3 11.911670000000015 0 958353 0.27759999999999996 0.00043023255813956496
1645235966103 3 11.899930000000012 0 836268 0.2415 0.00043023255813956496
1645235970010 3 11.89420100000001 0 968967 0.2803 0.00043023255813956496
1645235973996 3 11.889373000000006 0 825839 0.2387 0.00043023255813956496
1645235977922 3 11.878831999999989 0 974212 0.2813 0.00043023255813956496
1645235983746 3 10.032894999999996 0 867483 0.5711999999999999 0.00043023255813956496
1645235986843 3 10.928943000000004 0 987232 0.2902 0.00043023255813956496
1645235990122 3 11.842408000000006 0 921956 0.2664 0.00043023255813956496
1645235994368 3 11.577992999999992 0 913803 0.264 0.00043023255813956496
1645235998241 3 11.569681000000003 0 958215 0.2759 0.00043023255813956496
1645236002257 3 11.561481000000015 0 832934 0.2406 0.00043023255813956496
1645236006275 3 11.54906600000001 0 1005593 0.2905 0.00043023255813956496
1645236010093 3 11.791920000000005 0 935985 0.2707 0.00043023255813956496
1645236014021 3 11.784241000000009 0 802415 0.23199999999999998 0.00043023255813956496
1645236018018 3 11.779612000000014 0 999009 0.2884 0.00043023255813956496
1645236023971 3 9.811622 0 869418 0.5837 0.00043023255813956496
1645236026823 3 10.956727 0 897686 0.2646 0.00043023255813956496
1645236030208 3 11.754808999999995 0 960141 0.2778 0.00043023255813956496
1645236033966 3 11.989672000000013 0 914618 0.2637 0.00043023255813956496
1645236037810 3 11.985883999999999 0 949031 0.2732 0.00043023255813956496
1645236042081 3 11.72743299999999 0 919929 0.266 0.00043023255813956496
1645236045874 3 11.969169999999991 0 930570 0.2692 0.00043023255813956496
1645236050078 3 11.700113999999985 0 894188 0.2584 0.00043023255813956496
1645236054100 3 11.695761000000005 0 835562 0.2414 0.00043023255813956496
1645236058051 3 11.934540000000027 0 986170 0.2852 0.00043023255813956496
1645236061917 3 11.929336999999975 0 955812 0.2763 0.00043023255813956496
1645236065942 3 11.915895999999975 0 837688 0.2428 0.00043023255813956496
1645236069889 3 11.887463000000025 0 972932 0.28159999999999996 0.00043023255813956496
1645236074329 3 11.621600999999998 0 807690 0.2324 0.00043023255813956496
1645236078224 3 11.607704000000012 0 968173 0.27959999999999996 0.00043023255813956496
1645236082346 3 11.594303000000025 0 872734 0.2522 0.00043023255813956496
1645236086324 3 11.579296 0 991679 0.2867 0.00043023255813956496
1645236090121 3 11.816136000000029 0 930061 0.269 0.00043023255813956496
1645236094289 3 11.545408000000009 0 884740 0.25529999999999997 0.00043023255813956496
1645236098237 3 11.782991999999979 0 968599 0.2801 0.00043023255813956496
1645236102307 3 11.508907000000022 0 848189 0.2447 0.00043023255813956496
1645236106275 3 11.746942999999987 0 989262 0.2857 0.00043023255813956496
1645236110102 3 11.723191999999983 0 929927 0.2706 0.00043023255813956496
1645236114154 3 11.697435999999982 0 845977 0.2448 0.00043023255813956496
1645236118173 3 11.676612999999975 0 1009703 0.2913 0.00043023255813956496
1645236122268 3 11.662758999999994 0 861836 0.2488 0.00043023255813956496

