1645251813683 1 3.999999 1440 346799 0.1325 -6.192
1645251815188 1 6.4998569999999996 0 363755 0.1392 0.00017441860465117198
1645251816672 1 9.015084000000002 0 362842 0.1386 0.00017441860465117198
1645251818238 1 11.450301 0 384791 0.14679999999999999 0.00017441860465117198
1645251822010 3 11.912508999999998 0 804438 0.308 0.000174418604651283
1645251825790 3 11.900766999999998 0 828659 0.31789999999999996 0.00043023255813956496
1645251829988 3 11.893231999999998 0 937332 0.3594 0.00043023255813956496
1645251834067 3 11.633802 0 776416 0.2972 0.00043023255813956496
1645251838097 3 11.590218000000004 0 1025687 0.3928 0.00043023255813956496
1645251842320 3 11.615414000000001 0 815426 0.3125 0.00043023255813956496
1645251848125 3 9.562596 0 884625 0.5699 0.00043023255813956496
1645251849705 1 11.982406000000005 0 352030 0.13720000000000002 0.00043023255813956496
1645251853984 3 11.835741000000006 0 954418 0.36560000000000004 0.000174418604651283
1645251858073 3 11.831206000000002 0 910446 0.3491 0.00043023255813956496
1645251861720 3 11.968048000000003 0 922454 0.3537 0.00043023255813956496
1645251865945 3 11.814847 0 942842 0.3618 0.00043023255813956496
1645251869935 3 11.810643000000006 0 884128 0.3387 0.00043023255813956496
1645251874219 3 11.551994 0 828263 0.3177 0.00043023255813956496
1645251878079 3 11.612188000000003 0 981175 0.376 0.00043023255813956496
1645251881787 3 11.900339000000002 0 939007 0.3598 0.00043023255813956496
1645251886121 3 11.772008 0 841370 0.3226 0.00043023255813956496
1645251889851 3 11.836255000000008 0 947658 0.3629 0.00043023255813956496
1645251895454 3 10.234469000000004 0 828958 0.5483 0.00043023255813956496
1645251898226 1 11.504306999999997 0 401133 0.1574 0.00043023255813956496
1645251902076 3 11.745863 0 847215 0.32530000000000003 0.000174418604651283
1645251905919 3 11.767837999999998 0 978032 0.37429999999999997 0.00043023255813956496
1645251910102 3 11.725924000000006 0 934237 0.3579 0.00043023255813956496
1645251914115 3 11.714917999999997 0 889600 0.3412 0.00043023255813956496
1645251918012 3 11.681431000000003 0 988774 0.3793 0.00043023255813956496
1645251923605 3 10.082729999999998 0 808061 0.5488000000000001 0.00043023255813956496
1645251925846 1 11.942779000000002 0 394452 0.154 0.00043023255813956496
1645251930002 3 11.684761000000009 0 924757 0.3545 0.000174418604651283
1645251934206 3 11.679850000000002 0 808228 0.3103 0.00043023255813956496
1645251938201 3 11.486928000000006 0 1014212 0.3891 0.00043023255813956496
1645251942035 3 11.658474000000012 0 845218 0.32389999999999997 0.00043023255813956496
1645251946131 3 11.647941000000003 0 910767 0.3496 0.00043023255813956496
1645251950186 3 11.63078999999999 0 901777 0.34540000000000004 0.00043023255813956496
1645251954014 3 11.682714000000004 0 967347 0.37160000000000004 0.00043023255813956496
1645251957704 3 11.983176000000014 0 935273 0.3589 0.00043023255813956496
1645251963735 3 9.952686 0 916928 0.5928 0.00043023255813956496
1645251965898 1 11.841034000000008 0 374507 0.1464 0.00043023255813956496
1645251969865 3 11.83533700000001 0 877888 0.3363 0.000174418604651283
1645251974197 3 11.57357300000001 0 839766 0.3222 0.00043023255813956496
1645251978045 3 11.647064999999998 0 976062 0.3739 0.00043023255813956496
1645251981832 3 11.858671000000015 0 958353 0.3677 0.00043023255813956496
1645251986137 3 11.799607000000009 0 836268 0.319 0.00043023255813956496
1645251989959 3 11.72747799999999 0 968967 0.372 0.00043023255813956496
1645251994232 3 11.533962000000002 0 825839 0.3175 0.00043023255813956496
1645252000131 3 9.556050999999997 0 974212 0.5793999999999999 0.00043023255813956496
1645252002131 1 11.771915000000007 0 331794 0.1303 0.00043023255813956496
1645252006017 3 11.670736000000005 0 987232 0.3781 0.000174418604651283
1645252010153 3 11.742440000000016 0 921956 0.3533 0.00043023255813956496
1645252013763 3 11.924425000000014 0 913803 0.3509 0.00043023255813956496
1645252018043 3 11.711003000000005 0 958215 0.3677 0.00043023255813956496
1645252023658 3 10.030676 0 832934 0.5498000000000001 0.00043023255813956496
1645252025947 1 11.938227000000012 0 406896 0.1592 0.00043023255813956496
1645252030161 3 11.677962000000008 0 935985 0.3587 0.000174418604651283
1645252033835 3 11.923415000000006 0 802415 0.30720000000000003 0.00043023255813956496
1645252037765 3 11.922244000000006 0 999009 0.3828 0.00043023255813956496
1645252042216 3 11.643213000000003 0 869418 0.3338 0.00043023255813956496
1645252045915 3 11.772661999999997 0 897686 0.3447 0.00043023255813956496
1645252049696 3 11.991600000000005 0 960141 0.36819999999999997 0.00043023255813956496
1645252055966 3 9.721732000000003 0 914618 0.6127 0.00043023255813956496
1645252058127 1 11.775694000000016 0 368311 0.14450000000000002 0.00043023255813956496
1645252061756 3 11.932407000000012 0 919929 0.3525 0.000174418604651283
1645252065935 3 11.759039999999999 0 930570 0.3568 0.00043023255813956496
1645252069966 3 11.752398000000028 0 894188 0.34209999999999996 0.00043023255813956496
1645252073780 3 11.99300599999998 0 835562 0.3205 0.00043023255813956496
1645252078164 3 11.737731999999994 0 986170 0.3785 0.00043023255813956496
1645252081941 3 11.75329800000003 0 955812 0.3668 0.00043023255813956496
1645252085761 3 11.962912000000017 0 837688 0.3207 0.00043023255813956496
1645252090097 3 11.704043000000013 0 972932 0.37320000000000003 0.00043023255813956496
1645252095645 3 10.042552 0 807690 0.5450999999999999 0.00043023255813956496
1645252097923 1 11.930213999999978 0 401613 0.15689999999999998 0.00043023255813956496
1645252101866 3 11.920456000000001 0 872734 0.3338 0.000174418604651283
1645252105780 3 11.908507999999983 0 991679 0.3799 0.00043023255813956496
1645252109948 3 11.903535999999974 0 930061 0.356 0.00043023255813956496
1645252113942 3 11.893891999999994 0 884740 0.3393 0.00043023255813956496
1645252117765 3 11.922618 0 968599 0.3719 0.00043023255813956496
1645252122113 3 11.622809000000018 0 848189 0.3252 0.00043023255813956496
1645252126011 3 11.677188999999998 0 989262 0.3796 0.00043023255813956496
1645252131496 3 10.19249000000002 0 929927 0.5384 0.00043023255813956496
1645252134059 1 11.841421000000025 0 347396 0.1358 0.00043023255813956496
1645252138042 3 11.647878999999989 0 1009703 0.3875 0.000174418604651283
1645252141945 3 11.828474000000028 0 861836 0.3297 0.00043023255813956496

