1645239653562 1 3.999999 2217 346799 0.2113 -9.533100000000001
1645239655056 0 6.510231 0 213385 0.1291 0.00017441860465117198
1645239656015 0 9.550564000000001 0 141806 0.0858 0.00006976744186043549
1645239657803 0 11.963481000000002 0 112578 0.0683 0.00006976744186043549
1645239661889 0 11.708663 0 80671 0.048799999999999996 0.00006976744186043549
1645239665905 0 11.703244999999999 0 68729 0.041299999999999996 0.00006976744186043549
1645239669845 0 11.946199 0 137895 0.0838 0.00006976744186043549
1645239673654 0 11.934325999999999 0 114138 0.06999999999999999 0.00006976744186043549
1645239678032 0 11.675963000000003 0 126013 0.0775 0.00006976744186043549
1645239681972 0 11.669603000000002 0 217236 0.1332 0.00006976744186043549
1645239685909 0 11.657589999999999 0 219398 0.13440000000000002 0.00006976744186043549
1645239690079 0 11.652533000000005 0 177648 0.10700000000000001 0.00006976744186043549
1645239693691 0 11.892637 0 166856 0.1014 0.00006976744186043549
1645239698159 0 11.633429 0 223685 0.1365 0.00006976744186043549
1645239702022 0 11.627376000000005 0 206455 0.1255 0.00006976744186043549
1645239705869 0 11.860877000000002 0 121534 0.0745 0.00006976744186043549
1645239710104 0 11.603861000000002 0 105092 0.0635 0.00006976744186043549
1645239714088 0 11.596940000000004 0 63086 0.0387 0.00006976744186043549
1645239718214 0 11.591352999999998 0 87739 0.0526 0.00006976744186043549
1645239721804 0 11.781597000000005 0 152905 0.0932 0.00006976744186043549
1645239726014 0 11.770599000000004 0 100587 0.0607 0.00006976744186043549
1645239730255 0 11.511544999999998 0 186001 0.11379999999999998 0.00006976744186043549
1645239733579 0 11.998665000000003 0 201620 0.12250000000000001 0.00006976744186043549
1645239738005 0 11.740285999999998 0 218012 0.1319 0.00006976744186043549
1645239741852 0 11.732239000000007 0 123058 0.075 0.00006976744186043549
1645239745659 0 11.971394000000004 0 198856 0.12 0.00006976744186043549
1645239749709 0 11.962328999999997 0 223061 0.1366 0.00006976744186043549
1645239753691 0 11.953876000000008 0 143385 0.0875 0.00006976744186043549
1645239757993 0 11.694263000000007 0 117021 0.0701 0.00006976744186043549
1645239762100 0 11.687196 0 83595 0.0506 0.00006976744186043549
1645239766113 0 11.681688000000008 0 68011 0.0414 0.00006976744186043549
1645239770033 0 11.668174000000008 0 134264 0.0818 0.00006976744186043549
1645239773824 0 11.90726500000001 0 113722 0.0691 0.00006976744186043549
1645239777684 0 11.901570000000007 0 122694 0.0742 0.00006976744186043549
1645239782092 0 11.642360999999994 0 215146 0.1309 0.00006976744186043549
1645239785991 0 11.636696 0 213339 0.13 0.00006976744186043549
1645239790171 0 11.626716000000016 0 176949 0.10700000000000001 0.00006976744186043549
1645239793724 0 11.870304000000004 0 158356 0.096 0.00006976744186043549
1645239798165 0 11.608412000000015 0 219852 0.13369999999999999 0.00006976744186043549
1645239801967 0 11.600347999999997 0 196864 0.1197 0.00006976744186043549
1645239805776 0 11.843488000000008 0 116610 0.0706 0.00006976744186043549
1645239810039 0 11.585979000000009 0 107223 0.0655 0.00006976744186043549
1645239814036 0 11.580196999999998 0 64332 0.0387 0.00006976744186043549
1645239818190 0 11.571427999999997 0 88753 0.0541 0.00006976744186043549
1645239822234 0 11.564930000000004 0 153489 0.093 0.00006976744186043549
1645239825949 0 11.810808000000009 0 101805 0.061399999999999996 0.00006976744186043549
1645239830192 0 11.552801000000017 0 186822 0.1142 0.00006976744186043549
1645239834013 0 11.796674999999993 0 200149 0.1216 0.00006976744186043549
1645239837924 0 11.78295399999999 0 215305 0.1309 0.00006976744186043549
1645239841812 0 11.774727000000013 0 128759 0.0784 0.00006976744186043549
1645239846131 0 11.516548999999998 0 199367 0.1217 0.00006976744186043549
1645239850066 0 11.507315000000006 0 220759 0.1335 0.00006976744186043549
1645239853582 0 11.99679900000001 0 149511 0.0915 0.00006976744186043549
1645239857905 0 11.741048000000006 0 118879 0.0718 0.00006976744186043549
1645239862029 0 11.734701000000001 0 85418 0.0524 0.00006976744186043549
1645239866046 0 11.726611999999989 0 68807 0.041499999999999995 0.00006976744186043549
1645239869959 0 11.709046999999998 0 132565 0.0799 0.00006976744186043549
1645239873786 0 11.95058800000001 0 117262 0.0721 0.00006976744186043549
1645239878096 0 11.695044999999993 0 116418 0.07089999999999999 0.00006976744186043549
1645239882051 0 11.689994000000013 0 223024 0.1357 0.00006976744186043549
1645239885951 0 11.684605000000005 0 214538 0.1301 0.00006976744186043549
1645239889644 0 11.928768999999988 0 178191 0.1089 0.00006976744186043549
1645239893722 0 11.92064099999999 0 161454 0.0977 0.00006976744186043549
1645239898116 0 11.66534999999999 0 212225 0.12940000000000002 0.00006976744186043549
1645239901915 0 11.654626000000007 0 195858 0.12 0.00006976744186043549
1645239905738 0 11.899416000000002 0 119665 0.0718 0.00006976744186043549
1645239910002 0 11.642410999999981 0 108667 0.0663 0.00006976744186043549
1645239913988 0 11.635451999999987 0 64782 0.0388 0.00006976744186043549
1645239918122 0 11.627674000000013 0 87523 0.0533 0.00006976744186043549
1645239922160 0 11.618533000000014 0 155607 0.09419999999999999 0.00006976744186043549
1645239925872 0 11.863675 0 100404 0.060899999999999996 0.00006976744186043549
1645239930091 0 11.604405999999983 0 183614 0.1115 0.00006976744186043549
1645239933894 0 11.850283999999988 0 197686 0.11979999999999999 0.00006976744186043549
1645239937817 0 11.842709000000013 0 217520 0.133 0.00006976744186043549
1645239942224 0 11.579934999999978 0 132353 0.08020000000000001 0.00006976744186043549
1645239946039 0 11.570780000000013 0 199853 0.1217 0.00006976744186043549
1645239950021 0 11.55824899999999 0 225614 0.1375 0.00006976744186043549
1645239954042 0 11.53939200000002 0 150477 0.0913 0.00006976744186043549
1645239957863 0 11.771948000000009 0 117995 0.0711 0.00006976744186043549
1645239961992 0 11.76197400000001 0 86503 0.052500000000000005 0.00006976744186043549
1645239966014 0 11.755624000000012 0 67335 0.041499999999999995 0.00006976744186043549
1645239969913 0 11.745346999999981 0 132169 0.0801 0.00006976744186043549
1645239973742 0 11.986010000000022 0 118800 0.0727 0.00006976744186043549
1645239978054 0 11.731119999999976 0 116618 0.0708 0.00006976744186043549

