1645251598381 1 3.999999 1327 346799 0.12110000000000001 -5.706099999999999
1645251600663 1 5.747484 0 363755 0.12769999999999998 0.00017441860465117198
1645251602052 1 8.360454 0 362842 0.127 0.00017441860465117198
1645251603522 1 10.892453 0 384791 0.1348 0.00017441860465117198
1645251606829 1 11.820974999999999 0 339137 0.11839999999999999 0.00017441860465117198
1645251610816 1 11.800379999999999 0 393219 0.1367 0.00017441860465117198
1645251614877 1 11.542062999999999 0 406206 0.1431 0.00017441860465117198
1645251619055 1 11.530521999999998 0 303135 0.1066 0.00017441860465117198
1645251622670 1 11.773089000000002 0 414092 0.14850000000000002 0.00017441860465117198
1645251626981 1 11.509543000000004 0 337705 0.11810000000000001 0.00017441860465117198
1645251630891 1 11.750182000000002 0 366374 0.12789999999999999 0.00017441860465117198
1645251634756 1 11.720353000000003 0 352030 0.1233 0.00017441860465117198
1645251638689 1 11.964640000000003 0 371605 0.1301 0.00017441860465117198
1645251642651 1 11.943509000000006 0 385670 0.1348 0.00017441860465117198
1645251646587 1 11.934275 0 374050 0.1312 0.00017441860465117198
1645251650495 1 11.924173000000003 0 367058 0.1272 0.00017441860465117198
1645251654930 1 11.665883000000001 0 377983 0.13169999999999998 0.00017441860465117198
1645251658733 1 11.904252 0 326924 0.1143 0.00017441860465117198
1645251662711 1 11.886764999999997 0 388939 0.1357 0.00017441860465117198
1645251666704 1 11.879551000000006 0 392939 0.13740000000000002 0.00017441860465117198
1645251670603 1 11.875549000000007 0 362131 0.1275 0.00017441860465117198
1645251674683 1 11.864676000000003 0 402712 0.1409 0.00017441860465117198
1645251678971 1 11.606464000000003 0 327400 0.1137 0.00017441860465117198
1645251682991 1 11.596867000000003 0 401133 0.1404 0.00017441860465117198
1645251686728 1 11.843308000000007 0 317452 0.11080000000000001 0.00017441860465117198
1645251690727 1 11.83241600000001 0 391753 0.1368 0.00017441860465117198
1645251694705 1 11.825438000000005 0 384934 0.1348 0.00017441860465117198
1645251698612 1 11.817351000000002 0 367179 0.12840000000000001 0.00017441860465117198
1645251702622 1 11.811845000000005 0 387965 0.1359 0.00017441860465117198
1645251706906 1 11.553196999999997 0 333821 0.1165 0.00017441860465117198
1645251710896 1 11.548642000000001 0 394452 0.1379 0.00017441860465117198
1645251714947 1 11.545032000000006 0 409513 0.143 0.00017441860465117198
1645251718664 1 11.780916000000005 0 307174 0.10800000000000001 0.00017441860465117198
1645251722754 1 11.773301000000004 0 420407 0.1474 0.00017441860465117198
1645251727060 1 11.51684499999999 0 340231 0.11910000000000001 0.00017441860465117198
1645251730489 1 11.989114999999998 0 374730 0.13069999999999998 0.00017441860465117198
1645251734856 1 11.72877600000001 0 353022 0.124 0.00017441860465117198
1645251738845 1 11.717928 0 393253 0.13720000000000002 0.00017441860465117198
1645251742754 1 11.705311999999992 0 368813 0.1282 0.00017441860465117198
1645251746689 1 11.94857300000001 0 372578 0.13069999999999998 0.00017441860465117198
1645251750608 1 11.939134999999993 0 374507 0.1306 0.00017441860465117198
1645251754523 1 11.934616000000005 0 372824 0.1301 0.00017441860465117198
1645251758782 1 11.678264000000013 0 326437 0.11439999999999999 0.00017441860465117198
1645251762739 1 11.918019000000015 0 383127 0.1346 0.00017441860465117198
1645251766896 1 11.743155000000002 0 400632 0.1397 0.00017441860465117198
1645251770724 1 11.723320999999999 0 342596 0.1197 0.00017441860465117198
1645251774766 1 11.718199999999996 0 407655 0.1424 0.00017441860465117198
1645251778556 1 11.958507999999995 0 337450 0.1182 0.00017441860465117198
1645251782589 1 11.948831000000013 0 404220 0.14150000000000001 0.00017441860465117198
1645251786782 0 11.691905999999989 0 128759 0.0453 0.00017441860465117198
1645251790635 0 11.934122000000002 0 199367 0.0732 0.00006976744186043549
1645251794565 0 11.928978999999998 0 220759 0.0796 0.00006976744186043549
1645251798749 0 11.67096699999999 0 149511 0.055600000000000004 0.00006976744186043549
1645251802815 0 11.664062000000001 0 118879 0.045200000000000004 0.00006976744186043549
1645251806773 0 11.65653900000001 0 85418 0.0334 0.00006976744186043549
1645251810686 0 11.902207000000004 0 68807 0.027600000000000003 0.00006976744186043549
1645251814812 0 11.646574000000015 0 132565 0.0494 0.00006976744186043549
1645251818887 0 11.639094999999998 0 117262 0.0449 0.00006976744186043549
1645251822945 0 11.635188999999997 0 116418 0.0443 0.00006976744186043549
1645251826954 0 11.616244999999992 0 223024 0.08199999999999999 0.00006976744186043549
1645251830863 0 11.611475000000013 0 214538 0.0791 0.00006976744186043549
1645251834643 0 11.858026999999993 0 178191 0.0661 0.00006976744186043549
1645251838859 0 11.595325000000003 0 161454 0.0601 0.00006976744186043549
1645251842767 0 11.839335000000005 0 212225 0.0781 0.00006976744186043549
1645251846607 0 11.832386000000014 0 195858 0.0718 0.00006976744186043549
1645251850692 0 11.819116000000008 0 119665 0.0451 0.00006976744186043549
1645251854727 0 11.808835999999985 0 108667 0.0417 0.00006976744186043549
1645251858616 0 11.803533000000016 0 64782 0.0259 0.00006976744186043549
1645251863095 0 11.542097000000012 0 87523 0.034100000000000005 0.00006976744186043549
1645251866796 0 11.779040000000009 0 155607 0.05789999999999999 0.00006976744186043549
1645251870801 0 11.774322999999981 0 100404 0.038400000000000004 0.00006976744186043549
1645251875106 0 11.517575000000022 0 183614 0.06760000000000001 0.00006976744186043549
1645251878947 0 11.504754999999989 0 197686 0.0723 0.00006976744186043549
1645251882876 0 11.746400999999992 0 217520 0.0791 0.00006976744186043549
1645251886497 0 11.986023999999986 0 132353 0.05 0.00006976744186043549
1645251890860 0 11.727963999999986 0 199853 0.0735 0.00006976744186043549
1645251894799 0 11.723523999999998 0 225614 0.0824 0.00006976744186043549
1645251898483 0 11.969193000000018 0 150477 0.056499999999999995 0.00006976744186043549
1645251902541 0 11.962635999999975 0 117995 0.0443 0.00006976744186043549
1645251906504 0 11.957051999999976 0 86503 0.0332 0.00006976744186043549
1645251910894 0 11.696544000000017 0 67335 0.0268 0.00006976744186043549
1645251914534 0 11.936818000000017 0 132169 0.05 0.00006976744186043549
1645251918634 0 11.930919000000017 0 118800 0.0455 0.00006976744186043549
1645251922709 0 11.924130999999988 0 116618 0.0439 0.00006976744186043549

