1645237187493 1 3.999999 1723 346799 0.1503 -7.4089
1645237191018 3 4.4939350000000005 0 755039 0.3274 0.000174418604651283
1645237194754 3 4.759495000000001 0 835161 0.3618 0.00043023255813956496
1645237198831 3 4.676727000000001 0 908792 0.3936 0.00043023255813956496
1645237202423 3 5.083015999999999 0 804438 0.3476 0.00043023255813956496
1645237206137 3 5.377120999999999 0 828659 0.35910000000000003 0.00043023255813956496
1645237210327 3 5.178951999999999 0 937332 0.40499999999999997 0.00043023255813956496
1645237213825 3 5.6956469999999975 0 776416 0.33599999999999997 0.00043023255813956496
1645237220018 3 4.2821500000000015 782 1025687 0.6014 -3.3621697674418605
1645237223790 3 4.498448000000003 0 815426 0.3559 0.00043023255813956496
1645237227742 3 4.5409660000000045 0 884625 0.38330000000000003 0.00043023255813956496
1645237231769 3 4.513878000000005 0 904952 0.3914 0.00043023255813956496
1645237236006 3 4.495170999999999 217 954418 0.4133 -0.9326697674418604
1645237240055 3 4.4443490000000025 0 910446 0.394 0.00043023255813956496
1645237244165 3 4.434875000000005 99 922454 0.4011 -0.4252697674418604
1645237248388 3 4.266933000000002 54 942842 0.40970000000000006 -0.2317697674418604
1645237253969 3 4.310602000000003 1618 884128 0.5471 -6.95696976744186
1645237257787 3 4.486914999999996 0 828263 0.36160000000000003 0.00043023255813956496
1645237262154 3 4.383535000000009 265 981175 0.4248 -1.1390697674418604
1645237266325 3 4.383763000000002 173 939007 0.4061 -0.7434697674418604
1645237270084 3 4.625664 0 841370 0.36419999999999997 0.00043023255813956496
1645237274305 3 4.404353999999998 0 947658 0.4114 0.00043023255813956496
1645237278006 3 4.702454000000003 0 828958 0.3592 0.00043023255813956496
1645237283883 3 4.249975000000006 1421 977791 0.577 -6.109869767441861
1645237287784 3 4.406166999999996 62 847215 0.37029999999999996 -0.2661697674418604
1645237292127 3 4.463418000000004 401 978032 0.4234 -1.7238697674418604
1645237296617 3 4.2699050000000085 188 934237 0.4062 -0.8079697674418604
1645237300604 3 4.478414000000001 148 889600 0.3846 -0.6359697674418605
1645237305003 3 4.363213999999999 294 988774 0.429 -1.2637697674418604
1645237308605 3 4.760765000000006 0 808061 0.35009999999999997 0.00043023255813956496
1645237313039 3 4.392601999999997 66 995677 0.43170000000000003 -0.2833697674418605
1645237317156 3 4.443218999999999 176 924757 0.40069999999999995 -0.7563697674418604
1645237320770 3 4.825632999999996 0 808228 0.3509 0.00043023255813956496
1645237325273 3 4.356741999999997 33 1014212 0.43979999999999997 -0.14146976744186035
1645237329039 3 4.590844000000004 0 845218 0.3657 0.00043023255813956496
1645237334821 3 4.374928000000011 1568 910767 0.5678 -6.74196976744186
1645237338951 3 4.428332000000012 181 901777 0.3933 -0.7778697674418604
1645237343253 3 4.352413000000013 229 967347 0.4187 -0.9842697674418603
1645237347418 3 4.317301000000015 129 935273 0.40599999999999997 -0.5542697674418604
1645237351539 3 4.435711999999995 238 916928 0.3977 -1.0229697674418605
1645237355720 3 4.40151800000001 151 940743 0.40780000000000005 -0.6488697674418604
1645237359633 3 4.490160000000003 0 877888 0.3805 0.00043023255813956496
1645237363379 3 4.741511000000003 0 839766 0.3644 0.00043023255813956496
1645237367716 3 4.407122000000015 0 976062 0.42300000000000004 0.00043023255813956496
1645237373104 3 4.274440999999996 1254 958353 0.5269 -5.39176976744186
1645237376949 3 4.426265000000001 0 836268 0.3644 0.00043023255813956496
1645237381270 3 4.264784999999989 152 968967 0.4201 -0.6531697674418604
1645237384959 3 4.571683000000007 0 825839 0.3579 0.00043023255813956496
1645237389298 3 4.404638000000006 164 974212 0.42169999999999996 -0.7047697674418605
1645237393158 3 4.535053000000005 0 867483 0.3753 0.00043023255813956496
1645237399301 3 4.301726000000002 1911 987232 0.6045 -8.21686976744186
1645237403530 3 4.447181999999998 371 921956 0.40199999999999997 -1.5948697674418604
1645237407600 3 4.372680000000003 0 913803 0.3962 0.00043023255813956496
1645237411861 3 4.302016000000009 184 958215 0.4142 -0.7907697674418603
1645237415581 3 4.5769889999999975 0 832934 0.36110000000000003 0.00043023255813956496
1645237420047 3 4.456787999999989 347 1005593 0.4364 -1.4916697674418604
1645237424216 3 4.287380000000013 0 935985 0.4062 0.00043023255813956496
1645237427799 3 4.705081000000007 0 802415 0.34809999999999997 0.00043023255813956496
1645237432231 3 4.491548999999992 218 999009 0.433 -0.9369697674418604
1645237436125 3 4.602097000000015 0 869418 0.3774 0.00043023255813956496
1645237440136 3 4.584779999999995 0 897686 0.3894 0.00043023255813956496
1645237444416 3 4.435249999999996 125 960141 0.41609999999999997 -0.5370697674418605
1645237448484 3 4.361852999999996 0 914618 0.3961 0.00043023255813956496
1645237452698 3 4.292895000000016 144 949031 0.41100000000000003 -0.6187697674418604
1645237456784 3 4.428472999999997 220 919929 0.3983 -0.9455697674418604
1645237460923 3 4.391433000000006 100 930570 0.4032 -0.4295697674418604
1645237464907 3 4.4763169999999946 69 894188 0.387 -0.2962697674418604
1645237470615 3 4.288279999999986 1522 835562 0.5594 -6.5441697674418595
1645237472529 1 6.3737050000000295 0 379027 0.16599999999999998 0.00043023255813956496
1645237476781 3 6.117750999999998 0 955812 0.4142 0.000174418604651283
1645237480516 3 6.386098000000004 0 837688 0.3626 0.00043023255813956496
1645237484847 3 6.0531839999999875 0 972932 0.4218 0.00043023255813956496
1645237488442 3 6.463566000000014 0 807690 0.34900000000000003 0.00043023255813956496
1645237492740 3 6.1621920000000046 0 968173 0.4192 0.00043023255813956496
1645237496630 3 6.269625000000019 0 872734 0.3781 0.00043023255813956496
1645237501046 3 5.854928000000029 0 991679 0.4306 0.00043023255813956496
1645237505179 3 5.719623000000013 0 930061 0.4032 0.00043023255813956496
1645237509119 3 5.783352999999977 0 884740 0.3832 0.00043023255813956496
1645237513426 3 5.472956000000011 0 968599 0.4203 0.00043023255813956496

