1645256947163 1 3.999999 1706 346799 0.15760000000000002 -7.335799999999999
1645256950862 3 4.450713 134 755039 0.3442 -0.5760255813953488
1645256954785 3 4.525964000000001 0 835161 0.3807 0.00043023255813956496
1645256959031 3 4.31278 33 908792 0.4141 -0.14146976744186035
1645256962803 3 4.539770999999998 0 804438 0.367 0.00043023255813956496
1645256966697 3 4.646750999999998 0 828659 0.3789 0.00043023255813956496
1645256971068 3 4.311487 37 937332 0.42729999999999996 -0.15866976744186045
1645256976797 3 4.3409169999999975 1757 776416 0.5626 -7.55466976744186
1645256978913 1 6.225194000000002 0 414092 0.1913 0.00043023255813956496
1645256982754 3 6.385081 0 815426 0.3718 0.000174418604651283
1645256986900 3 6.238629000000003 0 884625 0.4032 0.00043023255813956496
1645256991143 3 6.002233000000004 0 904952 0.41269999999999996 0.00043023255813956496
1645256995602 3 5.536349000000001 0 954418 0.4359 0.00043023255813956496
1645257001647 3 4.279171000000005 781 910446 0.5932999999999999 -3.3578697674418603
1645257003583 1 6.334399000000005 0 374050 0.1732 0.00043023255813956496
1645257007997 3 5.919298000000005 0 942842 0.43010000000000004 0.000174418604651283
1645257012139 3 5.778596 0 884128 0.40259999999999996 0.00043023255813956496
1645257016032 3 5.889508000000006 0 828263 0.3772 0.00043023255813956496
1645257020616 3 5.300196 0 981175 0.44800000000000006 0.00043023255813956496
1645257025017 3 4.900435000000002 0 939007 0.42919999999999997 0.00043023255813956496
1645257028963 3 4.953821000000005 0 841370 0.38370000000000004 0.00043023255813956496
1645257033392 3 4.524333999999996 0 947658 0.4325 0.00043023255813956496
1645257037294 3 4.622811999999996 0 828958 0.37879999999999997 0.00043023255813956496
1645257041862 3 4.453417000000002 396 977791 0.44589999999999996 -1.7023697674418603
1645257045832 3 4.481240999999997 0 847215 0.3866 0.00043023255813956496
1645257052198 3 4.327725999999998 2211 978032 0.6259 -9.50686976744186
1645257054181 1 6.3428109999999975 0 384934 0.1783 0.00043023255813956496
1645257058348 3 6.177445000000006 0 889600 0.40490000000000004 0.000174418604651283
1645257062969 3 5.5560899999999975 0 988774 0.45119999999999993 0.00043023255813956496
1645257066765 3 5.759468999999996 0 808061 0.3685 0.00043023255813956496
1645257071425 3 5.105789999999999 0 995677 0.4542 0.00043023255813956496
1645257075748 3 4.776616000000004 0 924757 0.4218 0.00043023255813956496
1645257079546 3 4.979044000000002 0 808228 0.36920000000000003 0.00043023255813956496
1645257086072 3 4.454572000000013 2000 1014212 0.6403 -8.59956976744186
1645257087854 1 6.675191000000012 0 340231 0.1578 0.00043023255813956496
1645257092126 3 6.400753000000009 0 910767 0.4154 0.000174418604651283
1645257096346 3 6.180150999999995 0 901777 0.41150000000000003 0.00043023255813956496
1645257100865 3 5.662658999999991 0 967347 0.4407 0.00043023255813956496
1645257105248 3 5.279597999999993 0 935273 0.4271 0.00043023255813956496
1645257111205 3 4.372028999999998 1048 916928 0.5841999999999999 -4.50596976744186
1645257113136 1 6.437902000000008 0 374507 0.1729 0.00043023255813956496
1645257117248 3 6.325753999999989 0 877888 0.40049999999999997 0.000174418604651283
1645257121185 3 6.391348999999991 0 839766 0.3832 0.00043023255813956496
1645257125742 3 5.8327580000000125 0 976062 0.4455 0.00043023255813956496
1645257130222 3 5.3544239999999945 0 958353 0.43739999999999996 0.00043023255813956496
1645257136294 3 4.362097000000006 1082 836268 0.5942000000000001 -4.65216976744186
1645257138374 1 6.279923999999994 0 407655 0.1878 0.00043023255813956496
1645257142259 3 6.396554000000009 0 825839 0.3773 0.000174418604651283
1645257146809 3 5.845494000000002 0 974212 0.4441 0.00043023255813956496
1645257150877 3 5.777865999999989 0 867483 0.3962 0.00043023255813956496
1645257155483 3 5.171944999999994 0 987232 0.4505 0.00043023255813956496
1645257159789 3 4.864993999999996 0 921956 0.4204 0.00043023255813956496
1645257164060 3 4.595698999999996 0 913803 0.41689999999999994 0.00043023255813956496
1645257168528 3 4.365566000000001 237 958215 0.4361 -1.0186697674418603
1645257172438 3 4.453659000000016 0 832934 0.3799 0.00043023255813956496
1645257177124 3 4.332815000000011 564 1005593 0.4585 -2.4247697674418602
1645257181495 3 4.384143999999992 424 935985 0.42679999999999996 -1.8227697674418601
1645257185262 3 4.6175090000000125 0 802415 0.366 0.00043023255813956496
1645257189938 3 4.289388000000002 339 999009 0.4566 -1.4572697674418604
1645257194003 3 4.370446000000015 155 869418 0.39590000000000003 -0.6660697674418605
1645257199972 3 4.265335999999991 1856 897686 0.5857 -7.980369767441859
1645257201892 1 6.336353000000003 0 372261 0.1722 0.00043023255813956496
1645257206181 3 6.050220999999993 0 914618 0.41740000000000005 0.000174418604651283
1645257210620 3 5.610763999999989 0 949031 0.4325 0.00043023255813956496
1645257214927 3 5.302020999999996 0 919929 0.41980000000000006 0.00043023255813956496
1645257219276 3 4.952420000000018 0 930570 0.4243 0.00043023255813956496
1645257223459 3 4.770851999999991 0 894188 0.40780000000000005 0.00043023255813956496
1645257228933 3 4.299229000000025 1005 835562 0.5368999999999999 -4.321069767441861
1645257230879 1 6.354520999999977 0 379027 0.17470000000000002 0.00043023255813956496
1645257235343 3 5.888095000000021 0 955812 0.43529999999999996 0.000174418604651283
1645257239269 3 5.963418999999988 0 837688 0.3806 0.00043023255813956496
1645257243809 3 5.422038999999984 0 972932 0.44329999999999997 0.00043023255813956496
1645257247593 3 5.638042999999982 0 807690 0.36819999999999997 0.00043023255813956496
1645257252126 3 5.106990999999994 0 968173 0.4418 0.00043023255813956496
1645257256220 3 5.010538999999994 0 872734 0.39790000000000003 0.00043023255813956496
1645257260855 3 4.469456999999977 93 991679 0.4532 -0.39946976744186036
1645257265201 3 4.3016190000000165 178 930061 0.4242 -0.7649697674418605
1645257270825 3 4.467513999999994 1784 884740 0.5518 -7.670769767441859

