1645235408549 1 3.999999 886 346799 0.07880000000000001 -3.8097999999999996
1645235409235 0 7.312201 0 213385 0.048299999999999996 0.00017441860465117198
1645235409651 0 10.894787 0 141806 0.0319 0.00006976744186043549
1645235413004 0 11.633711000000002 0 112578 0.0253 0.00006976744186043549
1645235416869 0 11.87313 0 80671 0.026000000000000002 0.00006976744186043549
1645235420702 0 11.867206999999999 0 68729 0.0229 0.00006976744186043549
1645235425182 0 11.610627999999998 0 137895 0.0382 0.00006976744186043549
1645235429112 0 11.595371 0 114138 0.0329 0.00006976744186043549
1645235433067 0 11.587557000000004 0 126013 0.0356 0.00006976744186043549
1645235436728 0 11.831152000000003 0 217236 0.05620000000000001 0.00006976744186043549
1645235440895 0 11.824181000000003 0 219398 0.056799999999999996 0.00006976744186043549
1645235444969 0 11.817506000000002 0 177648 0.0475 0.00006976744186043549
1645235449029 0 11.558304 0 166856 0.045 0.00006976744186043549
1645235453218 0 11.550921000000002 0 223685 0.056799999999999996 0.00006976744186043549
1645235456851 0 11.796522000000003 0 206455 0.053500000000000006 0.00006976744186043549
1645235460796 0 11.787703 0 121534 0.0349 0.00006976744186043549
1645235465202 0 11.530658000000003 0 105092 0.031 0.00006976744186043549
1645235469014 0 11.771943 0 63086 0.0215 0.00006976744186043549
1645235472904 0 11.753439 0 87739 0.027500000000000004 0.00006976744186043549
1645235476914 0 11.747855000000001 0 152905 0.0414 0.00006976744186043549
1645235480811 0 11.741819000000007 0 100587 0.0298 0.00006976744186043549
1645235484910 0 11.736956000000006 0 186001 0.0493 0.00006976744186043549
1645235489058 0 11.730455000000006 0 201620 0.053200000000000004 0.00006976744186043549
1645235492743 0 11.954476 0 218012 0.0571 0.00006976744186043549
1645235496706 0 11.944936999999996 0 123058 0.035199999999999995 0.00006976744186043549
1645235500842 0 11.935510000000008 0 198856 0.052500000000000005 0.00006976744186043549
1645235504720 0 11.835451000000006 0 223061 0.058199999999999995 0.00006976744186043549
1645235509214 0 11.579136000000005 0 143385 0.0396 0.00006976744186043549
1645235513157 0 11.567476999999997 0 117021 0.0335 0.00006976744186043549
1645235517021 0 11.561857000000003 0 83595 0.0258 0.00006976744186043549
1645235520852 0 11.803002000000006 0 68011 0.023100000000000002 0.00006976744186043549
1645235524827 0 11.789624000000003 0 134264 0.0368 0.00006976744186043549
1645235528773 0 11.783675000000002 0 113722 0.0325 0.00006976744186043549
1645235533227 0 11.528638 0 122694 0.034999999999999996 0.00006976744186043549
1645235536888 0 11.76913300000001 0 215146 0.055700000000000006 0.00006976744186043549
1645235541051 0 11.506608999999997 0 213339 0.055700000000000006 0.00006976744186043549
1645235544620 0 11.996251999999998 0 176949 0.047 0.00006976744186043549
1645235548654 0 11.988295999999991 0 158356 0.0427 0.00006976744186043549
1645235552840 0 11.727650000000011 0 219852 0.05689999999999999 0.00006976744186043549
1645235556966 0 11.72022899999999 0 196864 0.051500000000000004 0.00006976744186043549
1645235560909 0 11.714162000000016 0 116610 0.034100000000000005 0.00006976744186043549
1645235564834 0 11.954926 0 107223 0.0317 0.00006976744186043549
1645235568646 0 11.950044999999989 0 64332 0.0207 0.00006976744186043549
1645235573018 0 11.689251000000013 0 88753 0.027000000000000003 0.00006976744186043549
1645235577046 0 11.680430000000001 0 153489 0.042499999999999996 0.00006976744186043549
1645235580953 0 11.672554999999988 0 101805 0.030199999999999998 0.00006976744186043549
1645235585049 0 11.667553999999996 0 186822 0.0493 0.00006976744186043549
1645235588684 0 11.90452400000001 0 200149 0.052700000000000004 0.00006976744186043549
1645235592845 0 11.899318999999991 0 215305 0.056299999999999996 0.00006976744186043549
1645235596811 0 11.881771000000015 0 128759 0.036699999999999997 0.00006976744186043549
1645235600946 0 11.625433000000015 0 199367 0.052000000000000005 0.00006976744186043549
1645235605122 0 11.619101 0 220759 0.0576 0.00006976744186043549
1645235609131 0 11.605847000000011 0 149511 0.040600000000000004 0.00006976744186043549
1645235613077 0 11.595951000000014 0 118879 0.034300000000000004 0.00006976744186043549
1645235616947 0 11.838932999999997 0 85418 0.0267 0.00006976744186043549
1645235620773 0 11.821572000000003 0 68807 0.0221 0.00006976744186043549
1645235624756 0 11.818378999999993 0 132565 0.0372 0.00006976744186043549
1645235629202 0 11.560413000000011 0 117262 0.033600000000000005 0.00006976744186043549
1645235633137 0 11.55141900000001 0 116418 0.033 0.00006976744186043549
1645235636820 0 11.796163000000007 0 223024 0.0586 0.00006976744186043549
1645235640977 0 11.78860800000001 0 214538 0.05620000000000001 0.00006976744186043549
1645235645053 0 11.532702 0 178191 0.047299999999999995 0.00006976744186043549
1645235649105 0 11.523769000000016 0 161454 0.0441 0.00006976744186043549
1645235653259 0 11.518997000000013 0 212225 0.054700000000000006 0.00006976744186043549
1645235656884 0 11.760752999999994 0 195858 0.0517 0.00006976744186043549
1645235660830 0 11.755087000000003 0 119665 0.034499999999999996 0.00006976744186043549
1645235664756 0 11.995423000000017 0 108667 0.0323 0.00006976744186043549
1645235668589 0 11.987960999999984 0 64782 0.0219 0.00006976744186043549
1645235672967 0 11.726331000000016 0 87523 0.0269 0.00006976744186043549
1645235676985 0 11.71984500000002 0 155607 0.0423 0.00006976744186043549
1645235680882 0 11.710450999999978 0 100404 0.029599999999999998 0.00006976744186043549
1645235684972 0 11.70646499999998 0 183614 0.0494 0.00006976744186043549
1645235689088 0 11.698883000000023 0 197686 0.051500000000000004 0.00006976744186043549
1645235692751 0 11.93508700000001 0 217520 0.056299999999999996 0.00006976744186043549
1645235696722 0 11.925282999999979 0 132353 0.0369 0.00006976744186043549
1645235700847 0 11.91839600000003 0 199853 0.0523 0.00006976744186043549
1645235705034 0 11.660928000000013 0 225614 0.0583 0.00006976744186043549
1645235709048 0 11.653411000000006 0 150477 0.041299999999999996 0.00006976744186043549
1645235712986 0 11.642737000000011 0 117995 0.0333 0.00006976744186043549
1645235716868 0 11.886383000000023 0 86503 0.0263 0.00006976744186043549
1645235720691 0 11.876897999999983 0 67335 0.0224 0.00006976744186043549
1645235725163 0 11.620946000000004 0 132169 0.0368 0.00006976744186043549
1645235729098 0 11.61298800000003 0 118800 0.033800000000000004 0.00006976744186043549
1645235733033 0 11.608344999999986 0 116618 0.033600000000000005 0.00006976744186043549
1645235736701 0 11.852692999999988 0 222296 0.057199999999999994 0.00006976744186043549

