1645232261165 1 3.999999 1264 346799 0.1123 -5.4352
1645232263135 1 6.023756 0 363755 0.11879999999999999 0.00017441860465117198
1645232264459 1 8.702808000000001 0 362842 0.1182 0.00017441860465117198
1645232265849 1 11.310775 0 384791 0.126 0.00017441860465117198
1645232269594 1 11.753060999999999 0 339137 0.1111 0.00017441860465117198
1645232273528 1 11.69001 0 393219 0.1305 0.00017441860465117198
1645232277526 1 11.660142 0 406206 0.1343 0.00017441860465117198
1645232281655 1 11.652753999999998 0 303135 0.0991 0.00017441860465117198
1645232285716 1 11.637474000000001 0 414092 0.1404 0.00017441860465117198
1645232289463 1 11.852666000000003 0 337705 0.1085 0.00017441860465117198
1645232293818 1 11.558723 0 366374 0.12090000000000001 0.00017441860465117198
1645232297593 1 11.803597000000003 0 352030 0.11499999999999999 0.00017441860465117198
1645232301461 1 11.747912 0 371605 0.12110000000000001 0.00017441860465117198
1645232305363 1 11.986699000000002 0 385670 0.1263 0.00017441860465117198
1645232309232 1 11.974618 0 374050 0.12279999999999999 0.00017441860465117198
1645232313559 1 11.708791000000005 0 367058 0.12079999999999999 0.00017441860465117198
1645232317443 1 11.939877000000003 0 377983 0.124 0.00017441860465117198
1645232321658 1 11.640091000000005 0 326924 0.10700000000000001 0.00017441860465117198
1645232325593 1 11.629255999999998 0 388939 0.1303 0.00017441860465117198
1645232329501 1 11.868158000000008 0 392939 0.129 0.00017441860465117198
1645232333317 1 11.857430000000008 0 362131 0.119 0.00017441860465117198
1645232337782 1 11.599449000000007 0 402712 0.1338 0.00017441860465117198
1645232341476 1 11.82585300000001 0 327400 0.1079 0.00017441860465117198
1645232345430 1 11.81138 0 401133 0.1316 0.00017441860465117198
1645232349600 1 11.797024000000008 0 317452 0.1041 0.00017441860465117198
1645232353516 1 11.756262000000007 0 391753 0.1288 0.00017441860465117198
1645232357435 1 11.740409999999997 0 384934 0.1268 0.00017441860465117198
1645232361277 1 11.974214000000003 0 367179 0.1204 0.00017441860465117198
1645232365665 1 11.711109000000008 0 387965 0.1275 0.00017441860465117198
1645232369390 1 11.95075 0 333821 0.1092 0.00017441860465117198
1645232373305 1 11.931763000000004 0 394452 0.1298 0.00017441860465117198
1645232377286 1 11.917206000000007 0 409513 0.1343 0.00017441860465117198
1645232381411 1 11.905201000000005 0 307174 0.10089999999999999 0.00017441860465117198
1645232385412 1 11.889077999999998 0 420407 0.1377 0.00017441860465117198
1645232389651 1 11.610822000000013 0 340231 0.11140000000000001 0.00017441860465117198
1645232393505 1 11.851290000000006 0 374730 0.12279999999999999 0.00017441860465117198
1645232397798 1 11.591032000000013 0 353022 0.11639999999999999 0.00017441860465117198
1645232401707 1 11.563848000000007 0 393253 0.12940000000000002 0.00017441860465117198
1645232405533 1 11.80273299999999 0 368813 0.1202 0.00017441860465117198
1645232409383 1 11.791871000000015 0 372578 0.12190000000000001 0.00017441860465117198
1645232413733 1 11.536586 0 374507 0.12290000000000001 0.00017441860465117198
1645232417574 1 11.770893999999998 0 372824 0.1223 0.00017441860465117198
1645232421772 1 11.512850000000014 0 326437 0.10729999999999999 0.00017441860465117198
1645232425677 1 11.502634 0 383127 0.1281 0.00017441860465117198
1645232429646 1 11.736615999999998 0 400632 0.1313 0.00017441860465117198
1645232433397 1 11.964382 0 342596 0.11240000000000001 0.00017441860465117198
1645232437354 1 11.951308000000012 0 407655 0.13340000000000002 0.00017441860465117198
1645232441585 1 11.69486599999999 0 337450 0.1113 0.00017441860465117198
1645232445550 1 11.684948999999989 0 404220 0.13240000000000002 0.00017441860465117198
1645232449231 0 11.925186999999994 0 128759 0.0418 0.00017441860465117198
1645232453529 0 11.664646000000005 0 199367 0.0691 0.00006976744186043549
1645232457418 0 11.90856199999999 0 220759 0.07680000000000001 0.00006976744186043549
1645232461569 0 11.647932999999995 0 149511 0.0521 0.00006976744186043549
1645232465611 0 11.643135999999998 0 118879 0.042499999999999996 0.00006976744186043549
1645232469542 0 11.634428000000014 0 85418 0.0315 0.00006976744186043549
1645232473426 0 11.877872999999994 0 68807 0.0259 0.00006976744186043549
1645232477516 0 11.870063000000016 0 132565 0.0468 0.00006976744186043549
1645232481560 0 11.603803999999997 0 117262 0.0422 0.00006976744186043549
1645232485593 0 11.596936999999997 0 116418 0.041999999999999996 0.00006976744186043549
1645232489481 0 11.833235000000002 0 223024 0.0764 0.00006976744186043549
1645232493347 0 11.82132200000001 0 214538 0.0743 0.00006976744186043549
1645232497607 0 11.566043000000008 0 178191 0.0623 0.00006976744186043549
1645232501797 0 11.552849000000009 0 161454 0.056100000000000004 0.00006976744186043549
1645232505646 0 11.54227499999999 0 212225 0.0731 0.00006976744186043549
1645232509456 0 11.787519000000003 0 195858 0.06820000000000001 0.00006976744186043549
1645232513506 0 11.780249999999995 0 119665 0.0433 0.00006976744186043549
1645232517519 0 11.77178600000002 0 108667 0.039900000000000005 0.00006976744186043549
1645232521883 0 11.515805999999998 0 64782 0.0248 0.00006976744186043549
1645232525326 0 11.992269000000022 0 87523 0.0328 0.00006976744186043549
1645232529506 0 11.732080999999994 0 155607 0.0551 0.00006976744186043549
1645232533494 0 11.726013000000023 0 100404 0.0364 0.00006976744186043549
1645232537252 0 11.969431999999983 0 183614 0.0633 0.00006976744186043549
1645232541554 0 11.713977999999997 0 197686 0.06870000000000001 0.00006976744186043549
1645232545427 0 11.959292000000005 0 217520 0.0755 0.00006976744186043549
1645232549516 0 11.702396000000022 0 132353 0.047099999999999996 0.00006976744186043549
1645232553323 0 11.94852800000001 0 199853 0.0693 0.00006976744186043549
1645232557222 0 11.944767000000013 0 225614 0.0777 0.00006976744186043549
1645232561399 0 11.92622799999998 0 150477 0.053000000000000005 0.00006976744186043549
1645232565440 0 11.921402999999998 0 117995 0.0423 0.00006976744186043549
1645232569383 0 11.913486999999975 0 86503 0.032100000000000004 0.00006976744186043549
1645232573269 0 11.902856999999983 0 67335 0.0258 0.00006976744186043549
1645232577360 0 11.897722999999985 0 132169 0.0472 0.00006976744186043549
1645232581406 0 11.886604999999975 0 118800 0.0424 0.00006976744186043549
1645232585459 0 11.876291999999978 0 116618 0.0421 0.00006976744186043549

