1645243533061 1 3.999999 917 346799 0.08120000000000001 -3.9431
1645243533767 0 7.307316999999999 0 213385 0.0502 0.00017441860465117198
1645243534196 0 10.881892 0 141806 0.0332 0.00006976744186043549
1645243537556 0 11.668592 0 112578 0.0258 0.00006976744186043549
1645243541421 0 11.657905 0 80671 0.026500000000000003 0.00006976744186043549
1645243545248 0 11.899061999999999 0 68729 0.0228 0.00006976744186043549
1645243549249 0 11.890621 0 137895 0.039400000000000004 0.00006976744186043549
1645243553192 0 11.883616 0 114138 0.034100000000000005 0.00006976744186043549
1645243557666 0 11.623700000000003 0 126013 0.036699999999999997 0.00006976744186043549
1645243561338 0 11.867891000000004 0 217236 0.05789999999999999 0.00006976744186043549
1645243565515 0 11.611612000000001 0 219398 0.05789999999999999 0.00006976744186043549
1645243569602 0 11.606836000000001 0 177648 0.049 0.00006976744186043549
1645243573658 0 11.601409000000004 0 166856 0.0458 0.00006976744186043549
1645243577353 0 11.843468000000001 0 223685 0.059699999999999996 0.00006976744186043549
1645243581505 0 11.588368000000003 0 206455 0.0553 0.00006976744186043549
1645243585464 0 11.823765000000002 0 121534 0.0358 0.00006976744186043549
1645243589389 0 11.818627 0 105092 0.0324 0.00006976744186043549
1645243593699 0 11.559487000000004 0 63086 0.0212 0.00006976744186043549
1645243597572 0 11.554215 0 87739 0.0274 0.00006976744186043549
1645243601610 0 11.548051000000001 0 152905 0.0422 0.00006976744186043549
1645243605518 0 11.789748000000003 0 100587 0.0309 0.00006976744186043549
1645243609619 0 11.535874000000007 0 186001 0.0502 0.00006976744186043549
1645243613759 0 11.527922000000004 0 201620 0.0541 0.00006976744186043549
1645243617449 0 11.772385999999997 0 218012 0.058399999999999994 0.00006976744186043549
1645243621405 0 11.753257000000005 0 123058 0.036 0.00006976744186043549
1645243625554 0 11.743898999999999 0 198856 0.053500000000000006 0.00006976744186043549
1645243629302 0 11.986953999999997 0 223061 0.059699999999999996 0.00006976744186043549
1645243633307 0 11.972231000000008 0 143385 0.040600000000000004 0.00006976744186043549
1645243637249 0 11.963558000000006 0 117021 0.034100000000000005 0.00006976744186043549
1645243641611 0 11.710048 0 83595 0.026000000000000002 0.00006976744186043549
1645243645442 0 11.697862 0 68011 0.023100000000000002 0.00006976744186043549
1645243649430 0 11.690775000000002 0 134264 0.0386 0.00006976744186043549
1645243653362 0 11.932110000000009 0 113722 0.0339 0.00006976744186043549
1645243657316 0 11.925592000000009 0 122694 0.035699999999999996 0.00006976744186043549
1645243661490 0 11.670050000000003 0 215146 0.05739999999999999 0.00006976744186043549
1645243665655 0 11.662579999999991 0 213339 0.0566 0.00006976744186043549
1645243669242 0 11.89499699999999 0 176949 0.0484 0.00006976744186043549
1645243673287 0 11.886382999999995 0 158356 0.0448 0.00006976744186043549
1645243677471 0 11.624561 0 219852 0.058399999999999994 0.00006976744186043549
1645243681605 0 11.616915000000006 0 196864 0.0534 0.00006976744186043549
1645243685546 0 11.60981799999999 0 116610 0.0344 0.00006976744186043549
1645243689465 0 11.854555000000005 0 107223 0.032100000000000004 0.00006976744186043549
1645243693285 0 11.84847099999999 0 64332 0.0219 0.00006976744186043549
1645243697669 0 11.594260999999989 0 88753 0.028399999999999998 0.00006976744186043549
1645243701702 0 11.589226999999994 0 153489 0.043 0.00006976744186043549
1645243705608 0 11.585273 0 101805 0.0309 0.00006976744186043549
1645243709714 0 11.578000000000003 0 186822 0.051000000000000004 0.00006976744186043549
1645243713352 0 11.822569000000016 0 200149 0.054000000000000006 0.00006976744186043549
1645243717524 0 11.565233000000006 0 215305 0.057499999999999996 0.00006976744186043549
1645243721494 0 11.80794499999999 0 128759 0.037 0.00006976744186043549
1645243725621 0 11.552561999999995 0 199367 0.053200000000000004 0.00006976744186043549
1645243729311 0 11.794734000000005 0 220759 0.0586 0.00006976744186043549
1645243733328 0 11.787830000000014 0 149511 0.0423 0.00006976744186043549
1645243737770 0 11.532352000000003 0 118879 0.034699999999999995 0.00006976744186043549
1645243741636 0 11.525608000000005 0 85418 0.0268 0.00006976744186043549
1645243745462 0 11.76804100000001 0 68807 0.0229 0.00006976744186043549
1645243749441 0 11.762609999999995 0 132565 0.0378 0.00006976744186043549
1645243753385 0 11.756371999999999 0 117262 0.034699999999999995 0.00006976744186043549
1645243757322 0 11.996654000000007 0 116418 0.0339 0.00006976744186043549
1645243761517 0 11.739525000000015 0 223024 0.0593 0.00006976744186043549
1645243765186 0 11.980444000000006 0 214538 0.057199999999999994 0.00006976744186043549
1645243769282 0 11.970003999999989 0 178191 0.0489 0.00006976744186043549
1645243773332 0 11.965030000000013 0 161454 0.0451 0.00006976744186043549
1645243777499 0 11.708764000000002 0 212225 0.056799999999999996 0.00006976744186043549
1645243781128 0 11.947417000000002 0 195858 0.0529 0.00006976744186043549
1645243785583 0 11.691851000000014 0 119665 0.034499999999999996 0.00006976744186043549
1645243789514 0 11.684815000000015 0 108667 0.032 0.00006976744186043549
1645243793332 0 11.929564000000028 0 64782 0.0219 0.00006976744186043549
1645243797212 0 11.925186999999994 0 87523 0.027600000000000003 0.00006976744186043549
1645243801247 0 11.914279000000022 0 155607 0.0433 0.00006976744186043549
1645243805647 0 11.65345000000002 0 100404 0.030199999999999998 0.00006976744186043549
1645243809258 0 11.899665000000027 0 183614 0.0507 0.00006976744186043549
1645243813390 0 11.89571699999999 0 197686 0.0533 0.00006976744186043549
1645243817577 0 11.637902999999994 0 217520 0.058499999999999996 0.00006976744186043549
1645243821555 0 11.632950999999991 0 132353 0.0377 0.00006976744186043549
1645243825695 0 11.62756300000001 0 199853 0.053500000000000006 0.00006976744186043549
1645243829397 0 11.871165000000019 0 225614 0.059699999999999996 0.00006976744186043549
1645243833425 0 11.861225999999988 0 150477 0.043 0.00006976744186043549
1645243837370 0 11.85390799999999 0 117995 0.034499999999999996 0.00006976744186043549
1645243841240 0 11.848300999999992 0 86503 0.0274 0.00006976744186043549
1645243845568 0 11.589281000000028 0 67335 0.023100000000000002 0.00006976744186043549
1645243849543 0 11.58340800000002 0 132169 0.0382 0.00006976744186043549
1645243853492 0 11.826954 0 118800 0.034999999999999996 0.00006976744186043549
1645243857430 0 11.816997000000015 0 116618 0.033800000000000004 0.00006976744186043549
1645243861621 0 11.557690999999977 0 222296 0.059199999999999996 0.00006976744186043549

