1645253443699 1 3.999999 1097 346799 0.0983 -4.717099999999999
1645253446042 3 5.671727 0 755039 0.2144 0.000174418604651283
1645253448510 3 7.2019020000000005 0 835161 0.2366 0.00043023255813956496
1645253451195 3 8.518168000000001 0 908792 0.25830000000000003 0.00043023255813956496
1645253453586 3 10.128172 0 804438 0.22879999999999998 0.00043023255813956496
1645253456052 3 11.670772999999999 0 828659 0.236 0.00043023255813956496
1645253460326 3 11.570363 0 937332 0.2665 0.00043023255813956496
1645253464136 3 11.812368 0 776416 0.2206 0.00043023255813956496
1645253468162 3 11.555449000000003 0 1025687 0.2922 0.00043023255813956496
1645253472093 3 11.799485000000004 0 815426 0.2324 0.00043023255813956496
1645253476212 3 11.539428000000001 0 884625 0.2515 0.00043023255813956496
1645253480402 3 11.535031000000004 0 904952 0.2578 0.00043023255813956496
1645253484222 3 11.529872000000005 0 954418 0.2711 0.00043023255813956496
1645253488435 3 11.523915000000002 0 910446 0.2602 0.00043023255813956496
1645253492155 3 11.767209000000001 0 922454 0.2626 0.00043023255813956496
1645253496438 3 11.506695 0 942842 0.2677 0.00043023255813956496
1645253500052 3 11.750628000000006 0 884128 0.2515 0.00043023255813956496
1645253505833 3 9.881243000000005 0 828263 0.5687 0.00043023255813956496
1645253508867 3 10.845274000000003 0 981175 0.2841 0.00043023255813956496
1645253512134 3 11.725492000000003 0 939007 0.2665 0.00043023255813956496
1645253516128 3 11.716971000000001 0 841370 0.23900000000000002 0.00043023255813956496
1645253519921 3 11.958820000000003 0 947658 0.269 0.00043023255813956496
1645253523877 3 11.948966999999996 0 828958 0.23559999999999998 0.00043023255813956496
1645253528265 3 11.690346000000005 0 977791 0.2785 0.00043023255813956496
1645253532273 3 11.684260000000009 0 847215 0.2415 0.00043023255813956496
1645253536151 3 11.671469000000002 0 978032 0.2782 0.00043023255813956496
1645253540016 3 11.909030999999999 0 934237 0.2763 0.00043023255813956496
1645253544143 3 11.651567 0 889600 0.253 0.00043023255813956496
1645253548054 3 11.894621 0 988774 0.2815 0.00043023255813956496
1645253551954 3 11.886530000000008 0 808061 0.22949999999999998 0.00043023255813956496
1645253555884 3 11.877553000000006 0 995677 0.2831 0.00043023255813956496
1645253560114 3 11.619921000000005 0 924757 0.2625 0.00043023255813956496
1645253564015 3 11.861016000000006 0 808228 0.2303 0.00043023255813956496
1645253567996 3 11.853068000000007 0 1014212 0.2882 0.00043023255813956496
1645253572001 3 11.840275999999989 0 845218 0.2404 0.00043023255813956496
1645253576189 3 11.581044999999989 0 910767 0.2592 0.00043023255813956496
1645253580362 3 11.573117999999994 0 901777 0.25670000000000004 0.00043023255813956496
1645253584220 3 11.562731000000014 0 967347 0.27549999999999997 0.00043023255813956496
1645253587982 3 11.806093000000004 0 935273 0.2663 0.00043023255813956496
1645253592190 3 11.540066999999993 0 916928 0.261 0.00043023255813956496
1645253595970 3 11.779496999999992 0 940743 0.26789999999999997 0.00043023255813956496
1645253600067 3 11.77157299999999 0 877888 0.2495 0.00043023255813956496
1645253604054 3 11.763965000000013 0 839766 0.23900000000000002 0.00043023255813956496
1645253608435 3 11.507026999999994 0 976062 0.2778 0.00043023255813956496
1645253612260 3 11.500456000000014 0 958353 0.2726 0.00043023255813956496
1645253615740 3 11.99230399999999 0 836268 0.2375 0.00043023255813956496
1645253620097 3 11.727744000000001 0 968967 0.27549999999999997 0.00043023255813956496
1645253624040 3 11.717310999999995 0 825839 0.23490000000000003 0.00043023255813956496
1645253627919 3 11.962026000000009 0 974212 0.27690000000000003 0.00043023255813956496
1645253631991 3 11.954099000000014 0 867483 0.2466 0.00043023255813956496
1645253635899 3 11.943002000000007 0 987232 0.2805 0.00043023255813956496
1645253640118 3 11.679113999999998 0 921956 0.2618 0.00043023255813956496
1645253646181 3 9.535351999999989 0 913803 0.5962 0.00043023255813956496
1645253649143 3 10.571425000000005 0 958215 0.2771 0.00043023255813956496
1645253652115 3 11.658738 0 832934 0.2367 0.00043023255813956496
1645253656069 3 11.651772999999991 0 1005593 0.2852 0.00043023255813956496
1645253659833 3 11.894227999999998 0 935985 0.26589999999999997 0.00043023255813956496
1645253664217 3 11.635343000000006 0 802415 0.2279 0.00043023255813956496
1645253668158 3 11.623962000000006 0 999009 0.2846 0.00043023255813956496
1645253672234 3 11.614453999999995 0 869418 0.2474 0.00043023255813956496
1645253675886 3 11.859865000000013 0 897686 0.25529999999999997 0.00043023255813956496
1645253680217 3 11.599795 0 960141 0.273 0.00043023255813956496
1645253683914 3 11.837459999999993 0 914618 0.2601 0.00043023255813956496
1645253690080 3 9.632803999999993 0 949031 0.6069 0.00043023255813956496
1645253692933 3 10.779315999999994 0 919929 0.26680000000000004 0.00043023255813956496
1645253696176 3 11.564925000000017 0 930570 0.26389999999999997 0.00043023255813956496
1645253700314 3 11.559001000000023 0 894188 0.254 0.00043023255813956496
1645253704285 3 11.548756000000026 0 835562 0.2371 0.00043023255813956496
1645253708207 3 11.531317000000001 0 986170 0.2806 0.00043023255813956496
1645253712024 3 11.773621999999989 0 955812 0.2718 0.00043023255813956496
1645253715996 3 11.76781299999999 0 837688 0.23809999999999998 0.00043023255813956496
1645253720366 3 11.512423000000013 0 972932 0.2773 0.00043023255813956496
1645253724260 3 11.504174999999975 0 807690 0.22890000000000002 0.00043023255813956496
1645253728113 3 11.743533000000014 0 968173 0.2757 0.00043023255813956496
1645253732198 3 11.732641999999998 0 872734 0.24820000000000003 0.00043023255813956496
1645253736121 3 11.727997000000016 0 991679 0.2824 0.00043023255813956496
1645253739868 3 11.971099999999979 0 930061 0.2646 0.00043023255813956496
1645253745679 3 10.035400999999979 0 884740 0.5698000000000001 0.00043023255813956496
1645253748669 3 11.04413599999998 0 968599 0.2805 0.00043023255813956496
1645253752177 3 11.674086999999986 0 848189 0.24100000000000002 0.00043023255813956496
1645253756097 3 11.668092999999999 0 989262 0.28090000000000004 0.00043023255813956496
1645253759839 3 11.910657000000015 0 929927 0.2643 0.00043023255813956496
1645253763848 3 11.902132999999992 0 845977 0.2408 0.00043023255813956496
1645253767818 3 11.894354000000021 0 1009703 0.2872 0.00043023255813956496
1645253771873 3 11.884884 0 861836 0.2453 0.00043023255813956496

