1645232984047 1 3.999999 998 346799 0.0824 -4.291399999999999
1645232985863 1 6.24133 0 363755 0.0898 0.00017441860465117198
1645232986866 1 9.237960000000001 0 362842 0.0861 0.00017441860465117198
1645232989268 3 10.83728 0 908792 0.2172 0.000174418604651283
1645232992327 3 11.924316999999999 0 804438 0.19190000000000002 0.00043023255813956496
1645232996421 3 11.917914999999999 0 828659 0.19790000000000002 0.00043023255813956496
1645233000287 3 11.907812999999997 0 937332 0.22410000000000002 0.00043023255813956496
1645233004565 3 11.712627999999999 0 776416 0.1826 0.00043023255813956496
1645233008177 3 11.948263000000004 0 1025687 0.2451 0.00043023255813956496
1645233012263 3 11.945839000000003 0 815426 0.1945 0.00043023255813956496
1645233016529 3 11.690484000000005 0 884625 0.2116 0.00043023255813956496
1645233020345 3 11.924034000000006 0 904952 0.21480000000000002 0.00043023255813956496
1645233024276 3 11.916417000000003 0 954418 0.22759999999999997 0.00043023255813956496
1645233028605 3 11.657237000000002 0 910446 0.21800000000000003 0.00043023255813956496
1645233032484 3 11.65041 0 922454 0.2213 0.00043023255813956496
1645233036361 3 11.892107000000003 0 942842 0.2251 0.00043023255813956496
1645233040644 3 11.630603 0 884128 0.2117 0.00043023255813956496
1645233044311 3 11.857925999999999 0 828263 0.198 0.00043023255813956496
1645233048278 3 11.845225999999997 0 981175 0.23479999999999998 0.00043023255813956496
1645233052665 3 11.589912999999996 0 939007 0.22490000000000002 0.00043023255813956496
1645233056305 3 11.830604000000008 0 841370 0.20139999999999997 0.00043023255813956496
1645233060709 3 11.573874000000004 0 947658 0.22679999999999997 0.00043023255813956496
1645233064329 3 11.810406 0 828958 0.19770000000000001 0.00043023255813956496
1645233068328 3 11.805476999999996 0 977791 0.23370000000000002 0.00043023255813956496
1645233072509 3 11.796238000000002 0 847215 0.2028 0.00043023255813956496
1645233076470 3 11.792934000000002 0 978032 0.2338 0.00043023255813956496
1645233080341 3 11.786315000000002 0 934237 0.2234 0.00043023255813956496
1645233084609 3 11.529358000000002 0 889600 0.21230000000000002 0.00043023255813956496
1645233088605 3 11.520807000000005 0 988774 0.23610000000000003 0.00043023255813956496
1645233092671 3 11.512611000000007 0 808061 0.1934 0.00043023255813956496
1645233096664 3 11.505147000000008 0 995677 0.23769999999999997 0.00043023255813956496
1645233100495 3 11.744332999999997 0 924757 0.2204 0.00043023255813956496
1645233104554 3 11.663997000000009 0 808228 0.1937 0.00043023255813956496
1645233108122 3 11.980086 0 1014212 0.2428 0.00043023255813956496
1645233112272 3 11.967509000000007 0 845218 0.2023 0.00043023255813956496
1645233116587 3 11.712508000000014 0 910767 0.21800000000000003 0.00043023255813956496
1645233120385 3 11.954718000000014 0 901777 0.21539999999999998 0.00043023255813956496
1645233124338 3 11.917494000000005 0 967347 0.2314 0.00043023255813956496
1645233128203 3 11.910641999999996 0 935273 0.2238 0.00043023255813956496
1645233132535 3 11.652902000000012 0 916928 0.21960000000000002 0.00043023255813956496
1645233136419 3 11.994389000000012 0 940743 0.225 0.00043023255813956496
1645233140649 3 11.988692000000015 0 877888 0.2097 0.00043023255813956496
1645233144798 3 11.691075000000012 0 839766 0.2004 0.00043023255813956496
1645233148786 3 11.68195 0 976062 0.233 0.00043023255813956496
1645233152735 3 11.924239999999998 0 958353 0.22959999999999997 0.00043023255813956496
1645233156862 3 11.638236000000006 0 836268 0.1996 0.00043023255813956496
1645233160801 3 11.62741600000001 0 968967 0.23170000000000002 0.00043023255813956496
1645233164907 3 11.622839999999997 0 825839 0.197 0.00043023255813956496
1645233168969 3 11.613324000000006 0 974212 0.23349999999999999 0.00043023255813956496
1645233173054 0 11.607574999999997 0 128759 0.0306 0.00043023255813956496
1645233176657 0 11.820347999999996 0 199367 0.047099999999999996 0.00006976744186043549
1645233180815 0 11.813020999999992 0 220759 0.0531 0.00006976744186043549
1645233184842 0 11.803063000000009 0 149511 0.039900000000000005 0.00006976744186043549
1645233188834 0 11.756721999999996 0 118879 0.035199999999999995 0.00006976744186043549
1645233192734 0 11.745688999999999 0 85418 0.0274 0.00006976744186043549
1645233196654 0 11.989925999999997 0 68807 0.023200000000000002 0.00006976744186043549
1645233200669 0 11.958549000000005 0 132565 0.0383 0.00006976744186043549
1645233204635 0 11.95190500000001 0 117262 0.0348 0.00006976744186043549
1645233208684 0 11.903576000000015 0 116418 0.0344 0.00006976744186043549
1645233212906 0 11.643744999999996 0 223024 0.06 0.00006976744186043549
1645233216617 0 11.890431000000007 0 214538 0.0588 0.00006976744186043549
1645233220722 0 11.882933000000008 0 178191 0.049 0.00006976744186043549
1645233224796 0 11.616877000000017 0 161454 0.0455 0.00006976744186043549
1645233229023 0 11.609386 0 212225 0.0576 0.00006976744186043549
1645233232681 0 11.847527000000014 0 195858 0.0531 0.00006976744186043549
1645233236663 0 11.841676000000007 0 119665 0.034999999999999996 0.00006976744186043549
1645233240606 0 11.833438000000001 0 108667 0.0323 0.00006976744186043549
1645233244962 0 11.576054 0 64782 0.0216 0.00006976744186043549
1645233248851 0 11.567720000000008 0 87523 0.027700000000000002 0.00006976744186043549
1645233252908 0 11.561221999999987 0 155607 0.0439 0.00006976744186043549
1645233256831 0 11.807420999999977 0 100404 0.030699999999999998 0.00006976744186043549
1645233260946 0 11.549311999999986 0 183614 0.0498 0.00006976744186043549
1645233264633 0 11.794132999999988 0 197686 0.0536 0.00006976744186043549
1645233268879 0 11.537687000000005 0 217520 0.058399999999999994 0.00006976744186043549
1645233272889 0 11.523699000000022 0 132353 0.0382 0.00006976744186043549
1645233277047 0 11.51676500000002 0 199853 0.0546 0.00006976744186043549
1645233280776 0 11.76338800000002 0 225614 0.0603 0.00006976744186043549
1645233284828 0 11.584271000000001 0 150477 0.0423 0.00006976744186043549
1645233288817 0 11.746642000000008 0 117995 0.0337 0.00006976744186043549
1645233292710 0 11.739363000000026 0 86503 0.027000000000000003 0.00006976744186043549
1645233296568 0 11.983914000000027 0 67335 0.0229 0.00006976744186043549
1645233300559 0 11.977709000000004 0 132169 0.038 0.00006976744186043549
1645233304550 0 11.969428999999991 0 118800 0.0351 0.00006976744186043549
1645233308531 0 11.96362700000003 0 116618 0.0342 0.00006976744186043549

