1645232950427 1 3.999999 942 346799 0.0818 -4.0506
1645232953803 4 4.662243999999999 0 1312552 0.3142 0.000174418604651283
1645232957221 4 5.243908000000001 0 1383123 0.3308 0.000662790697674609
1645232960795 4 5.666475 0 1451767 0.3473 0.000662790697674609
1645232964038 4 6.428353999999999 0 1308083 0.31320000000000003 0.000662790697674609
1645232967250 4 7.212363 0 1299338 0.3109 0.000662790697674609
1645232970865 4 7.599484999999998 0 1453833 0.34809999999999997 0.000662790697674609
1645232974071 4 8.390353999999999 0 1280990 0.30619999999999997 0.000662790697674609
1645232978035 4 8.427366000000003 0 1612910 0.3859 0.000662790697674609
1645232981041 4 9.420446000000002 0 1213987 0.2903 0.000662790697674609
1645232984446 4 10.014532000000003 0 1380918 0.32999999999999996 0.000662790697674609
1645232987747 4 10.714400000000005 0 1334467 0.3195 0.000662790697674609
1645232991356 4 11.105873000000003 0 1463126 0.35019999999999996 0.000662790697674609
1645232994856 4 11.604908000000002 0 1421742 0.3402 0.000662790697674609
1645232998899 4 11.631353000000004 0 1436771 0.3442 0.000662790697674609
1645233002923 4 11.822999000000003 0 1425347 0.34209999999999996 0.000662790697674609
1645233006796 4 11.960605000000001 0 1366001 0.3263 0.000662790697674609
1645233010962 4 11.955811000000004 0 1281785 0.3068 0.000662790697674609
1645233015195 4 11.69989600000001 0 1514044 0.36219999999999997 0.000662790697674609
1645233018733 4 11.982347000000004 0 1432783 0.3432 0.000662790697674609
1645233023185 4 11.670929000000001 0 1401397 0.335 0.000662790697674609
1645233026756 4 11.961679000000004 0 1450362 0.3466 0.000662790697674609
1645233030891 4 11.888884000000004 0 1266375 0.3027 0.000662790697674609
1645233035074 4 11.872782 0 1497932 0.35819999999999996 0.000662790697674609
1645233039330 4 11.610926000000006 0 1308773 0.3133 0.000662790697674609
1645233043061 4 11.654858000000004 0 1516715 0.363 0.000662790697674609
1645233047046 4 11.844687000000008 0 1407805 0.3372 0.000662790697674609
1645233051007 4 11.838828000000007 0 1394624 0.3338 0.000662790697674609
1645233055213 4 11.574233000000007 0 1502056 0.36019999999999996 0.000662790697674609
1645233059366 4 11.568026000000003 0 1276395 0.3052 0.000662790697674609
1645233063018 4 11.697085000000001 0 1480768 0.3547 0.000662790697674609
1645233067145 4 11.794277000000008 0 1473992 0.3525 0.000662790697674609
1645233071371 4 11.541065000000003 0 1306146 0.3127 0.000662790697674609
1645233075242 4 11.486232000000001 0 1565699 0.3739 0.000662790697674609
1645233079376 4 11.519763000000012 0 1268922 0.3034 0.000662790697674609
1645233082842 4 11.874461999999994 0 1406335 0.3366 0.000662790697674609
1645233087255 4 11.505618999999996 0 1381377 0.33039999999999997 0.000662790697674609
1645233090887 4 11.828700999999995 0 1475162 0.3529 0.000662790697674609
1645233094917 4 11.987056999999993 0 1430482 0.34199999999999997 0.000662790697674609
1645233098968 4 11.974194000000011 0 1439994 0.3439 0.000662790697674609
1645233102926 4 11.96365800000001 0 1405476 0.3359 0.000662790697674609
1645233106843 4 11.956693999999999 0 1382866 0.3309 0.000662790697674609
1645233111065 4 11.692835000000002 0 1303196 0.3116 0.000662790697674609
1645233114853 4 11.862021999999996 0 1538814 0.3679 0.000662790697674609
1645233118861 4 11.915891000000016 0 1423261 0.3404 0.000662790697674609
1645233123274 4 11.65665100000001 0 1377859 0.32989999999999997 0.000662790697674609
1645233126717 4 11.99924200000001 0 1396488 0.33399999999999996 0.000662790697674609
1645233130856 4 11.878565000000009 0 1265878 0.30219999999999997 0.000662790697674609
1645233135508 4 11.599492999999995 0 1474721 0.3527 0.000662790697674609
1645233139369 4 11.837320000000005 0 1357016 0.3251 0.000662790697674609
1645233143105 4 11.97514799999999 0 1508969 0.36160000000000003 0.000662790697674609
1645233147604 4 11.559141000000011 0 1420161 0.3397 0.000662790697674609
1645233151541 4 11.552380999999997 0 1394798 0.33330000000000004 0.000662790697674609
1645233155257 4 11.822812999999996 0 1499654 0.3586 0.000662790697674609
1645233159529 4 11.787284 0 1323592 0.3171 0.000662790697674609
1645233163170 4 11.912384000000003 0 1477260 0.3529 0.000662790697674609
1645233167356 4 11.773278000000005 0 1474833 0.3551 0.000662790697674609
1645233171570 4 11.756965000000008 0 1299401 0.3102 0.000662790697674609
1645233175496 4 11.584271000000001 0 1595638 0.3816 0.000662790697674609
1645233179172 4 11.990642000000008 0 1282380 0.3068 0.000662790697674609
1645233183138 4 11.979444999999998 0 1402228 0.33540000000000003 0.000662790697674609
1645233187118 4 11.973837000000003 0 1404885 0.3366 0.000662790697674609
1645233191195 4 11.965019000000012 0 1453425 0.3469 0.000662790697674609
1645233195293 4 11.956420000000008 0 1453998 0.348 0.000662790697674609
1645233199308 4 11.940805000000012 0 1424197 0.34140000000000004 0.000662790697674609
1645233203282 4 11.9272 0 1409895 0.337 0.000662790697674609
1645233207189 4 11.922165000000007 0 1381516 0.3298 0.000662790697674609
1645233211395 4 11.909853999999996 0 1298461 0.3106 0.000662790697674609
1645233215151 4 11.927816000000007 0 1530017 0.3657 0.000662790697674609
1645233219191 4 11.893983999999989 0 1437352 0.3437 0.000662790697674609
1645233223502 4 11.632949999999994 0 1344879 0.3215 0.000662790697674609
1645233227182 4 11.90277900000001 0 1490910 0.3566 0.000662790697674609
1645233231310 4 11.86215500000003 0 1264017 0.3016 0.000662790697674609
1645233235401 4 11.857064999999977 0 1458446 0.34950000000000003 0.000662790697674609
1645233239265 4 11.847153999999989 0 1366050 0.3267 0.000662790697674609
1645233243581 4 11.592415000000017 0 1540108 0.3702 0.000662790697674609
1645233247580 4 11.584797999999978 0 1421303 0.3399 0.000662790697674609
1645233251433 4 11.827336000000003 0 1359213 0.32530000000000003 0.000662790697674609
1645233255151 4 11.92882400000002 0 1514199 0.3621 0.000662790697674609
1645233259353 4 11.812741000000017 0 1296661 0.31 0.000662790697674609
1645233263667 4 11.55020300000001 0 1340186 0.32080000000000003 0.000662790697674609
1645233267311 4 11.768925000000024 0 1478975 0.35409999999999997 0.000662790697674609
1645233271619 4 11.536870000000022 0 1342511 0.3211 0.000662790697674609
1645233275383 4 11.697959000000026 0 1527618 0.3654 0.000662790697674609
1645233279594 4 11.501864000000012 0 1297467 0.3108 0.000662790697674609

