1645252871789 1 3.999999 2471 346799 0.2359 -10.6253
1645252873456 0 6.341847 0 213385 0.1457 0.00017441860465117198
1645252874525 0 9.271665 0 141806 0.0965 0.00006976744186043549
1645252875880 0 11.964021 0 112578 0.0758 0.00006976744186043549
1645252880304 1 11.705060999999999 0 339137 0.23199999999999998 0.000069767441860491
1645252884091 1 11.948794 0 393219 0.2681 0.00017441860465117198
1645252887953 1 11.938735999999999 0 406206 0.2765 0.00017441860465117198
1645252892131 1 11.683723999999998 0 303135 0.20670000000000002 0.00017441860465117198
1645252896067 1 11.924329000000004 0 414092 0.2838 0.00017441860465117198
1645252899978 1 11.915113000000002 0 337705 0.2307 0.00017441860465117198
1645252904084 1 11.904507000000002 0 366374 0.25070000000000003 0.00017441860465117198
1645252908092 1 11.896718 0 352030 0.24020000000000002 0.00017441860465117198
1645252912230 1 11.637835000000003 0 371605 0.2535 0.00017441860465117198
1645252915970 1 11.882333000000003 0 385670 0.2633 0.00017441860465117198
1645252920112 1 11.874773000000005 0 374050 0.2548 0.00017441860465117198
1645252924226 1 11.615790000000004 0 367058 0.2506 0.00017441860465117198
1645252928402 1 11.608323000000006 0 377983 0.2577 0.00017441860465117198
1645252932228 1 11.601309 0 326924 0.2218 0.00017441860465117198
1645252935995 1 11.845171000000008 0 388939 0.2664 0.00017441860465117198
1645252940277 1 11.585436000000001 0 392939 0.2683 0.00017441860465117198
1645252944359 1 11.575108 0 362131 0.24780000000000002 0.00017441860465117198
1645252948216 1 11.818413000000007 0 402712 0.2758 0.00017441860465117198
1645252952077 1 11.806076000000004 0 327400 0.22480000000000003 0.00017441860465117198
1645252956421 1 11.545952 0 401133 0.2743 0.00017441860465117198
1645252960198 1 11.788283000000007 0 317452 0.21739999999999998 0.00017441860465117198
1645252964467 1 11.532443999999998 0 391753 0.2672 0.00017441860465117198
1645252968216 1 11.768495999999999 0 384934 0.2638 0.00017441860465117198
1645252972326 1 11.508848 0 367179 0.2506 0.00017441860465117198
1645252976089 1 11.753325000000004 0 387965 0.2651 0.00017441860465117198
1645252979965 1 11.99753100000001 0 333821 0.2278 0.00017441860465117198
1645252984261 1 11.736972000000009 0 394452 0.269 0.00017441860465117198
1645252988161 1 11.729641999999998 0 409513 0.2799 0.00017441860465117198
1645252991863 1 11.970754999999997 0 307174 0.2101 0.00017441860465117198
1645252996334 1 11.711011 0 420407 0.28690000000000004 0.00017441860465117198
1645253000268 1 11.704211000000015 0 340231 0.233 0.00017441860465117198
1645253003927 1 11.947545999999988 0 374730 0.256 0.00017441860465117198
1645253007932 1 11.932143999999994 0 353022 0.24 0.00017441860465117198
1645253012226 1 11.676605999999992 0 393253 0.2683 0.00017441860465117198
1645253016354 1 11.671122999999994 0 368813 0.2522 0.00017441860465117198
1645253020006 1 11.915525000000002 0 372578 0.2548 0.00017441860465117198
1645253024163 1 11.654975000000007 0 374507 0.2556 0.00017441860465117198
1645253028315 1 11.646904000000006 0 372824 0.2548 0.00017441860465117198
1645253032158 1 11.888594000000012 0 326437 0.2239 0.00017441860465117198
1645253036366 1 11.626294000000001 0 383127 0.2609 0.00017441860465117198
1645253040208 1 11.616502999999994 0 400632 0.2736 0.00017441860465117198
1645253044154 1 11.858256000000011 0 342596 0.23399999999999999 0.00017441860465117198
1645253048043 1 11.850043 0 407655 0.2785 0.00017441860465117198
1645253052445 1 11.592983000000004 0 337450 0.22949999999999998 0.00017441860465117198
1645253056311 1 11.585633000000001 0 404220 0.2767 0.00017441860465117198
1645253060180 1 11.827032000000003 0 331794 0.22679999999999997 0.00017441860465117198
1645253064445 1 11.564718 0 390086 0.2663 0.00017441860465117198
1645253068188 1 11.807626999999997 0 387516 0.2642 0.00017441860465117198
1645253072301 1 11.526713 0 365827 0.2496 0.00017441860465117198
1645253076113 1 11.772579000000007 0 392579 0.2666 0.00017441860465117198
1645253080524 1 11.510804000000007 0 337939 0.23079999999999998 0.00017441860465117198
1645253083917 1 11.998908999999998 0 406896 0.27890000000000004 0.00017441860465117198
1645253088184 1 11.732950000000017 0 390582 0.266 0.00017441860465117198
1645253092064 1 11.976998000000009 0 328479 0.2242 0.00017441860465117198
1645253095902 1 11.968876999999992 0 399016 0.27240000000000003 0.00017441860465117198
1645253100053 1 11.958705000000009 0 370990 0.2541 0.00017441860465117198
1645253104203 1 11.691340999999994 0 371149 0.2537 0.00017441860465117198
1645253108341 1 11.68180799999999 0 372261 0.25379999999999997 0.00017441860465117198
1645253112141 1 11.675722000000007 0 394237 0.2692 0.00017441860465117198
1645253116258 1 11.667746999999991 0 368311 0.2517 0.00017441860465117198
1645253119956 1 11.911933000000005 0 381418 0.2599 0.00017441860465117198
1645253124075 1 11.903749000000005 0 368451 0.25129999999999997 0.00017441860465117198
1645253128227 1 11.640371000000016 0 371908 0.2549 0.00017441860465117198
1645253132068 1 11.880232999999976 0 328352 0.22410000000000002 0.00017441860465117198
1645253136247 1 11.62079399999999 0 379027 0.2572 0.00017441860465117198
1645253140137 1 11.862893999999983 0 407465 0.2777 0.00017441860465117198
1645253144021 1 11.850269000000026 0 333046 0.22810000000000002 0.00017441860465117198
1645253147968 1 11.841816999999992 0 416856 0.2848 0.00017441860465117198
1645253152357 1 11.579921000000013 0 335171 0.22879999999999998 0.00017441860465117198
1645253156201 1 11.824392999999986 0 401613 0.2745 0.00017441860465117198
1645253160105 1 11.818780000000004 0 337330 0.22970000000000002 0.00017441860465117198
1645253164381 1 11.554883000000018 0 391244 0.2671 0.00017441860465117198
1645253168133 1 11.797153999999978 0 387864 0.2653 0.00017441860465117198
1645253172221 1 11.784234000000026 0 363813 0.24860000000000002 0.00017441860465117198
1645253176495 1 11.524378000000013 0 391839 0.2673 0.00017441860465117198
1645253180397 1 11.518451000000027 0 336898 0.2299 0.00017441860465117198
1645253184104 1 11.762593999999979 0 381135 0.2604 0.00017441860465117198
1645253188364 1 11.500196000000017 0 386654 0.2653 0.00017441860465117198
1645253191845 1 11.996821000000011 0 347396 0.2383 0.00017441860465117198
1645253196129 1 11.741700999999978 0 392538 0.26789999999999997 0.00017441860465117198

