1645232231146 1 3.999999 1242 346799 0.1137 -5.340599999999999
1645232232037 0 7.10048 0 213385 0.0701 0.00017441860465117198
1645232232605 0 10.532053000000001 0 141806 0.0468 0.00006976744186043549
1645232235571 0 11.736164 0 112578 0.0366 0.00006976744186043549
1645232239468 0 11.725478999999998 0 80671 0.03 0.00006976744186043549
1645232243356 0 11.956599999999998 0 68729 0.0279 0.00006976744186043549
1645232247462 0 11.682371999999997 0 137895 0.0498 0.00006976744186043549
1645232251490 0 11.663194999999998 0 114138 0.0414 0.00006976744186043549
1645232255550 0 11.650997000000004 0 126013 0.0456 0.00006976744186043549
1645232259420 0 11.885479000000004 0 217236 0.0746 0.00006976744186043549
1645232263276 0 11.873981 0 219398 0.0756 0.00006976744186043549
1645232267495 0 11.863027000000002 0 177648 0.0617 0.00006976744186043549
1645232271702 0 11.603343000000002 0 166856 0.059399999999999994 0.00006976744186043549
1645232275609 0 11.574048000000005 0 223685 0.0784 0.00006976744186043549
1645232279436 0 11.808306000000002 0 206455 0.0725 0.00006976744186043549
1645232283482 0 11.791284000000005 0 121534 0.044 0.00006976744186043549
1645232287466 0 11.773647000000004 0 105092 0.0378 0.00006976744186043549
1645232291371 0 11.996742000000005 0 63086 0.025500000000000002 0.00006976744186043549
1645232295310 0 11.983263000000008 0 87739 0.0329 0.00006976744186043549
1645232299480 0 11.719277000000005 0 152905 0.054000000000000006 0.00006976744186043549
1645232303462 0 11.70102 0 100587 0.0371 0.00006976744186043549
1645232307224 0 11.923039000000003 0 186001 0.0646 0.00006976744186043549
1645232311532 0 11.653030999999999 0 201620 0.06989999999999999 0.00006976744186043549
1645232315404 0 11.879429000000002 0 218012 0.0759 0.00006976744186043549
1645232319453 0 11.864286000000007 0 123058 0.044700000000000004 0.00006976744186043549
1645232323760 0 11.596338000000003 0 198856 0.0693 0.00006976744186043549
1645232327761 0 11.577191999999997 0 223061 0.0782 0.00006976744186043549
1645232331376 0 11.801231999999999 0 143385 0.0505 0.00006976744186043549
1645232335396 0 11.781023000000005 0 117021 0.0419 0.00006976744186043549
1645232339815 0 11.522191000000007 0 83595 0.0312 0.00006976744186043549
1645232343686 0 11.502470000000002 0 68011 0.0259 0.00006976744186043549
1645232347274 0 11.989311 0 134264 0.0486 0.00006976744186043549
1645232351305 0 11.981631000000007 0 113722 0.041999999999999996 0.00006976744186043549
1645232355357 0 11.961792000000003 0 122694 0.044700000000000004 0.00006976744186043549
1645232359213 0 11.94883200000001 0 215146 0.0745 0.00006976744186043549
1645232363573 0 11.678966000000003 0 213339 0.0742 0.00006976744186043549
1645232367291 0 11.91748899999999 0 176949 0.0618 0.00006976744186043549
1645232371457 0 11.906988000000013 0 158356 0.056100000000000004 0.00006976744186043549
1645232375315 0 11.898626000000007 0 219852 0.076 0.00006976744186043549
1645232379599 0 11.624956999999995 0 196864 0.06860000000000001 0.00006976744186043549
1645232383622 0 11.610748000000001 0 116610 0.0417 0.00006976744186043549
1645232387612 0 11.599460999999991 0 107223 0.0388 0.00006976744186043549
1645232391463 0 11.835988000000015 0 64332 0.0245 0.00006976744186043549
1645232395391 0 11.826907000000006 0 88753 0.0328 0.00006976744186043549
1645232399547 0 11.811656 0 153489 0.0543 0.00006976744186043549
1645232403524 0 11.791493000000003 0 101805 0.0375 0.00006976744186043549
1645232407785 0 11.523843999999997 0 186822 0.06520000000000001 0.00006976744186043549
1645232411582 0 11.76970399999999 0 200149 0.0697 0.00006976744186043549
1645232415429 0 11.761444000000012 0 215305 0.0741 0.00006976744186043549
1645232419487 0 11.737874000000005 0 128759 0.0458 0.00006976744186043549
1645232423280 0 11.975341000000014 0 199367 0.0691 0.00006976744186043549
1645232427641 0 11.718255 0 220759 0.076 0.00006976744186043549
1645232431270 0 11.955281000000014 0 149511 0.053200000000000004 0.00006976744186043549
1645232435308 0 11.942289000000017 0 118879 0.0432 0.00006976744186043549
1645232439226 0 11.92689999999999 0 85418 0.032 0.00006976744186043549
1645232443586 0 11.670413999999994 0 68807 0.0259 0.00006976744186043549
1645232447657 0 11.661833000000001 0 132565 0.0468 0.00006976744186043549
1645232451687 0 11.656630000000007 0 117262 0.041499999999999995 0.00006976744186043549
1645232455720 0 11.64575400000001 0 116418 0.042499999999999996 0.00006976744186043549
1645232459588 0 11.636191999999994 0 223024 0.0769 0.00006976744186043549
1645232463430 0 11.876819000000012 0 214538 0.0744 0.00006976744186043549
1645232467658 0 11.618281999999994 0 178191 0.0625 0.00006976744186043549
1645232471322 0 11.85901100000001 0 161454 0.05639999999999999 0.00006976744186043549
1645232475651 0 11.596527000000009 0 212225 0.0732 0.00006976744186043549
1645232479429 0 11.83901800000001 0 195858 0.068 0.00006976744186043549
1645232483469 0 11.830899000000016 0 119665 0.044 0.00006976744186043549
1645232487461 0 11.821961999999985 0 108667 0.0393 0.00006976744186043549
1645232491814 0 11.559996000000012 0 64782 0.0251 0.00006976744186043549
1645232495734 0 11.554192999999998 0 87523 0.0322 0.00006976744186043549
1645232499383 0 11.794805999999994 0 155607 0.0551 0.00006976744186043549
1645232503848 0 11.537189000000012 0 100404 0.0366 0.00006976744186043549
1645232507581 0 11.778897000000029 0 183614 0.0637 0.00006976744186043549
1645232511867 0 11.518741999999975 0 197686 0.06870000000000001 0.00006976744186043549
1645232515716 0 11.504737999999975 0 217520 0.0746 0.00006976744186043549
1645232519790 0 11.498163999999974 0 132353 0.047 0.00006976744186043549
1645232523586 0 11.740388999999993 0 199853 0.06999999999999999 0.00006976744186043549
1645232527465 0 11.731877999999995 0 225614 0.0777 0.00006976744186043549
1645232531594 0 11.726927999999987 0 150477 0.053000000000000005 0.00006976744186043549
1645232535620 0 11.722343000000023 0 117995 0.0427 0.00006976744186043549
1645232539537 0 11.715272000000027 0 86503 0.0322 0.00006976744186043549
1645232543392 0 11.960568000000023 0 67335 0.0256 0.00006976744186043549
1645232547463 0 11.702951999999982 0 132169 0.047299999999999995 0.00006976744186043549
1645232551499 0 11.694973000000005 0 118800 0.0427 0.00006976744186043549
1645232555525 0 11.688953000000026 0 116618 0.0427 0.00006976744186043549
1645232559394 0 11.932491000000027 0 222296 0.0765 0.00006976744186043549

