1645235418083 1 3.999999 907 346799 0.0779 -3.9001
1645235420035 3 6.067992 0 755039 0.17099999999999999 0.000174418604651283
1645235422025 3 8.077074 0 835161 0.189 0.00043023255813956496
1645235424185 3 9.919346 0 908792 0.2051 0.00043023255813956496
1645235426110 3 11.991392 0 804438 0.1816 0.00043023255813956496
1645235430587 3 11.645444999999999 0 828659 0.1874 0.00043023255813956496
1645235434320 3 11.890117 0 937332 0.2124 0.00043023255813956496
1645235438700 3 11.623346999999999 0 776416 0.17509999999999998 0.00043023255813956496
1645235442634 3 11.609983000000003 0 1025687 0.23210000000000003 0.00043023255813956496
1645235446595 3 11.606544000000003 0 815426 0.1847 0.00043023255813956496
1645235450725 3 11.601153000000004 0 884625 0.2004 0.00043023255813956496
1645235454385 3 11.844914000000003 0 904952 0.20470000000000002 0.00043023255813956496
1645235458649 3 11.589924000000003 0 954418 0.2163 0.00043023255813956496
1645235462309 3 11.834288 0 910446 0.2061 0.00043023255813956496
1645235466495 3 11.823294000000004 0 922454 0.20870000000000002 0.00043023255813956496
1645235470727 3 11.549922000000002 0 942842 0.21309999999999998 0.00043023255813956496
1645235474340 3 11.788223000000002 0 884128 0.2 0.00043023255813956496
1645235478811 3 11.525293000000005 0 828263 0.1874 0.00043023255813956496
1645235482665 3 11.518327 0 981175 0.2219 0.00043023255813956496
1645235486401 3 11.758032 0 939007 0.2122 0.00043023255813956496
1645235490423 3 11.751737000000006 0 841370 0.1906 0.00043023255813956496
1645235494185 3 11.990008000000003 0 947658 0.2136 0.00043023255813956496
1645235498341 3 11.958563999999996 0 828958 0.1874 0.00043023255813956496
1645235502164 3 11.949720999999997 0 977791 0.221 0.00043023255813956496
1645235506227 3 11.940421999999998 0 847215 0.1923 0.00043023255813956496
1645235510563 3 11.685275000000004 0 978032 0.2217 0.00043023255813956496
1645235514292 3 11.92402700000001 0 934237 0.21150000000000002 0.00043023255813956496
1645235518409 3 11.919960000000003 0 889600 0.2004 0.00043023255813956496
1645235522260 3 11.905952999999997 0 988774 0.2238 0.00043023255813956496
1645235526691 3 11.640017 0 808061 0.183 0.00043023255813956496
1645235530593 3 11.636066999999997 0 995677 0.22519999999999998 0.00043023255813956496
1645235534290 3 11.866239000000007 0 924757 0.2091 0.00043023255813956496
1645235538728 3 11.605469 0 808228 0.1829 0.00043023255813956496
1645235542673 3 11.589186999999995 0 1014212 0.2293 0.00043023255813956496
1645235546693 3 11.573926999999998 0 845218 0.191 0.00043023255813956496
1645235550356 3 11.807313999999991 0 910767 0.20590000000000003 0.00043023255813956496
1645235554503 3 11.803988000000004 0 901777 0.20379999999999998 0.00043023255813956496
1645235558793 3 11.542620999999997 0 967347 0.2193 0.00043023255813956496
1645235562541 3 11.780625000000015 0 935273 0.21190000000000003 0.00043023255813956496
1645235566719 3 11.516244999999998 0 916928 0.20739999999999997 0.00043023255813956496
1645235570507 3 11.754165 0 940743 0.213 0.00043023255813956496
1645235574608 3 11.740859999999998 0 877888 0.1986 0.00043023255813956496
1645235578620 3 11.73008999999999 0 839766 0.1901 0.00043023255813956496
1645235582444 3 11.722679 0 976062 0.22069999999999998 0.00043023255813956496
1645235586256 3 11.962526999999994 0 958353 0.21680000000000002 0.00043023255813956496
1645235590273 3 11.944800000000015 0 836268 0.18919999999999998 0.00043023255813956496
1645235594585 3 11.689400000000006 0 968967 0.2191 0.00043023255813956496
1645235598560 3 11.669588000000005 0 825839 0.1872 0.00043023255813956496
1645235602372 3 11.913059000000004 0 974212 0.22010000000000002 0.00043023255813956496
1645235606447 3 11.657678000000004 0 867483 0.1965 0.00043023255813956496
1645235610285 3 11.890830999999991 0 987232 0.2232 0.00043023255813956496
1645235614488 3 11.625393000000003 0 921956 0.2084 0.00043023255813956496
1645235618661 3 11.615909000000016 0 913803 0.2068 0.00043023255813956496
1645235622437 3 11.852350999999999 0 958215 0.2165 0.00043023255813956496
1645235626441 3 11.84438800000001 0 832934 0.1886 0.00043023255813956496
1645235630337 3 11.840395999999998 0 1005593 0.2279 0.00043023255813956496
1645235634593 3 11.579504000000014 0 935985 0.2113 0.00043023255813956496
1645235638519 3 11.82457199999999 0 802415 0.1817 0.00043023255813956496
1645235642393 3 11.816693000000015 0 999009 0.2258 0.00043023255813956496
1645235646489 3 11.803866 0 869418 0.1963 0.00043023255813956496
1645235650644 3 11.54311899999999 0 897686 0.2044 0.00043023255813956496
1645235654424 3 11.785737000000012 0 960141 0.21739999999999998 0.00043023255813956496
1645235658596 3 11.529139000000015 0 914618 0.2069 0.00043023255813956496
1645235662351 3 11.770023000000009 0 949031 0.2149 0.00043023255813956496
1645235666534 3 11.754995000000008 0 919929 0.20779999999999998 0.00043023255813956496
1645235670241 3 11.999044999999995 0 930570 0.2098 0.00043023255813956496
1645235674371 3 11.744420999999988 0 894188 0.20190000000000002 0.00043023255813956496
1645235678369 3 11.737828999999977 0 835562 0.1891 0.00043023255813956496
1645235682216 3 11.978025000000002 0 986170 0.2233 0.00043023255813956496
1645235686480 3 11.72064499999999 0 955812 0.21589999999999998 0.00043023255813956496
1645235690470 3 11.71337299999999 0 837688 0.18919999999999998 0.00043023255813956496
1645235694272 3 11.959348999999975 0 972932 0.2202 0.00043023255813956496
1645235698203 3 11.950871000000006 0 807690 0.1827 0.00043023255813956496
1645235702492 3 11.695289000000002 0 968173 0.21869999999999998 0.00043023255813956496
1645235706571 3 11.688709000000017 0 872734 0.1974 0.00043023255813956496
1645235710435 3 11.677731999999992 0 991679 0.22480000000000003 0.00043023255813956496
1645235714639 3 11.667483000000004 0 930061 0.21030000000000001 0.00043023255813956496
1645235718245 3 11.906821999999977 0 884740 0.2003 0.00043023255813956496
1645235722539 3 11.648390000000006 0 968599 0.21949999999999997 0.00043023255813956496
1645235726569 3 11.636280999999997 0 848189 0.1921 0.00043023255813956496
1645235730411 3 11.88098100000002 0 989262 0.2239 0.00043023255813956496
1645235734618 3 11.621033000000011 0 929927 0.21070000000000003 0.00043023255813956496
1645235738645 3 11.612013999999988 0 845977 0.1916 0.00043023255813956496
1645235742534 3 11.601649000000009 0 1009703 0.2284 0.00043023255813956496
1645235746587 3 11.596299999999985 0 861836 0.195 0.00043023255813956496

