1645232588344 1 3.999999 7132 346799 0.7005 -30.6676
1645232603824 3 4.373305 11839 755039 1.5239 -50.90752558139535
1645232620974 3 4.423638 13200 835161 1.6873999999999998 -56.75956976744186
1645232639569 3 4.3334730000000015 14504 908792 1.8348 -62.36676976744186
1645232656063 3 4.292615999999999 12449 804438 1.6228000000000002 -53.53026976744186
1645232673009 3 4.448566 13105 828659 1.6743 -56.351069767441864
1645232692188 3 4.2525580000000005 14980 937332 1.8895 -64.41356976744186
1645232708131 3 4.436852999999999 12132 776416 1.5680999999999998 -52.16716976744186
1645232729046 3 4.278039000000003 16753 1025687 2.0704000000000002 -72.03746976744186
1645232745792 3 4.478896000000006 12952 815426 1.6469999999999998 -55.69316976744186
1645232763965 3 4.382421000000001 14002 884625 1.7835999999999999 -60.20816976744186
1645232782516 3 4.2891150000000025 14531 904952 1.8279 -62.482869767441855
1645232802034 3 4.261254000000001 15488 954418 1.9266999999999999 -66.59796976744187
1645232820681 3 4.448053999999999 14831 910446 1.8381 -63.77286976744186
1645232839536 3 4.484925000000004 14895 922454 1.8656 -64.04806976744186
1645232858842 3 4.334717000000005 15154 942842 1.9030999999999998 -65.16176976744185
1645232876915 3 4.4369470000000035 14175 884128 1.7835999999999999 -60.95206976744186
1645232893901 3 4.325827000000004 12876 828263 1.671 -55.36636976744186

