1645246839009 1 3.999999 1227 346799 0.1078 -5.2761
1645246840251 1 6.743125 0 363755 0.11339999999999999 0.00017441860465117198
1645246841478 1 9.516869 0 362842 0.1123 0.00017441860465117198
1645246843280 1 11.943087000000002 0 384791 0.1197 0.00017441860465117198
1645246847485 3 11.681332999999999 0 804438 0.2502 0.000174418604651283
1645246851164 3 11.924714999999999 0 828659 0.2581 0.00043023255813956496
1645246855190 3 11.918181999999998 0 937332 0.2919 0.00043023255813956496
1645246859207 3 11.907001999999999 0 776416 0.24169999999999997 0.00043023255813956496
1645246863496 3 11.650393000000001 0 1025687 0.3191 0.00043023255813956496
1645246867133 3 11.888563000000001 0 815426 0.25379999999999997 0.00043023255813956496
1645246871486 3 11.630572 0 884625 0.2757 0.00043023255813956496
1645246875408 3 11.623092 0 904952 0.2819 0.00043023255813956496
1645246879478 3 11.618254 0 954418 0.29700000000000004 0.00043023255813956496
1645246883408 3 11.609149000000002 0 910446 0.2832 0.00043023255813956496
1645246887379 3 11.855308 0 922454 0.2863 0.00043023255813956496
1645246893491 3 9.503533000000004 0 942842 0.6016 0.00043023255813956496
1645246895406 1 11.829173000000004 0 377983 0.1212 0.00043023255813956496
1645246899593 3 11.566191000000003 0 828263 0.258 0.000174418604651283
1645246903285 3 11.804124999999999 0 981175 0.3095 0.00043023255813956496
1645246907310 3 11.790863000000002 0 939007 0.2918 0.00043023255813956496
1645246911529 3 11.532972999999998 0 841370 0.2621 0.00043023255813956496
1645246915578 3 11.524650000000008 0 947658 0.2949 0.00043023255813956496
1645246919300 3 11.769990000000007 0 828958 0.2575 0.00043023255813956496
1645246923440 3 11.759426000000005 0 977791 0.3045 0.00043023255813956496
1645246927179 3 11.998278999999997 0 847215 0.2637 0.00043023255813956496
1645246931318 3 11.744500000000002 0 978032 0.3045 0.00043023255813956496
1645246935320 3 11.736278999999996 0 934237 0.2903 0.00043023255813956496
1645246939228 3 11.979965000000007 0 889600 0.2768 0.00043023255813956496
1645246943451 3 11.723011999999997 0 988774 0.3123 0.00043023255813956496
1645246947067 3 11.961231999999995 0 808061 0.25139999999999996 0.00043023255813956496
1645246951277 3 11.944499000000008 0 995677 0.31 0.00043023255813956496
1645246957203 3 9.792200000000008 0 924757 0.5831000000000001 0.00043023255813956496
1645246959414 1 11.658716999999996 0 307174 0.0995 0.00043023255813956496
1645246963203 3 11.903925000000001 0 1014212 0.3173 0.000174418604651283
1645246967437 3 11.640527999999989 0 845218 0.2633 0.00043023255813956496
1645246971380 3 11.631377000000015 0 910767 0.2838 0.00043023255813956496
1645246975286 3 11.876779999999997 0 901777 0.2803 0.00043023255813956496
1645246979401 3 11.613594000000006 0 967347 0.3014 0.00043023255813956496
1645246983410 3 11.605403999999993 0 935273 0.2907 0.00043023255813956496
1645246987366 3 11.845197000000013 0 916928 0.2852 0.00043023255813956496
1645246991400 3 11.832101999999992 0 940743 0.2933 0.00043023255813956496
1645246997253 3 9.741382000000016 0 877888 0.5749 0.00043023255813956496
1645246999514 1 11.572127999999992 0 326437 0.1051 0.00043023255813956496
1645247003682 3 11.56128799999999 0 976062 0.306 0.000174418604651283
1645247007263 3 11.800894999999997 0 958353 0.298 0.00043023255813956496
1645247011483 3 11.541461999999996 0 836268 0.2601 0.00043023255813956496
1645247015601 3 11.53336999999999 0 968967 0.3019 0.00043023255813956496
1645247019277 3 11.777311999999995 0 825839 0.2575 0.00043023255813956496
1645247023408 3 11.769742000000008 0 974212 0.30310000000000004 0.00043023255813956496
1645247027719 3 11.510982000000013 0 867483 0.2705 0.00043023255813956496
1645247031388 3 11.757401000000016 0 987232 0.30710000000000004 0.00043023255813956496
1645247035353 3 11.749808999999999 0 921956 0.2864 0.00043023255813956496
1645247039302 3 11.741419000000008 0 913803 0.28450000000000003 0.00043023255813956496
1645247043389 3 11.732357000000007 0 958215 0.2982 0.00043023255813956496
1645247049139 3 9.85516899999999 0 832934 0.5655 0.00043023255813956496
1645247051137 1 11.965452999999997 0 406896 0.1308 0.00043023255813956496
1645247055157 3 11.955902000000009 0 935985 0.2909 0.000174418604651283
1645247059253 3 11.948121000000015 0 802415 0.2495 0.00043023255813956496
1645247063481 3 11.685181 0 999009 0.31110000000000004 0.00043023255813956496
1645247067317 3 11.923448000000008 0 869418 0.2673 0.00043023255813956496
1645247071217 3 11.916066 0 897686 0.2797 0.00043023255813956496
1645247075309 3 11.910098000000005 0 960141 0.2995 0.00043023255813956496
1645247081438 3 9.556802000000005 0 914618 0.5968 0.00043023255813956496
1645247083314 1 11.887606000000005 0 368311 0.11850000000000001 0.00043023255813956496
1645247087293 3 11.880378000000007 0 919929 0.2853 0.000174418604651283
1645247091291 3 11.869600999999989 0 930570 0.2893 0.00043023255813956496
1645247095182 3 11.827694000000008 0 894188 0.2765 0.00043023255813956496
1645247099390 3 11.818509000000006 0 835562 0.2602 0.00043023255813956496
1645247103561 3 11.56087500000001 0 986170 0.3056 0.00043023255813956496
1645247107637 3 11.553266000000008 0 955812 0.2975 0.00043023255813956496
1645247111348 3 11.79737799999998 0 837688 0.2606 0.00043023255813956496
1645247115496 3 11.535887000000002 0 972932 0.30310000000000004 0.00043023255813956496
1645247119618 3 11.526541000000009 0 807690 0.2516 0.00043023255813956496
1645247123230 3 11.769560000000013 0 968173 0.30110000000000003 0.00043023255813956496
1645247127546 3 11.509410000000003 0 872734 0.2718 0.00043023255813956496
1645247131244 3 11.750336000000004 0 991679 0.309 0.00043023255813956496
1645247135242 3 11.994079999999997 0 930061 0.2895 0.00043023255813956496
1645247141228 3 9.767584 0 884740 0.5881000000000001 0.00043023255813956496
1645247143182 1 11.970309999999984 0 391839 0.1255 0.00043023255813956496
1645247147430 3 11.71917400000001 0 848189 0.26339999999999997 0.000174418604651283
1645247151118 3 11.957591999999977 0 989262 0.3076 0.00043023255813956496
1645247155113 3 11.945036000000016 0 929927 0.2889 0.00043023255813956496
1645247159343 3 11.686478000000022 0 845977 0.2632 0.00043023255813956496
1645247163099 3 11.92572100000001 0 1009703 0.3147 0.00043023255813956496
1645247167386 3 11.66709800000001 0 861836 0.2684 0.00043023255813956496

