1645235490960 1 3.999999 905 346799 0.0782 -3.8915
1645235494240 1 4.736425 0 363755 0.08990000000000001 0.00017441860465117198
1645235495324 1 7.652791000000001 0 362842 0.0789 0.00017441860465117198
1645235497659 3 9.317113 0 908792 0.20529999999999998 0.000174418604651283
1645235499643 3 11.329700999999998 0 804438 0.18209999999999998 0.00043023255813956496
1645235503226 3 11.968449 0 828659 0.1874 0.00043023255813956496
1645235507502 3 11.675777999999998 0 937332 0.2125 0.00043023255813956496
1645235511425 3 11.581838999999999 0 776416 0.175 0.00043023255813956496
1645235515403 3 11.811955000000001 0 1025687 0.2324 0.00043023255813956496
1645235519422 3 11.719891000000004 0 815426 0.18409999999999999 0.00043023255813956496
1645235523145 3 11.881280000000004 0 884625 0.2003 0.00043023255813956496
1645235527366 3 11.619426000000004 0 904952 0.2049 0.00043023255813956496
1645235531211 3 11.860695 0 954418 0.2157 0.00043023255813956496
1645235535445 3 11.590436000000004 0 910446 0.20539999999999997 0.00043023255813956496
1645235539228 3 11.835597 0 922454 0.209 0.00043023255813956496
1645235543553 3 11.575471 0 942842 0.21280000000000002 0.00043023255813956496
1645235547189 3 11.818983000000003 0 884128 0.2001 0.00043023255813956496
1645235551284 3 11.808807999999999 0 828263 0.1878 0.00043023255813956496
1645235555649 3 11.551119999999997 0 981175 0.2219 0.00043023255813956496
1645235559429 3 11.754773 0 939007 0.2118 0.00043023255813956496
1645235563510 3 11.68916800000001 0 841370 0.1903 0.00043023255813956496
1645235567340 3 11.857518999999996 0 947658 0.2144 0.00043023255813956496
1645235571373 3 11.832149999999999 0 828958 0.1878 0.00043023255813956496
1645235575223 3 11.801764000000006 0 977791 0.22149999999999997 0.00043023255813956496
1645235579321 3 11.792068999999998 0 847215 0.19190000000000002 0.00043023255813956496
1645235583220 3 11.783715 0 978032 0.2213 0.00043023255813956496
1645235587501 3 11.524065000000007 0 934237 0.2117 0.00043023255813956496
1645235591693 3 11.508853000000002 0 889600 0.1995 0.00043023255813956496
1645235595136 3 11.913457000000008 0 988774 0.22400000000000003 0.00043023255813956496
1645235599138 3 11.909458 0 808061 0.1832 0.00043023255813956496
1645235603091 3 11.890051 0 995677 0.22490000000000002 0.00043023255813956496
1645235607353 3 11.631124999999997 0 924757 0.2091 0.00043023255813956496
1645235611308 3 11.872612000000004 0 808228 0.18309999999999998 0.00043023255813956496
1645235615254 3 11.839951999999997 0 1014212 0.2291 0.00043023255813956496
1645235619317 3 11.826592000000005 0 845218 0.1916 0.00043023255813956496
1645235623526 3 11.563063999999997 0 910767 0.2063 0.00043023255813956496
1645235627256 3 11.784787999999992 0 901777 0.2031 0.00043023255813956496
1645235631621 3 11.525641000000007 0 967347 0.2189 0.00043023255813956496
1645235635370 3 11.76493400000001 0 935273 0.2117 0.00043023255813956496
1645235639135 3 11.99131700000001 0 916928 0.20539999999999997 0.00043023255813956496
1645235643445 3 11.678483999999997 0 940743 0.21259999999999998 0.00043023255813956496
1645235647081 3 11.970064000000008 0 877888 0.1984 0.00043023255813956496
1645235651176 3 11.960307 0 839766 0.19 0.00043023255813956496
1645235655053 3 11.95459600000001 0 976062 0.2209 0.00043023255813956496
1645235659392 3 11.693540000000013 0 958353 0.21680000000000002 0.00043023255813956496
1645235663458 3 11.68969899999999 0 836268 0.1891 0.00043023255813956496
1645235667329 3 11.673495000000003 0 968967 0.2192 0.00043023255813956496
1645235671319 3 11.661482000000007 0 825839 0.1867 0.00043023255813956496
1645235675157 3 11.907588000000004 0 974212 0.2202 0.00043023255813956496
1645235679249 0 11.900858999999997 0 128759 0.0289 0.00043023255813956496
1645235683429 0 11.584880999999996 0 199367 0.046 0.00006976744186043549
1645235687585 0 11.574916000000002 0 220759 0.0497 0.00006976744186043549
1645235691615 0 11.565326999999996 0 149511 0.0402 0.00006976744186043549
1645235695607 0 11.532702999999998 0 118879 0.034100000000000005 0.00006976744186043549
1645235699511 0 11.527639999999991 0 85418 0.0268 0.00006976744186043549
1645235703415 0 11.764392000000015 0 68807 0.0228 0.00006976744186043549
1645235707416 0 11.75853699999999 0 132565 0.0372 0.00006976744186043549
1645235711379 0 11.749069999999989 0 117262 0.033800000000000004 0.00006976744186043549
1645235715369 0 11.737043 0 116418 0.033800000000000004 0.00006976744186043549
1645235719077 0 11.981905000000012 0 223024 0.05789999999999999 0.00006976744186043549
1645235723275 0 11.726112999999998 0 214538 0.05550000000000001 0.00006976744186043549
1645235727380 0 11.71875 0 178191 0.0475 0.00006976744186043549
1645235731448 0 11.711388999999997 0 161454 0.0437 0.00006976744186043549
1645235735116 0 11.95291499999999 0 212225 0.055200000000000006 0.00006976744186043549
1645235739284 0 11.687187999999992 0 195858 0.0521 0.00006976744186043549
1645235743267 0 11.932219000000003 0 119665 0.0346 0.00006976744186043549
1645235747214 0 11.91761600000001 0 108667 0.0324 0.00006976744186043549
1645235751066 0 11.911880999999994 0 64782 0.0213 0.00006976744186043549
1645235755461 0 11.655617000000007 0 87523 0.027200000000000002 0.00006976744186043549
1645235759510 0 11.643372999999997 0 155607 0.0423 0.00006976744186043549
1645235763445 0 11.634755999999982 0 100404 0.03 0.00006976744186043549
1645235767596 0 11.602999000000011 0 183614 0.047599999999999996 0.00006976744186043549
1645235771242 0 11.828381999999976 0 197686 0.0518 0.00006976744186043549
1645235775421 0 11.568017999999995 0 217520 0.05639999999999999 0.00006976744186043549
1645235779435 0 11.565841999999975 0 132353 0.0373 0.00006976744186043549
1645235783593 0 11.561414000000013 0 199853 0.052500000000000005 0.00006976744186043549
1645235787285 0 11.79195900000002 0 225614 0.0581 0.00006976744186043549
1645235791328 0 11.783973000000003 0 150477 0.040999999999999995 0.00006976744186043549
1645235795349 0 11.77750500000002 0 117995 0.033600000000000005 0.00006976744186043549
1645235799266 0 11.769705999999985 0 86503 0.0259 0.00006976744186043549
1645235803630 0 11.51538800000003 0 67335 0.0225 0.00006976744186043549
1645235807650 0 11.509694000000025 0 132169 0.037 0.00006976744186043549
1645235811136 0 11.992793000000006 0 118800 0.0342 0.00006976744186043549
1645235815092 0 11.985431000000005 0 116618 0.0332 0.00006976744186043549

