1645248127313 1 3.984644 2034 346799 0.18939999999999999 -8.746199999999998
1645248130270 2 5.023981 0 500350 0.2731 0.000174418604651283
1645248133356 2 5.940144000000001 0 545518 0.2985 0.00027906976744174194
1645248136665 2 6.638350000000001 0 584100 0.3197 0.00027906976744174194
1645248139572 2 7.722287999999999 0 512169 0.2803 0.00027906976744174194
1645248142834 2 8.461004999999998 0 578121 0.3164 0.00027906976744174194
1645248146415 2 8.880029999999998 0 636691 0.3476 0.00027906976744174194
1645248149365 2 9.93092 0 519743 0.2842 0.00027906976744174194
1645248153035 2 10.260248000000004 0 653153 0.3572 0.00027906976744174194
1645248156056 2 11.242620000000002 0 531618 0.2909 0.00027906976744174194
1645248159388 2 11.908494000000005 0 588952 0.3211 0.00027906976744174194
1645248163647 2 11.891957000000005 0 575427 0.3149 0.00027906976744174194
1645248167437 2 11.881772000000005 0 582800 0.319 0.00027906976744174194
1645248171917 2 11.624352000000002 0 619183 0.3378 0.00027906976744174194
1645248175753 2 11.609785000000002 0 592095 0.3235 0.00027906976744174194
1645248179574 2 11.853151000000004 0 588643 0.322 0.00027906976744174194
1645248183486 2 11.843628000000002 0 604781 0.3305 0.00027906976744174194
1645248187843 2 11.579077000000005 0 504428 0.27559999999999996 0.00027906976744174194
1645248191776 2 11.565936000000008 0 608117 0.3328 0.00027906976744174194
1645248195399 2 11.895669999999996 0 645520 0.35259999999999997 0.00027906976744174194
1645248199549 2 11.793497000000002 0 557793 0.3048 0.00027906976744174194
1645248203631 2 11.781407000000002 0 635530 0.3478 0.00027906976744174194
1645248207572 2 11.775813999999997 0 520041 0.2844 0.00027906976744174194
1645248211768 2 11.770340000000004 0 656205 0.359 0.00027906976744174194
1645248215687 2 11.763080000000002 0 516287 0.28159999999999996 0.00027906976744174194
1645248219718 2 11.753831000000005 0 627180 0.3426 0.00027906976744174194
1645248223618 2 11.746702999999997 0 603841 0.3302 0.00027906976744174194
1645248227412 2 11.991945000000001 0 582703 0.319 0.00027906976744174194
1645248231449 2 11.984773000000004 0 626605 0.34209999999999996 0.00027906976744174194
1645248235474 2 11.980593999999996 0 535113 0.2924 0.00027906976744174194
1645248239552 2 11.968074000000001 0 638212 0.3485 0.00027906976744174194
1645248243513 2 11.961745000000008 0 615017 0.3352 0.00027906976744174194
1645248247517 2 11.947736000000006 0 533736 0.2907 0.00027906976744174194
1645248251733 2 11.689678 0 661250 0.3618 0.00027906976744174194
1645248255835 2 11.676423999999997 0 547682 0.2989 0.00027906976744174194
1645248259682 2 11.66601700000001 0 594286 0.3236 0.00027906976744174194
1645248263563 2 11.912091000000004 0 599508 0.3278 0.00027906976744174194
1645248267447 2 11.899327999999997 0 599347 0.32799999999999996 0.00027906976744174194
1645248271885 2 11.64144300000001 0 609977 0.3335 0.00027906976744174194
1645248275296 2 11.998358999999994 0 604926 0.3308 0.00027906976744174194
1645248279645 2 11.86395300000001 0 594986 0.3252 0.00027906976744174194
1645248283464 2 11.855917000000005 0 588726 0.322 0.00027906976744174194
1645248287918 2 11.599865999999992 0 523106 0.28559999999999997 0.00027906976744174194
1645248291411 2 11.884788000000015 0 618775 0.3389 0.00027906976744174194
1645248295530 2 11.83636100000001 0 642262 0.3507 0.00027906976744174194
1645248299654 2 11.825736000000006 0 553119 0.3025 0.00027906976744174194
1645248303765 2 11.565334000000007 0 640678 0.3498 0.00027906976744174194
1645248307792 2 11.557314999999988 0 535087 0.29209999999999997 0.00027906976744174194
1645248311411 2 11.883363000000003 0 645101 0.3517 0.00027906976744174194
1645248315983 2 11.530851000000013 0 542740 0.2972 0.00027906976744174194
1645248319552 2 11.743491000000006 0 635250 0.3469 0.00027906976744174194
1645248323977 2 11.511725000000013 0 607370 0.3322 0.00027906976744174194
1645248327361 2 11.933275000000009 0 601045 0.32839999999999997 0.00027906976744174194
1645248331765 2 11.742871000000008 0 605033 0.3302 0.00027906976744174194
1645248335771 2 11.734848 0 530643 0.2899 0.00027906976744174194
1645248339431 2 11.864080000000001 0 652691 0.356 0.00027906976744174194
1645248343372 2 11.964429999999993 0 609815 0.3338 0.00027906976744174194
1645248347443 2 11.946919000000008 0 544612 0.2973 0.00027906976744174194
1645248351493 2 11.93405100000001 0 632508 0.3451 0.00027906976744174194
1645248355782 2 11.677300000000002 0 583029 0.31920000000000004 0.00027906976744174194
1645248359705 2 11.665672 0 609324 0.3319 0.00027906976744174194
1645248363549 2 11.907006999999993 0 593619 0.3245 0.00027906976744174194
1645248367513 2 11.901679000000001 0 613859 0.3362 0.00027906976744174194
1645248371434 2 11.895235000000014 0 608720 0.3319 0.00027906976744174194
1645248375856 2 11.633685000000014 0 606705 0.3311 0.00027906976744174194
1645248379692 2 11.627813000000003 0 593343 0.324 0.00027906976744174194
1645248383505 2 11.868313 0 587405 0.3214 0.00027906976744174194
1645248387893 2 11.613508000000024 0 509910 0.2781 0.00027906976744174194
1645248391409 2 11.886248000000023 0 624112 0.3411 0.00027906976744174194
1645248395462 2 11.850985999999978 0 631553 0.3449 0.00027906976744174194
1645248399611 2 11.844103000000018 0 558385 0.3046 0.00027906976744174194
1645248403723 2 11.587527000000023 0 642127 0.3512 0.00027906976744174194
1645248407725 2 11.581074000000001 0 530123 0.29 0.00027906976744174194
1645248411375 2 11.92043799999999 0 646460 0.3538 0.00027906976744174194
1645248415943 2 11.566825999999992 0 544018 0.2965 0.00027906976744174194
1645248419544 2 11.75165800000002 0 639772 0.35 0.00027906976744174194
1645248424012 2 11.518417999999997 0 616543 0.337 0.00027906976744174194
1645248427323 2 11.97064899999998 0 585544 0.32080000000000003 0.00027906976744174194
1645248431753 2 11.751646999999991 0 607252 0.33199999999999996 0.00027906976744174194
1645248435778 2 11.737549000000001 0 534940 0.2924 0.00027906976744174194
1645248439358 2 11.935842999999977 0 638300 0.3484 0.00027906976744174194
1645248443375 2 11.971591999999987 0 626429 0.3418 0.00027906976744174194
1645248447423 2 11.964493000000004 0 538866 0.29510000000000003 0.00027906976744174194
1645248451493 2 11.956128999999976 0 636237 0.3472 0.00027906976744174194

