1645252367426 1 3.999999 861 346799 0.074 -3.7022999999999997
1645252369266 3 6.168678 0 755039 0.1619 0.000174418604651283
1645252371158 3 8.277563 0 835161 0.1792 0.00043023255813956496
1645252373204 3 10.230358 0 908792 0.1947 0.00043023255813956496
1645252376035 3 11.596929 0 804438 0.17270000000000002 0.00043023255813956496
1645252379930 3 11.583951999999998 0 828659 0.1775 0.00043023255813956496
1645252384038 3 11.572766999999999 0 937332 0.2002 0.00043023255813956496
1645252387809 3 11.812928 0 776416 0.1665 0.00043023255813956496
1645252392125 3 11.556618000000004 0 1025687 0.22000000000000003 0.00043023255813956496
1645252395981 3 11.549069000000003 0 815426 0.1752 0.00043023255813956496
1645252399987 3 11.53962 0 884625 0.19039999999999999 0.00043023255813956496
1645252404046 3 11.531894000000001 0 904952 0.1945 0.00043023255813956496
1645252407702 3 11.773322 0 954418 0.20339999999999997 0.00043023255813956496
1645252411761 3 11.765681 0 910446 0.1951 0.00043023255813956496
1645252415838 3 11.759315 0 922454 0.19790000000000002 0.00043023255813956496
1645252419961 3 11.498805000000004 0 942842 0.2021 0.00043023255813956496
1645252423465 3 11.991228 0 884128 0.1896 0.00043023255813956496
1645252427843 3 11.732201000000003 0 828263 0.1775 0.00043023255813956496
1645252431545 3 11.978165000000004 0 981175 0.21070000000000003 0.00043023255813956496
1645252435662 3 11.964359000000002 0 939007 0.2012 0.00043023255813956496
1645252439564 3 11.953187999999997 0 841370 0.1805 0.00043023255813956496
1645252443693 3 11.945653000000007 0 947658 0.20299999999999999 0.00043023255813956496
1645252447585 3 11.933452000000003 0 828958 0.1782 0.00043023255813956496
1645252451800 3 11.673382000000004 0 977791 0.20939999999999998 0.00043023255813956496
1645252455714 3 11.920958999999996 0 847215 0.1817 0.00043023255813956496
1645252459913 3 11.665701999999996 0 978032 0.20939999999999998 0.00043023255813956496
1645252464017 3 11.649292000000003 0 934237 0.2004 0.00043023255813956496
1645252468035 3 11.639238000000006 0 889600 0.1907 0.00043023255813956496
1645252471763 3 11.883548000000005 0 988774 0.21230000000000002 0.00043023255813956496
1645252475595 3 11.878528000000003 0 808061 0.1729 0.00043023255813956496
1645252479834 3 11.616174999999998 0 995677 0.2129 0.00043023255813956496
1645252483911 3 11.609412000000006 0 924757 0.19790000000000002 0.00043023255813956496
1645252487741 3 11.852247000000006 0 808228 0.1731 0.00043023255813956496
1645252492012 3 11.590243999999998 0 1014212 0.21749999999999997 0.00043023255813956496
1645252495923 3 11.579429000000005 0 845218 0.1807 0.00043023255813956496
1645252499979 3 11.569769000000008 0 910767 0.1957 0.00043023255813956496
1645252504014 3 11.563653000000016 0 901777 0.1933 0.00043023255813956496
1645252507696 3 11.804064000000011 0 967347 0.2076 0.00043023255813956496
1645252511805 3 11.796372999999988 0 935273 0.20049999999999998 0.00043023255813956496
1645252515874 3 11.785433000000012 0 916928 0.1966 0.00043023255813956496
1645252519992 3 11.524846999999994 0 940743 0.20179999999999998 0.00043023255813956496
1645252523979 3 11.518269000000004 0 877888 0.1883 0.00043023255813956496
1645252527878 3 11.764385000000004 0 839766 0.18009999999999998 0.00043023255813956496
1645252532068 3 11.505722999999989 0 976062 0.2097 0.00043023255813956496
1645252535727 3 11.749193999999989 0 958353 0.20529999999999998 0.00043023255813956496
1645252539626 3 11.989048999999994 0 836268 0.1795 0.00043023255813956496
1645252543817 3 11.735037000000005 0 968967 0.20779999999999998 0.00043023255813956496
1645252547689 3 11.974817999999999 0 825839 0.1769 0.00043023255813956496
1645252551883 3 11.717658999999998 0 974212 0.2089 0.00043023255813956496
1645252555862 3 11.700386000000009 0 867483 0.1859 0.00043023255813956496
1645252559575 3 11.940849000000014 0 987232 0.211 0.00043023255813956496
1645252563654 3 11.936080000000004 0 921956 0.1981 0.00043023255813956496
1645252567711 3 11.922903999999988 0 913803 0.19590000000000002 0.00043023255813956496
1645252571863 3 11.666142000000008 0 958215 0.20539999999999997 0.00043023255813956496
1645252575746 3 11.903459999999995 0 832934 0.1785 0.00043023255813956496
1645252579998 3 11.643047999999993 0 1005593 0.21539999999999998 0.00043023255813956496
1645252583613 3 11.883115000000004 0 935985 0.2012 0.00043023255813956496
1645252587942 3 11.621174999999994 0 802415 0.1724 0.00043023255813956496
1645252591687 3 11.861868000000015 0 999009 0.21389999999999998 0.00043023255813956496
1645252595654 3 11.853586000000007 0 869418 0.1865 0.00043023255813956496
1645252599688 3 11.84665799999999 0 897686 0.1923 0.00043023255813956496
1645252603851 3 11.590642000000003 0 960141 0.2061 0.00043023255813956496
1645252607907 3 11.585138999999998 0 914618 0.196 0.00043023255813956496
1645252612047 3 11.56679600000001 0 949031 0.20350000000000001 0.00043023255813956496
1645252615628 3 11.807699000000014 0 919929 0.19770000000000001 0.00043023255813956496
1645252619725 3 11.79377199999999 0 930570 0.1998 0.00043023255813956496
1645252623739 3 11.788066000000015 0 894188 0.1915 0.00043023255813956496
1645252628128 3 11.532217000000003 0 835562 0.1784 0.00043023255813956496
1645252631842 3 11.772673999999995 0 986170 0.21139999999999998 0.00043023255813956496
1645252635990 3 11.513989999999978 0 955812 0.205 0.00043023255813956496
1645252639885 3 11.75788799999998 0 837688 0.1787 0.00043023255813956496
1645252644072 3 11.503804000000002 0 972932 0.2084 0.00043023255813956496
1645252647928 3 11.716768000000002 0 807690 0.1726 0.00043023255813956496
1645252651604 3 11.958692999999982 0 968173 0.20779999999999998 0.00043023255813956496
1645252655581 3 11.947782000000018 0 872734 0.1869 0.00043023255813956496
1645252659806 3 11.692658999999992 0 991679 0.213 0.00043023255813956496
1645252663900 3 11.688722999999982 0 930061 0.199 0.00043023255813956496
1645252667919 3 11.681189000000018 0 884740 0.1896 0.00043023255813956496
1645252671601 3 11.924144000000013 0 968599 0.2063 0.00043023255813956496
1645252676020 3 11.66157400000003 0 848189 0.1816 0.00043023255813956496
1645252679738 3 11.900634000000025 0 989262 0.2116 0.00043023255813956496
1645252683840 3 11.645039999999995 0 929927 0.19970000000000002 0.00043023255813956496
1645252687766 3 11.878408999999976 0 845977 0.181 0.00043023255813956496
1645252692031 3 11.61702200000002 0 1009703 0.2166 0.00043023255813956496
1645252695977 3 11.607770000000016 0 861836 0.1845 0.00043023255813956496

