1645250888356 1 3.999999 2144 346799 0.2031 -9.219199999999999
1645250890490 0 5.8728929999999995 0 213385 0.12490000000000001 0.00017441860465117198
1645250891449 0 8.914558000000001 0 141806 0.0834 0.00006976744186043549
1645250893828 1 10.535998000000001 0 384791 0.2253 0.000069767441860491
1645250896933 1 11.537251999999999 0 339137 0.19870000000000002 0.00017441860465117198
1645250900865 1 11.528645 0 393219 0.2305 0.00017441860465117198
1645250904862 1 11.522670999999999 0 406206 0.23809999999999998 0.00017441860465117198
1645250908754 1 11.766109 0 303135 0.1774 0.00017441860465117198
1645250912803 1 11.757728000000004 0 414092 0.2425 0.00017441860465117198
1645250916893 1 11.502826000000002 0 337705 0.1976 0.00017441860465117198
1645250920675 1 11.747232000000004 0 366374 0.21549999999999997 0.00017441860465117198
1645250924859 1 11.739373 0 352030 0.2056 0.00017441860465117198
1645250928662 1 11.722612000000005 0 371605 0.217 0.00017441860465117198
1645250932541 1 11.965326000000005 0 385670 0.2264 0.00017441860465117198
1645250936860 1 11.706725000000006 0 374050 0.22000000000000003 0.00017441860465117198
1645250940627 1 11.951691000000004 0 367058 0.2152 0.00017441860465117198
1645250944466 1 11.945869000000002 0 377983 0.22160000000000002 0.00017441860465117198
1645250948515 1 11.940352000000004 0 326924 0.1903 0.00017441860465117198
1645250952926 1 11.679091999999997 0 388939 0.22820000000000001 0.00017441860465117198
1645250956866 1 11.652371000000002 0 392939 0.23079999999999998 0.00017441860465117198
1645250960666 1 11.899104000000008 0 362131 0.2117 0.00017441860465117198
1645250964687 1 11.889640999999997 0 402712 0.23700000000000002 0.00017441860465117198
1645250968738 1 11.874882999999997 0 327400 0.1914 0.00017441860465117198
1645250972710 1 11.839123 0 401133 0.23500000000000001 0.00017441860465117198
1645250976702 1 11.831224000000006 0 317452 0.185 0.00017441860465117198
1645250980651 1 11.743384000000006 0 391753 0.22599999999999998 0.00017441860465117198
1645250984549 1 11.987769999999998 0 384934 0.2258 0.00017441860465117198
1645250988835 1 11.732342000000003 0 367179 0.21549999999999997 0.00017441860465117198
1645250992739 1 11.726230000000001 0 387965 0.2277 0.00017441860465117198
1645250996820 1 11.719437999999997 0 333821 0.19590000000000002 0.00017441860465117198
1645251000743 1 11.711060000000003 0 394452 0.2314 0.00017441860465117198
1645251004765 1 11.704439000000008 0 409513 0.23959999999999998 0.00017441860465117198
1645251008686 1 11.696290000000005 0 307174 0.18 0.00017441860465117198
1645251012777 1 11.691065000000009 0 420407 0.2467 0.00017441860465117198
1645251016901 1 11.676766000000015 0 340231 0.1995 0.00017441860465117198
1645251020710 1 11.67148800000001 0 374730 0.21880000000000002 0.00017441860465117198
1645251024902 1 11.663353 0 353022 0.20670000000000002 0.00017441860465117198
1645251028820 1 11.65698900000001 0 393253 0.22959999999999997 0.00017441860465117198
1645251032609 1 11.895510999999999 0 368813 0.2171 0.00017441860465117198
1645251036952 1 11.555479999999989 0 372578 0.2183 0.00017441860465117198
1645251040766 1 11.609193000000005 0 374507 0.2191 0.00017441860465117198
1645251044568 1 11.847231999999991 0 372824 0.2183 0.00017441860465117198
1645251048606 1 11.841404000000011 0 326437 0.1916 0.00017441860465117198
1645251052973 1 11.579946000000007 0 383127 0.2245 0.00017441860465117198
1645251056600 1 11.95515499999999 0 400632 0.2355 0.00017441860465117198
1645251060722 1 11.695987000000002 0 342596 0.20049999999999998 0.00017441860465117198
1645251064751 1 11.688290999999992 0 407655 0.2387 0.00017441860465117198
1645251068856 1 11.679845999999998 0 337450 0.1984 0.00017441860465117198
1645251072870 1 11.67484300000001 0 404220 0.2366 0.00017441860465117198
1645251076755 0 11.668337000000008 0 128759 0.0761 0.00017441860465117198
1645251080575 0 11.909290999999996 0 199367 0.1169 0.00006976744186043549
1645251084481 0 11.899264000000016 0 220759 0.1285 0.00006976744186043549
1645251088969 0 11.643133000000006 0 149511 0.087 0.00006976744186043549
1645251092775 0 11.615874999999988 0 118879 0.0691 0.00006976744186043549
1645251096904 0 11.609703999999994 0 85418 0.0501 0.00006976744186043549
1645251100938 0 11.593598000000014 0 68807 0.040600000000000004 0.00006976744186043549
1645251104847 0 11.587916000000007 0 132565 0.0781 0.00006976744186043549
1645251108670 0 11.831824000000012 0 117262 0.0692 0.00006976744186043549
1645251112968 0 11.576322000000005 0 116418 0.06810000000000001 0.00006976744186043549
1645251116913 0 11.56743800000001 0 223024 0.1311 0.00006976744186043549
1645251120781 0 11.809822999999994 0 214538 0.1248 0.00006976744186043549
1645251124947 0 11.540493999999995 0 178191 0.10389999999999999 0.00006976744186043549
1645251129016 0 11.529606000000001 0 161454 0.0945 0.00006976744186043549
1645251132880 0 11.524653999999998 0 212225 0.1242 0.00006976744186043549
1645251136660 0 11.763371000000006 0 195858 0.1153 0.00006976744186043549
1645251140972 0 11.507526000000013 0 119665 0.0691 0.00006976744186043549
1645251144734 0 11.746542999999974 0 108667 0.0639 0.00006976744186043549
1645251148718 0 11.742002000000014 0 64782 0.0371 0.00006976744186043549
1645251152863 0 11.735050999999999 0 87523 0.0514 0.00006976744186043549
1645251156401 0 11.962267999999995 0 155607 0.09140000000000001 0.00006976744186043549
1645251160626 0 11.957247999999993 0 100404 0.058899999999999994 0.00006976744186043549
1645251164812 0 11.699621999999977 0 183614 0.1072 0.00006976744186043549
1645251168597 0 11.94411500000001 0 197686 0.1162 0.00006976744186043549
1645251172498 0 11.93579299999999 0 217520 0.1278 0.00006976744186043549
1645251176880 0 11.679786999999976 0 132353 0.0771 0.00006976744186043549
1645251180678 0 11.924726000000021 0 199853 0.11810000000000001 0.00006976744186043549
1645251184631 0 11.89490699999999 0 225614 0.132 0.00006976744186043549
1645251188630 0 11.88636600000001 0 150477 0.088 0.00006976744186043549
1645251192936 0 11.629807000000028 0 117995 0.06889999999999999 0.00006976744186043549
1645251196567 0 11.875668000000019 0 86503 0.0502 0.00006976744186043549
1645251200583 0 11.861221999999998 0 67335 0.039 0.00006976744186043549
1645251204987 0 11.601631999999995 0 132169 0.0781 0.00006976744186043549
1645251208816 0 11.586946000000012 0 118800 0.06999999999999999 0.00006976744186043549
1645251212641 0 11.829395999999974 0 116618 0.0684 0.00006976744186043549

