1645246122923 1 3.999999 1372 346799 0.1256 -5.8995999999999995
1645246124356 1 6.572792 0 363755 0.1325 0.00017441860465117198
1645246125781 1 9.146807 0 362842 0.1318 0.00017441860465117198
1645246127283 1 11.64544 0 384791 0.13979999999999998 0.00017441860465117198
1645246131413 3 11.608642 0 804438 0.29209999999999997 0.000174418604651283
1645246135539 3 11.597675999999998 0 828659 0.3027 0.00043023255813956496
1645246139068 3 11.860205 0 937332 0.3415 0.00043023255813956496
1645246143502 3 11.573682999999999 0 776416 0.2834 0.00043023255813956496
1645246147351 3 11.577174000000003 0 1025687 0.37429999999999997 0.00043023255813956496
1645246152919 3 10.009662000000002 0 815426 0.5458999999999999 0.00043023255813956496
1645246155482 1 11.547549000000004 0 366374 0.1368 0.00043023255813956496
1645246159399 3 11.540772000000004 0 904952 0.3315 0.000174418604651283
1645246162976 3 11.950972 0 954418 0.34740000000000004 0.00043023255813956496
1645246167397 3 11.775106000000001 0 910446 0.3312 0.00043023255813956496
1645246171363 3 11.762677000000004 0 922454 0.3365 0.00043023255813956496
1645246175405 3 11.758515000000003 0 942842 0.3442 0.00043023255813956496
1645246179234 3 11.750628000000006 0 884128 0.3226 0.00043023255813956496
1645246183363 3 11.743621000000005 0 828263 0.3027 0.00043023255813956496
1645246187047 3 11.881280000000004 0 981175 0.3581 0.00043023255813956496
1645246191081 3 11.974564 0 939007 0.34199999999999997 0.00043023255813956496
1645246195258 3 11.712995000000006 0 841370 0.3075 0.00043023255813956496
1645246199318 3 11.705961000000002 0 947658 0.346 0.00043023255813956496
1645246202980 3 11.948324 0 828958 0.3025 0.00043023255813956496
1645246207149 3 11.935372000000001 0 977791 0.3567 0.00043023255813956496
1645246211348 3 11.679095000000004 0 847215 0.3094 0.00043023255813956496
1645246215014 3 11.914190000000005 0 978032 0.3569 0.00043023255813956496
1645246219026 3 11.910549000000003 0 934237 0.3412 0.00043023255813956496
1645246223378 3 11.654708999999997 0 889600 0.325 0.00043023255813956496
1645246227094 3 11.838255000000004 0 988774 0.3612 0.00043023255813956496
1645246231144 3 11.885891 0 808061 0.2949 0.00043023255813956496
1645246235377 3 11.631312000000008 0 995677 0.3633 0.00043023255813956496
1645246239348 3 11.621184 0 924757 0.33730000000000004 0.00043023255813956496
1645246243395 3 11.612412000000006 0 808228 0.2949 0.00043023255813956496
1645246247194 3 11.736454000000009 0 1014212 0.36960000000000004 0.00043023255813956496
1645246251379 3 11.59246300000001 0 845218 0.3079 0.00043023255813956496
1645246255306 3 11.81657100000001 0 910767 0.33199999999999996 0.00043023255813956496
1645246259209 3 11.809271999999993 0 901777 0.329 0.00043023255813956496
1645246263334 3 11.799890000000005 0 967347 0.353 0.00043023255813956496
1645246267362 3 11.79294999999999 0 935273 0.3419 0.00043023255813956496
1645246271313 3 11.786102999999997 0 916928 0.3348 0.00043023255813956496
1645246275343 3 11.772989999999993 0 940743 0.3433 0.00043023255813956496
1645246279647 3 11.516949000000011 0 877888 0.3206 0.00043023255813956496
1645246283312 3 11.761412000000007 0 839766 0.3068 0.00043023255813956496
1645246286980 3 11.949579 0 976062 0.3549 0.00043023255813956496
1645246291082 3 11.991573000000017 0 958353 0.3497 0.00043023255813956496
1645246295237 3 11.734745000000004 0 836268 0.3055 0.00043023255813956496
1645246299366 3 11.719118000000009 0 968967 0.3534 0.00043023255813956496
1645246302981 3 11.962253000000004 0 825839 0.3016 0.00043023255813956496
1645246307131 3 11.953603000000015 0 974212 0.355 0.00043023255813956496
1645246311396 3 11.695121999999998 0 867483 0.3168 0.00043023255813956496
1645246315092 3 11.83542 0 987232 0.36 0.00043023255813956496
1645246319063 3 11.928419999999988 0 921956 0.3363 0.00043023255813956496
1645246323007 3 11.920703000000003 0 913803 0.3341 0.00043023255813956496
1645246327095 3 11.916032000000001 0 958215 0.3492 0.00043023255813956496
1645246331242 3 11.911552 0 832934 0.30419999999999997 0.00043023255813956496
1645246335006 3 11.923855000000003 0 1005593 0.3666 0.00043023255813956496
1645246339528 3 11.647911999999991 0 935985 0.3416 0.00043023255813956496
1645246343059 3 11.887404000000004 0 802415 0.2934 0.00043023255813956496
1645246347313 3 11.629387000000008 0 999009 0.3648 0.00043023255813956496
1645246351097 3 11.868836000000016 0 869418 0.317 0.00043023255813956496
1645246355475 3 11.611401 0 897686 0.32730000000000004 0.00043023255813956496
1645246359080 3 11.848079000000013 0 960141 0.3509 0.00043023255813956496
1645246363522 3 11.534922999999992 0 914618 0.33340000000000003 0.00043023255813956496
1645246367110 3 11.818398000000002 0 949031 0.3471 0.00043023255813956496
1645246371575 3 11.522669000000008 0 919929 0.33540000000000003 0.00043023255813956496
1645246375070 3 11.857146999999998 0 930570 0.3396 0.00043023255813956496
1645246379427 3 11.499007000000006 0 894188 0.32589999999999997 0.00043023255813956496
1645246383083 3 11.988886999999977 0 835562 0.3053 0.00043023255813956496
1645246387285 3 11.731943999999999 0 986170 0.3601 0.00043023255813956496
1645246391378 3 11.722622999999999 0 955812 0.3489 0.00043023255813956496
1645246395586 3 11.56514900000002 0 837688 0.2924 0.00043023255813956496
1645246399287 3 11.666569999999979 0 972932 0.3559 0.00043023255813956496
1645246403329 3 11.796700999999985 0 807690 0.2939 0.00043023255813956496
1645246406968 3 11.99156099999999 0 968173 0.3528 0.00043023255813956496
1645246411258 3 11.77851400000003 0 872734 0.3184 0.00043023255813956496
1645246414993 3 11.959454999999991 0 991679 0.362 0.00043023255813956496
1645246419495 3 11.50804800000003 0 930061 0.3395 0.00043023255813956496
1645246423320 3 11.748091999999986 0 884740 0.3225 0.00043023255813956496
1645246426964 3 11.991886000000022 0 968599 0.354 0.00043023255813956496
1645246431166 3 11.983824000000027 0 848189 0.3089 0.00043023255813956496
1645246435385 3 11.726222000000007 0 989262 0.3612 0.00043023255813956496
1645246439393 3 11.713324999999998 0 929927 0.33999999999999997 0.00043023255813956496
1645246443088 3 11.951523000000009 0 845977 0.3089 0.00043023255813956496
1645246447384 3 11.694672000000025 0 1009703 0.3689 0.00043023255813956496

