1645245046661 1 3.999999 833 346799 0.0655 -3.5818999999999996
1645245047458 1 7.1939269999999995 0 363755 0.0685 0.00017441860465117198
1645245048242 1 10.410742 0 362842 0.06820000000000001 0.00017441860465117198
1645245051064 1 11.826096 0 384791 0.072 0.00017441860465117198
1645245054880 3 11.817986999999999 0 804438 0.1615 0.000174418604651283
1645245059130 3 11.560445 0 828659 0.1651 0.00043023255813956496
1645245063110 3 11.553035999999999 0 937332 0.1864 0.00043023255813956496
1645245067208 3 11.527024999999998 0 776416 0.1492 0.00043023255813956496
1645245071311 3 11.521294000000001 0 1025687 0.1993 0.00043023255813956496
1645245074952 3 11.762586000000002 0 815426 0.15389999999999998 0.00043023255813956496
1645245079226 3 11.506617000000006 0 884625 0.1674 0.00043023255813956496
1645245083036 3 11.752218 0 904952 0.17099999999999999 0.00043023255813956496
1645245086940 3 11.742453000000005 0 954418 0.18080000000000002 0.00043023255813956496
1645245090760 3 11.985525000000003 0 910446 0.17170000000000002 0.00043023255813956496
1645245095109 3 11.727042000000004 0 922454 0.174 0.00043023255813956496
1645245098994 3 11.720532000000006 0 942842 0.17809999999999998 0.00043023255813956496
1645245102766 3 11.958963000000004 0 884128 0.1668 0.00043023255813956496
1645245106939 3 11.949941000000003 0 828263 0.1567 0.00043023255813956496
1645245110894 3 11.941414000000009 0 981175 0.1854 0.00043023255813956496
1645245114767 3 11.933168000000009 0 939007 0.17709999999999998 0.00043023255813956496
1645245118953 3 11.925702000000001 0 841370 0.1591 0.00043023255813956496
1645245122845 3 11.920304999999999 0 947658 0.1793 0.00043023255813956496
1645245127018 3 11.660898000000003 0 828958 0.1571 0.00043023255813956496
1645245130963 3 11.906293000000005 0 977791 0.18480000000000002 0.00043023255813956496
1645245135174 3 11.646591999999998 0 847215 0.1603 0.00043023255813956496
1645245139127 3 11.638512000000006 0 978032 0.1852 0.00043023255813956496
1645245143034 3 11.61940700000001 0 934237 0.1764 0.00043023255813956496
1645245146811 3 11.864154 0 889600 0.16799999999999998 0.00043023255813956496
1645245151278 3 11.608995000000007 0 988774 0.1865 0.00043023255813956496
1645245154907 3 11.847239000000002 0 808061 0.1532 0.00043023255813956496
1645245158891 3 11.842520000000007 0 995677 0.1881 0.00043023255813956496
1645245163240 3 11.583894999999998 0 924757 0.1749 0.00043023255813956496
1645245166862 3 11.826093 0 808228 0.152 0.00043023255813956496
1645245170885 3 11.823257999999996 0 1014212 0.19190000000000002 0.00043023255813956496
1645245175085 3 11.815874000000008 0 845218 0.1599 0.00043023255813956496
1645245178915 3 11.809308000000016 0 910767 0.1724 0.00043023255813956496
1645245183238 3 11.550881000000004 0 901777 0.1701 0.00043023255813956496
1645245187160 3 11.545593999999994 0 967347 0.1826 0.00043023255813956496
1645245191035 3 11.78246999999999 0 935273 0.177 0.00043023255813956496
1645245195373 3 11.526378999999991 0 916928 0.1732 0.00043023255813956496
1645245199252 3 11.513116999999994 0 940743 0.1779 0.00043023255813956496
1645245203009 3 11.755628999999999 0 877888 0.16599999999999998 0.00043023255813956496
1645245206702 3 11.996655000000004 0 839766 0.1587 0.00043023255813956496
1645245211148 3 11.737135999999992 0 976062 0.1849 0.00043023255813956496
1645245215056 3 11.731166000000002 0 958353 0.1814 0.00043023255813956496
1645245218747 3 11.966658999999993 0 836268 0.1584 0.00043023255813956496
1645245223181 3 11.712682000000001 0 968967 0.1834 0.00043023255813956496
1645245226842 3 11.952891999999991 0 825839 0.1561 0.00043023255813956496
1645245230788 3 11.944523000000004 0 974212 0.1842 0.00043023255813956496
1645245235025 3 11.683841000000001 0 867483 0.1633 0.00043023255813956496
1645245238989 3 11.67901599999999 0 987232 0.1865 0.00043023255813956496
1645245242827 3 11.922235 0 921956 0.174 0.00043023255813956496
1645245247154 3 11.65895900000001 0 913803 0.1726 0.00043023255813956496
1645245251072 3 11.648894000000013 0 958215 0.18109999999999998 0.00043023255813956496
1645245255254 3 11.639246000000014 0 832934 0.1575 0.00043023255813956496
1645245259256 3 11.630285000000015 0 1005593 0.1901 0.00043023255813956496
1645245263127 3 11.622976999999992 0 935985 0.1769 0.00043023255813956496
1645245267239 3 11.614044000000007 0 802415 0.1517 0.00043023255813956496
1645245271229 3 11.604646000000002 0 999009 0.1888 0.00043023255813956496
1645245274967 3 11.847274999999996 0 869418 0.16419999999999998 0.00043023255813956496
1645245279265 3 11.590677999999997 0 897686 0.1696 0.00043023255813956496
1645245283185 3 11.586994000000004 0 960141 0.1817 0.00043023255813956496
1645245287011 3 11.833083000000016 0 914618 0.1729 0.00043023255813956496
1645245290899 3 11.821280999999999 0 949031 0.1796 0.00043023255813956496
1645245295243 3 11.554187000000013 0 919929 0.174 0.00043023255813956496
1645245299100 3 11.800474000000008 0 930570 0.1759 0.00043023255813956496
1645245302886 3 11.796227999999985 0 894188 0.1691 0.00043023255813956496
1645245307150 3 11.517265000000009 0 835562 0.1645 0.00043023255813956496
1645245311116 3 11.761510999999985 0 986170 0.1862 0.00043023255813956496
1645245315022 3 11.751485000000002 0 955812 0.18080000000000002 0.00043023255813956496
1645245318704 3 11.993187999999975 0 837688 0.1583 0.00043023255813956496
1645245323154 3 11.734882000000027 0 972932 0.18409999999999999 0.00043023255813956496
1645245326786 3 11.975618999999995 0 807690 0.1525 0.00043023255813956496
1645245330718 3 11.965669999999989 0 968173 0.1829 0.00043023255813956496
1645245334969 3 11.693624999999997 0 872734 0.16499999999999998 0.00043023255813956496
1645245338942 3 11.936694999999986 0 991679 0.1873 0.00043023255813956496
1645245342795 3 11.928917000000013 0 930061 0.1759 0.00043023255813956496
1645245347070 3 11.668500999999992 0 884740 0.1672 0.00043023255813956496
1645245351004 3 11.655373999999995 0 968599 0.1835 0.00043023255813956496
1645245355219 3 11.635447 0 848189 0.1601 0.00043023255813956496
1645245359188 3 11.630738000000008 0 989262 0.1869 0.00043023255813956496
1645245363052 3 11.623000999999988 0 929927 0.17609999999999998 0.00043023255813956496
1645245367255 3 11.616516999999988 0 845977 0.16 0.00043023255813956496
1645245371267 3 11.602047000000027 0 1009703 0.19119999999999998 0.00043023255813956496
1645245374998 3 11.84016200000002 0 861836 0.16299999999999998 0.00043023255813956496

