1645256415036 1 3.999999 1149 346799 0.1041 -4.9407
1645256416233 1 6.81699 0 363755 0.10940000000000001 0.00017441860465117198
1645256417420 1 9.630295 0 362842 0.1085 0.00017441860465117198
1645256419168 1 11.902758 0 384791 0.1147 0.00017441860465117198
1645256423276 3 11.894326999999999 0 804438 0.2411 0.000174418604651283
1645256427371 3 11.885755999999999 0 828659 0.24889999999999998 0.00043023255813956496
1645256431290 3 11.877239 0 937332 0.2812 0.00043023255813956496
1645256435227 3 11.869240999999999 0 776416 0.233 0.00043023255813956496
1645256439407 3 11.856212000000003 0 1025687 0.3075 0.00043023255813956496
1645256443450 3 11.842509000000003 0 815426 0.2444 0.00043023255813956496
1645256447705 3 11.585229000000005 0 884625 0.2658 0.00043023255813956496
1645256451528 3 11.578989 0 904952 0.27149999999999996 0.00043023255813956496
1645256455497 3 11.574084 0 954418 0.2862 0.00043023255813956496
1645256459333 3 11.816347 0 910446 0.2734 0.00043023255813956496
1645256463706 3 11.556646 0 922454 0.2768 0.00043023255813956496
1645256469601 3 9.447053000000004 0 942842 0.5791999999999999 0.00043023255813956496
1645256471476 1 11.795008000000003 0 377983 0.1182 0.00043023255813956496
1645256475567 3 11.538529000000004 0 828263 0.2488 0.000174418604651283
1645256479606 3 11.532612999999998 0 981175 0.29369999999999996 0.00043023255813956496
1645256483523 3 11.526882999999998 0 939007 0.2813 0.00043023255813956496
1645256487650 3 11.517209000000008 0 841370 0.2524 0.00043023255813956496
1645256491589 3 11.511665000000008 0 947658 0.2843 0.00043023255813956496
1645256495679 3 11.50442600000001 0 828958 0.2485 0.00043023255813956496
1645256499717 3 11.499813000000003 0 977791 0.2938 0.00043023255813956496
1645256503353 3 11.744944000000004 0 847215 0.2542 0.00043023255813956496
1645256509106 3 9.941277999999997 0 978032 0.5655 0.00043023255813956496
1645256511502 1 11.727456000000004 0 384934 0.12 0.00043023255813956496
1645256515301 3 11.971542999999997 0 889600 0.269 0.000174418604651283
1645256519370 3 11.714784000000009 0 988774 0.2965 0.00043023255813956496
1645256523404 3 11.709086999999997 0 808061 0.2427 0.00043023255813956496
1645256527495 3 11.700958 0 995677 0.2987 0.00043023255813956496
1645256531371 3 11.691609 0 924757 0.27690000000000003 0.00043023255813956496
1645256535396 3 11.680676000000005 0 808228 0.2427 0.00043023255813956496
1645256539533 3 11.666403000000003 0 1014212 0.30379999999999996 0.00043023255813956496
1645256543166 3 11.910909000000004 0 845218 0.2532 0.00043023255813956496
1645256549110 3 9.940145999999999 0 910767 0.5841000000000001 0.00043023255813956496
1645256551403 1 11.64295899999999 0 353022 0.1102 0.00043023255813956496
1645256555421 3 11.630977999999999 0 967347 0.28969999999999996 0.000174418604651283
1645256559325 3 11.876283999999998 0 935273 0.28090000000000004 0.00043023255813956496
1645256563675 3 11.617440000000016 0 916928 0.2751 0.00043023255813956496
1645256567593 3 11.60671099999999 0 940743 0.2822 0.00043023255813956496
1645256571330 3 11.850432000000012 0 877888 0.26339999999999997 0.00043023255813956496
1645256575450 3 11.843471999999991 0 839766 0.2516 0.00043023255813956496
1645256579527 3 11.58198999999999 0 976062 0.2933 0.00043023255813956496
1645256583511 3 11.576136999999989 0 958353 0.28809999999999997 0.00043023255813956496
1645256587629 3 11.568817999999993 0 836268 0.2508 0.00043023255813956496
1645256591633 3 11.561738999999989 0 968967 0.2908 0.00043023255813956496
1645256595704 3 11.55193700000001 0 825839 0.2473 0.00043023255813956496
1645256601981 3 9.067447000000016 0 974212 0.6113000000000001 0.00043023255813956496
1645256603236 1 11.81205700000001 0 331794 0.10400000000000001 0.00043023255813956496
1645256607319 3 11.778144999999995 0 987232 0.2962 0.000174418604651283
1645256611698 3 11.51712599999999 0 921956 0.2759 0.00043023255813956496
1645256615054 3 11.998636000000005 0 913803 0.2738 0.00043023255813956496
1645256619545 3 11.733227 0 958215 0.2875 0.00043023255813956496
1645256623147 3 11.97903500000001 0 832934 0.25 0.00043023255813956496
1645256627311 3 11.864402000000013 0 1005593 0.3014 0.00043023255813956496
1645256631232 3 11.855408000000011 0 935985 0.2805 0.00043023255813956496
1645256635242 3 11.847621000000004 0 802415 0.2404 0.00043023255813956496
1645256639341 3 11.839321000000012 0 999009 0.3 0.00043023255813956496
1645256643551 3 11.582033999999993 0 869418 0.2612 0.00043023255813956496
1645256647349 3 11.81626 0 897686 0.26949999999999996 0.00043023255813956496
1645256651334 3 11.807914000000011 0 960141 0.2887 0.00043023255813956496
1645256657243 3 9.804805000000016 0 914618 0.58 0.00043023255813956496
1645256659599 1 11.542749000000015 0 368311 0.11499999999999999 0.00043023255813956496
1645256663486 3 11.786509999999993 0 919929 0.2781 0.000174418604651283
1645256667380 3 11.782336000000015 0 930570 0.279 0.00043023255813956496
1645256671659 3 11.524456999999984 0 894188 0.26749999999999996 0.00043023255813956496
1645256675772 3 11.512802000000022 0 835562 0.251 0.00043023255813956496
1645256679332 3 11.75643100000002 0 986170 0.2952 0.00043023255813956496
1645256683311 3 11.748729000000026 0 955812 0.2871 0.00043023255813956496
1645256687429 3 11.736384999999984 0 837688 0.2515 0.00043023255813956496
1645256691445 3 11.73150400000003 0 972932 0.2919 0.00043023255813956496
1645256695466 3 11.720339000000024 0 807690 0.24159999999999998 0.00043023255813956496
1645256699481 3 11.714605000000006 0 968173 0.2906 0.00043023255813956496
1645256705074 3 9.974934000000019 0 872734 0.5488999999999999 0.00043023255813956496
1645256707482 1 11.699200000000019 0 391244 0.12179999999999999 0.00043023255813956496
1645256711397 3 11.690628000000004 0 930061 0.28090000000000004 0.000174418604651283
1645256715159 3 11.930817999999988 0 884740 0.26589999999999997 0.00043023255813956496
1645256719176 3 11.921640000000025 0 968599 0.2902 0.00043023255813956496
1645256723318 3 11.914369000000022 0 848189 0.254 0.00043023255813956496
1645256727399 3 11.653340000000014 0 989262 0.2969 0.00043023255813956496
1645256731293 3 11.894149000000027 0 929927 0.2794 0.00043023255813956496
1645256735437 3 11.637723999999992 0 845977 0.25379999999999997 0.00043023255813956496
1645256739566 3 11.631110999999976 0 1009703 0.303 0.00043023255813956496
1645256743256 3 11.871465 0 861836 0.2585 0.00043023255813956496

