1645248382911 1 3.999999 2014 346799 0.1898 -8.6602
1645248384950 0 5.977652 0 213385 0.1162 0.00017441860465117198
1645248385860 0 9.065418000000001 0 141806 0.0786 0.00006976744186043549
1645248388106 1 10.81967 0 384791 0.2101 0.000069767441860491
1645248391587 1 11.532411 0 339137 0.1854 0.00017441860465117198
1645248395363 1 11.777633 0 393219 0.21459999999999999 0.00017441860465117198
1645248399209 1 11.769462999999998 0 406206 0.2217 0.00017441860465117198
1645248403494 1 11.511225 0 303135 0.1655 0.00017441860465117198
1645248407378 1 11.757211000000002 0 414092 0.22669999999999998 0.00017441860465117198
1645248411351 1 11.750262000000003 0 337705 0.1844 0.00017441860465117198
1645248414977 1 11.993528000000005 0 366374 0.1998 0.00017441860465117198
1645248419012 1 11.979868000000003 0 352030 0.1918 0.00017441860465117198
1645248423181 1 11.974018000000001 0 371605 0.20249999999999999 0.00017441860465117198
1645248427408 1 11.701460000000004 0 385670 0.21000000000000002 0.00017441860465117198
1645248431087 1 11.944934000000003 0 374050 0.2041 0.00017441860465117198
1645248435228 1 11.936342000000003 0 367058 0.20129999999999998 0.00017441860465117198
1645248439421 1 11.656041000000002 0 377983 0.2064 0.00017441860465117198
1645248443321 1 11.647711000000001 0 326924 0.17809999999999998 0.00017441860465117198
1645248447063 1 11.886588000000003 0 388939 0.21259999999999998 0.00017441860465117198
1645248451329 1 11.629309000000006 0 392939 0.21389999999999998 0.00017441860465117198
1645248455424 1 11.623863999999998 0 362131 0.1978 0.00017441860465117198
1645248459255 1 11.865915000000001 0 402712 0.22080000000000002 0.00017441860465117198
1645248463161 1 11.858164000000002 0 327400 0.1786 0.00017441860465117198
1645248467473 1 11.594121000000001 0 401133 0.2193 0.00017441860465117198
1645248471323 1 11.836223000000004 0 317452 0.1731 0.00017441860465117198
1645248475606 1 11.534633999999997 0 391753 0.2141 0.00017441860465117198
1645248479390 1 11.737248000000008 0 384934 0.2111 0.00017441860465117198
1645248483039 1 11.970852000000008 0 367179 0.2001 0.00017441860465117198
1645248487338 1 11.715167000000008 0 387965 0.21269999999999997 0.00017441860465117198
1645248491288 1 11.709247000000005 0 333821 0.1822 0.00017441860465117198
1645248495109 1 11.951136000000005 0 394452 0.2157 0.00017441860465117198
1645248499013 1 11.943551 0 409513 0.2242 0.00017441860465117198
1645248503322 1 11.683371000000008 0 307174 0.1669 0.00017441860465117198
1645248507278 1 11.674453 0 420407 0.22879999999999998 0.00017441860465117198
1645248511249 1 11.91862900000001 0 340231 0.1853 0.00017441860465117198
1645248515412 1 11.641661999999997 0 374730 0.2041 0.00017441860465117198
1645248519464 1 11.627893999999998 0 353022 0.1927 0.00017441860465117198
1645248523237 1 11.872447999999991 0 393253 0.21539999999999998 0.00017441860465117198
1645248527368 1 11.61684600000001 0 368813 0.2012 0.00017441860465117198
1645248531535 1 11.422906000000012 0 372578 0.20379999999999998 0.00017441860465117198
1645248535206 1 11.850893000000013 0 374507 0.2045 0.00017441860465117198
1645248539371 1 11.590281000000004 0 372824 0.20339999999999997 0.00017441860465117198
1645248543262 1 11.836168000000015 0 326437 0.1778 0.00017441860465117198
1645248547473 1 11.574829999999992 0 383127 0.20929999999999999 0.00017441860465117198
1645248551028 1 11.93181100000001 0 400632 0.2193 0.00017441860465117198
1645248555018 1 11.92135300000001 0 342596 0.187 0.00017441860465117198
1645248559352 1 11.660361999999992 0 407655 0.2218 0.00017441860465117198
1645248563310 1 11.653639999999996 0 337450 0.18409999999999999 0.00017441860465117198
1645248567153 1 11.899801999999994 0 404220 0.2218 0.00017441860465117198
1645248571536 0 11.63816 0 128759 0.06989999999999999 0.00017441860465117198
1645248575221 0 11.866818999999992 0 199367 0.10769999999999999 0.00006976744186043549
1645248579536 0 11.608429000000001 0 220759 0.1202 0.00006976744186043549
1645248583476 0 11.597071999999997 0 149511 0.08159999999999999 0.00006976744186043549
1645248587232 0 11.841219999999993 0 118879 0.06420000000000001 0.00006976744186043549
1645248591343 0 11.584964000000014 0 85418 0.047599999999999996 0.00006976744186043549
1645248595354 0 11.577932000000004 0 68807 0.0387 0.00006976744186043549
1645248599220 0 11.823476999999997 0 132565 0.0735 0.00006976744186043549
1645248603490 0 11.566289000000012 0 117262 0.06520000000000001 0.00006976744186043549
1645248607240 0 11.80660499999999 0 116418 0.0635 0.00006976744186043549
1645248611603 0 11.538035000000008 0 223024 0.12190000000000001 0.00006976744186043549
1645248615032 0 11.919703999999996 0 214538 0.11850000000000001 0.00006976744186043549
1645248619139 0 11.911688999999996 0 178191 0.0983 0.00006976744186043549
1645248623146 0 11.90568300000001 0 161454 0.0879 0.00006976744186043549
1645248627436 0 11.648266000000007 0 212225 0.11610000000000001 0.00006976744186043549
1645248631137 0 11.891828000000004 0 195858 0.10700000000000001 0.00006976744186043549
1645248635399 0 11.634928000000002 0 119665 0.065 0.00006976744186043549
1645248639132 0 11.877841999999987 0 108667 0.061 0.00006976744186043549
1645248643124 0 11.871732000000009 0 64782 0.0364 0.00006976744186043549
1645248647235 0 11.866194000000007 0 87523 0.0485 0.00006976744186043549
1645248651218 0 11.857722000000024 0 155607 0.0856 0.00006976744186043549
1645248655396 0 11.598906999999997 0 100404 0.055900000000000005 0.00006976744186043549
1645248659523 0 11.592393000000015 0 183614 0.1006 0.00006976744186043549
1645248663233 0 11.837587999999982 0 197686 0.10869999999999999 0.00006976744186043549
1645248667556 0 11.579639999999984 0 217520 0.11910000000000001 0.00006976744186043549
1645248671405 0 11.571520000000021 0 132353 0.0722 0.00006976744186043549
1645248675130 0 11.812982999999974 0 199853 0.1095 0.00006976744186043549
1645248679471 0 11.547061999999983 0 225614 0.12279999999999999 0.00006976744186043549
1645248683410 0 11.53659399999998 0 150477 0.08249999999999999 0.00006976744186043549
1645248687178 0 11.77520800000002 0 117995 0.0651 0.00006976744186043549
1645248691264 0 11.765554000000009 0 86503 0.047299999999999995 0.00006976744186043549
1645248695266 0 11.761119000000008 0 67335 0.0369 0.00006976744186043549
1645248699609 0 11.503032000000019 0 132169 0.0726 0.00006976744186043549
1645248703386 0 11.74373700000001 0 118800 0.0668 0.00006976744186043549
1645248707145 0 11.986480000000029 0 116618 0.0643 0.00006976744186043549

