1645244234428 1 3.999999 797 346799 0.06889999999999999 -3.4271
1645244236126 3 6.319749 0 755039 0.14950000000000002 0.000174418604651283
1645244237878 3 8.568715000000001 0 835161 0.1653 0.00043023255813956496
1645244239779 3 10.667910000000001 0 908792 0.17980000000000002 0.00043023255813956496
1645244242974 3 11.538177 0 804438 0.1591 0.00043023255813956496
1645244246718 3 11.774014 0 828659 0.16399999999999998 0.00043023255813956496
1645244250677 3 11.768149999999999 0 937332 0.1859 0.00043023255813956496
1645244254818 3 11.762107 0 776416 0.1542 0.00043023255813956496
1645244258957 3 11.504564000000002 0 1025687 0.20339999999999997 0.00043023255813956496
1645244262677 3 11.999028000000003 0 815426 0.1615 0.00043023255813956496
1645244266538 3 11.990826000000006 0 884625 0.1754 0.00043023255813956496
1645244270927 3 11.734132000000002 0 904952 0.1793 0.00043023255813956496
1645244274915 3 11.727371000000005 0 954418 0.1889 0.00043023255813956496
1645244278813 3 11.719565000000003 0 910446 0.1803 0.00043023255813956496
1645244282748 3 11.704537000000002 0 922454 0.1827 0.00043023255813956496
1645244286714 3 11.948352 0 942842 0.187 0.00043023255813956496
1645244290562 3 11.933959000000002 0 884128 0.17509999999999998 0.00043023255813956496
1645244294808 3 11.676000000000002 0 828263 0.1643 0.00043023255813956496
1645244298853 3 11.667384999999996 0 981175 0.19319999999999998 0.00043023255813956496
1645244302815 3 11.656582999999998 0 939007 0.1863 0.00043023255813956496
1645244306578 3 11.90277900000001 0 841370 0.1669 0.00043023255813956496
1645244310559 3 11.89224800000001 0 947658 0.1878 0.00043023255813956496
1645244314828 3 11.637715 0 828958 0.1641 0.00043023255813956496
1645244318867 3 11.630964000000006 0 977791 0.1938 0.00043023255813956496
1645244322643 3 11.874235999999996 0 847215 0.1682 0.00043023255813956496
1645244326706 3 11.861220000000003 0 978032 0.19390000000000002 0.00043023255813956496
1645244330679 3 11.854084999999998 0 934237 0.1852 0.00043023255813956496
1645244335045 3 11.59639 0 889600 0.1764 0.00043023255813956496
1645244339107 3 11.587519999999998 0 988774 0.1961 0.00043023255813956496
1645244342808 3 11.824179999999998 0 808061 0.1601 0.00043023255813956496
1645244346876 3 11.818172000000004 0 995677 0.197 0.00043023255813956496
1645244350815 3 11.802956000000009 0 924757 0.18380000000000002 0.00043023255813956496
1645244355030 3 11.544730999999999 0 808228 0.1602 0.00043023255813956496
1645244359138 3 11.536029 0 1014212 0.2009 0.00043023255813956496
1645244362916 3 11.778470999999996 0 845218 0.1673 0.00043023255813956496
1645244366825 3 11.768494000000004 0 910767 0.1807 0.00043023255813956496
1645244370709 3 11.755586999999991 0 901777 0.1785 0.00043023255813956496
1645244374731 3 11.748749000000004 0 967347 0.192 0.00043023255813956496
1645244378684 3 11.991633000000007 0 935273 0.1854 0.00043023255813956496
1645244382597 3 11.986356999999998 0 916928 0.1816 0.00043023255813956496
1645244386559 3 11.977461000000005 0 940743 0.1862 0.00043023255813956496
1645244390903 3 11.719473999999991 0 877888 0.1742 0.00043023255813956496
1645244394671 3 11.962321000000003 0 839766 0.1662 0.00043023255813956496
1645244398717 3 11.951650999999998 0 976062 0.1934 0.00043023255813956496
1645244402718 3 11.941649000000012 0 958353 0.19019999999999998 0.00043023255813956496
1645244406976 3 11.687838999999997 0 836268 0.1656 0.00043023255813956496
1645244410995 3 11.67481699999999 0 968967 0.19190000000000002 0.00043023255813956496
1645244414739 3 11.91822400000001 0 825839 0.1645 0.00043023255813956496
1645244418770 3 11.910035999999991 0 974212 0.1931 0.00043023255813956496
1645244422591 3 11.904020000000003 0 867483 0.1722 0.00043023255813956496
1645244426645 3 11.892065000000002 0 987232 0.1953 0.00043023255813956496
1645244430577 3 11.887888000000004 0 921956 0.1829 0.00043023255813956496
1645244434993 3 11.627516000000014 0 913803 0.1814 0.00043023255813956496
1645244438985 3 11.620954000000012 0 958215 0.1896 0.00043023255813956496
1645244442731 3 11.86319499999999 0 832934 0.1648 0.00043023255813956496
1645244446819 3 11.856155999999999 0 1005593 0.1988 0.00043023255813956496
1645244450778 3 11.846969000000001 0 935985 0.1851 0.00043023255813956496
1645244454978 3 11.590087000000011 0 802415 0.16 0.00043023255813956496
1645244459059 3 11.584610999999995 0 999009 0.19790000000000002 0.00043023255813956496
1645244462881 3 11.578991000000002 0 869418 0.1719 0.00043023255813956496
1645244466760 3 11.823962999999992 0 897686 0.1776 0.00043023255813956496
1645244470765 3 11.814835000000016 0 960141 0.1907 0.00043023255813956496
1645244474688 3 11.805847999999997 0 914618 0.18080000000000002 0.00043023255813956496
1645244478667 3 11.799954000000014 0 949031 0.18819999999999998 0.00043023255813956496
1645244483091 3 11.542947999999996 0 919929 0.18280000000000002 0.00043023255813956496
1645244487032 3 11.536394999999999 0 930570 0.1844 0.00043023255813956496
1645244490902 3 11.775535999999988 0 894188 0.1766 0.00043023255813956496
1645244495163 3 11.510178999999994 0 835562 0.1656 0.00043023255813956496
1645244498716 3 11.753291999999988 0 986170 0.19519999999999998 0.00043023255813956496
1645244502716 3 11.746178999999984 0 955812 0.1896 0.00043023255813956496
1645244506470 3 11.992726000000005 0 837688 0.16570000000000001 0.00043023255813956496
1645244510495 3 11.985707999999988 0 972932 0.19290000000000002 0.00043023255813956496
1645244514691 3 11.980953 0 807690 0.1597 0.00043023255813956496
1645244518707 3 11.975218999999981 0 968173 0.1915 0.00043023255813956496
1645244522532 3 11.962760000000003 0 872734 0.1728 0.00043023255813956496
1645244526601 3 11.95898699999998 0 991679 0.1971 0.00043023255813956496
1645244530545 3 11.94464099999999 0 930061 0.18409999999999999 0.00043023255813956496
1645244534896 3 11.68365799999998 0 884740 0.17509999999999998 0.00043023255813956496
1645244538913 3 11.676327000000015 0 968599 0.19219999999999998 0.00043023255813956496
1645244542691 3 11.919068999999979 0 848189 0.1679 0.00043023255813956496
1645244546755 3 11.91144300000002 0 989262 0.1961 0.00043023255813956496
1645244550701 3 11.901292000000012 0 929927 0.1845 0.00043023255813956496
1645244554981 3 11.644110000000012 0 845977 0.1675 0.00043023255813956496
1645244558584 3 11.884220000000028 0 1009703 0.1998 0.00043023255813956496
1645244562897 3 11.62866200000002 0 861836 0.1708 0.00043023255813956496

