1645242829614 1 3.999999 8100 346799 0.7968 -34.83
1645242847355 3 4.3197220000000005 14063 755039 1.7359000000000002 -60.47072558139534
1645242866802 3 4.306514000000001 15430 835161 1.92 -66.34856976744187
1645242887962 3 4.421999000000001 17273 908792 2.088 -74.27346976744187
1645242906678 3 4.380038999999998 14679 804438 1.848 -63.11926976744186
1645242926006 3 4.259384999999998 15201 828659 1.9038 -65.36386976744186
1645242947808 3 4.413466 17960 937332 2.152 -77.22756976744186
1645242965910 3 4.323781 14020 776416 1.7838999999999998 -60.285569767441864
1645242989750 3 4.298545000000004 19817 1025687 2.3558 -85.21266976744187
1645243008759 3 4.308662000000005 15018 815426 1.8758 -64.57696976744185
1645243029358 3 4.284988000000006 16576 884625 2.036 -71.27636976744188
1645243050398 3 4.293524000000005 17043 904952 2.0799 -73.28446976744186
1645243072601 3 4.282366000000003 18197 954418 2.1919 -78.24666976744186
1645243093790 3 4.437370000000001 17344 910446 2.0917000000000003 -74.57876976744187
1645243115272 3 4.483327000000003 17529 922454 2.1197 -75.37426976744186
1645243137193 3 4.461915000000005 17897 942842 2.164 -76.95666976744187

