1645247071857 1 3.999999 5332 346799 0.516 -22.927599999999998
1645247075263 0 4.624502 0 213385 0.3168 0.00017441860465117198
1645247077492 0 6.395393 0 141806 0.21059999999999998 0.00006976744186043549
1645247079244 0 8.643522 0 112578 0.1654 0.00006976744186043549
1645247080540 0 11.346730999999998 0 80671 0.12 0.00006976744186043549
1645247084175 0 11.821342 0 68729 0.1031 0.00006976744186043549
1645247088326 0 11.561249999999998 0 137895 0.20400000000000001 0.00006976744186043549
1645247092142 0 11.804321999999999 0 114138 0.1703 0.00006976744186043549
1645247096128 0 11.797433000000002 0 126013 0.1872 0.00006976744186043549
1645247100478 0 11.541737000000001 0 217236 0.3236 0.00006976744186043549
1645247104350 0 11.700151000000005 0 219398 0.3265 0.00006976744186043549
1645247108589 0 11.525682000000003 0 177648 0.2641 0.00006976744186043549
1645247112167 0 11.768832000000003 0 166856 0.2473 0.00006976744186043549
1645247116606 0 11.510132000000006 0 223685 0.33330000000000004 0.00006976744186043549
1645247120282 0 11.752267000000003 0 206455 0.30720000000000003 0.00006976744186043549
1645247124209 0 11.741622 0 121534 0.1827 0.00006976744186043549
1645247128378 0 11.733879000000002 0 105092 0.15589999999999998 0.00006976744186043549
1645247131913 0 11.974366000000003 0 63086 0.0939 0.00006976744186043549
1645247136325 0 11.717014000000006 0 87739 0.1296 0.00006976744186043549
1645247140222 0 11.704801000000003 0 152905 0.22799999999999998 0.00006976744186043549
1645247144319 0 11.697164999999998 0 100587 0.1487 0.00006976744186043549
1645247148191 0 11.931218000000001 0 186001 0.27599999999999997 0.00006976744186043549
1645247152294 0 11.676613000000003 0 201620 0.2999 0.00006976744186043549
1645247156141 0 11.914243999999997 0 218012 0.3241 0.00006976744186043549
1645247160089 0 11.90155 0 123058 0.1849 0.00006976744186043549
1645247164160 0 11.89595 0 198856 0.29500000000000004 0.00006976744186043549
1645247168100 0 11.887012999999996 0 223061 0.333 0.00006976744186043549
1645247172358 0 11.629366000000005 0 143385 0.2136 0.00006976744186043549
1645247176191 0 11.872197999999997 0 117021 0.17270000000000002 0.00006976744186043549
1645247180033 0 11.860683000000009 0 83595 0.1224 0.00006976744186043549
1645247184153 0 11.853058000000004 0 68011 0.101 0.00006976744186043549
1645247188241 0 11.845533000000003 0 134264 0.1991 0.00006976744186043549
1645247192535 0 11.585554000000002 0 113722 0.16770000000000002 0.00006976744186043549
1645247196449 0 11.577686999999997 0 122694 0.1799 0.00006976744186043549
1645247200252 0 11.819417000000016 0 215146 0.31920000000000004 0.00006976744186043549
1645247204520 0 11.556965999999989 0 213339 0.3169 0.00006976744186043549
1645247208262 0 11.795152999999999 0 176949 0.264 0.00006976744186043549
1645247212218 0 11.789849000000004 0 158356 0.23490000000000003 0.00006976744186043549
1645247216115 0 11.783452000000011 0 219852 0.3287 0.00006976744186043549
1645247220144 0 11.772386000000012 0 196864 0.2929 0.00006976744186043549
1645247224476 0 11.51679200000001 0 116610 0.17270000000000002 0.00006976744186043549
1645247228198 0 11.758853000000016 0 107223 0.1607 0.00006976744186043549
1645247232254 0 11.751002999999997 0 64332 0.0936 0.00006976744186043549
1645247236193 0 11.741062999999997 0 88753 0.1318 0.00006976744186043549
1645247240088 0 11.98461900000001 0 153489 0.2279 0.00006976744186043549
1645247244207 0 11.72260700000001 0 101805 0.1513 0.00006976744186043549
1645247248106 0 11.96449100000001 0 186822 0.2786 0.00006976744186043549
1645247252190 0 11.704335000000015 0 200149 0.2976 0.00006976744186043549
1645247255982 0 11.942827999999992 0 215305 0.31920000000000004 0.00006976744186043549
1645247260001 0 11.934893000000017 0 128759 0.19190000000000002 0.00006976744186043549
1645247264065 0 11.925606000000016 0 199367 0.29510000000000003 0.00006976744186043549
1645247268460 0 11.663918999999993 0 220759 0.3287 0.00006976744186043549
1645247272293 0 11.655274999999989 0 149511 0.2233 0.00006976744186043549
1645247276161 0 11.89805899999999 0 118879 0.1754 0.00006976744186043549
1645247280038 0 11.891333000000003 0 85418 0.1273 0.00006976744186043549
1645247284160 0 11.88367199999999 0 68807 0.10069999999999998 0.00006976744186043549
1645247288250 0 11.877003000000002 0 132565 0.1968 0.00006976744186043549
1645247292122 0 11.868279000000001 0 117262 0.1758 0.00006976744186043549
1645247296456 0 11.607503000000008 0 116418 0.17250000000000001 0.00006976744186043549
1645247300382 0 11.598073999999997 0 223024 0.33140000000000003 0.00006976744186043549
1645247304170 0 11.840283999999997 0 214538 0.3191 0.00006976744186043549
1645247308435 0 11.580182000000008 0 178191 0.2665 0.00006976744186043549
1645247312443 0 11.570889999999991 0 161454 0.24 0.00006976744186043549
1645247316195 0 11.813375000000008 0 212225 0.3144 0.00006976744186043549
1645247320227 0 11.803018000000009 0 195858 0.2926 0.00006976744186043549
1645247324105 0 11.795117000000005 0 119665 0.1774 0.00006976744186043549
1645247328332 0 11.787982 0 108667 0.16060000000000002 0.00006976744186043549
1645247332410 0 11.52512200000001 0 64782 0.0959 0.00006976744186043549
1645247336318 0 11.765134999999987 0 87523 0.12940000000000002 0.00006976744186043549
1645247340235 0 11.75552700000003 0 155607 0.2304 0.00006976744186043549
1645247344335 0 11.744344000000012 0 100404 0.1488 0.00006976744186043549
1645247348160 0 11.739130999999986 0 183614 0.2711 0.00006976744186043549
1645247352214 0 11.72575999999998 0 197686 0.2949 0.00006976744186043549
1645247356062 0 11.968088000000023 0 217520 0.324 0.00006976744186043549
1645247360129 0 11.96187500000002 0 132353 0.1968 0.00006976744186043549
1645247364218 0 11.70506899999998 0 199853 0.2975 0.00006976744186043549
1645247368182 0 11.947460999999976 0 225614 0.3361 0.00006976744186043549
1645247372016 0 11.935923000000003 0 150477 0.2233 0.00006976744186043549
1645247376376 0 11.674738999999988 0 117995 0.17509999999999998 0.00006976744186043549
1645247380261 0 11.661590999999987 0 86503 0.1268 0.00006976744186043549
1645247384362 0 11.656589999999994 0 67335 0.0985 0.00006976744186043549
1645247388446 0 11.645257000000015 0 132169 0.1967 0.00006976744186043549
1645247392337 0 11.638747000000023 0 118800 0.1775 0.00006976744186043549
1645247396181 0 11.880583000000001 0 116618 0.1728 0.00006976744186043549

