1645246008056 1 3.999999 1377 346799 0.1266 -5.921099999999999
1645246011033 3 5.035876 0 755039 0.2753 0.000174418604651283
1645246014169 3 5.898178000000001 0 835161 0.3041 0.00043023255813956496
1645246017584 3 6.488761 0 908792 0.3312 0.00043023255813956496
1645246020623 3 7.504855999999998 0 804438 0.2933 0.00043023255813956496
1645246023786 3 8.33955 0 828659 0.3026 0.00043023255813956496
1645246027338 3 8.788903999999999 0 937332 0.3403 0.00043023255813956496
1645246030296 3 9.833518999999999 0 776416 0.2844 0.00043023255813956496
1645246036603 3 7.525790000000004 0 1025687 0.6189 0.00043023255813956496
1645246039814 3 8.313577000000002 0 815426 0.3021 0.00043023255813956496
1645246043174 3 8.953402000000004 0 884625 0.32320000000000004 0.00043023255813956496
1645246046598 3 9.533597 0 904952 0.32999999999999996 0.00043023255813956496
1645246050185 3 9.940913000000002 0 954418 0.3478 0.00043023255813956496
1645246053606 3 10.520253000000004 0 910446 0.3317 0.00043023255813956496
1645246057088 3 11.039022000000003 0 922454 0.3361 0.00043023255813956496
1645246060635 3 11.493489000000004 0 942842 0.344 0.00043023255813956496
1645246064464 3 11.868380000000002 0 884128 0.3222 0.00043023255813956496
1645246068587 3 11.611464000000005 0 828263 0.3025 0.00043023255813956496
1645246072268 3 11.85723800000001 0 981175 0.3583 0.00043023255813956496
1645246076302 3 11.853290999999999 0 939007 0.3432 0.00043023255813956496
1645246080475 3 11.843995000000007 0 841370 0.3069 0.00043023255813956496
1645246091570 3 4.555962000000008 0 947658 1.0974 0.00043023255813956496
1645246094896 3 5.236368999999996 0 828958 0.306 0.00043023255813956496
1645246098568 3 5.558108000000004 0 977791 0.3573 0.00043023255813956496
1645246101767 3 6.358764000000008 0 847215 0.3097 0.00043023255813956496
1645246105430 3 6.69444 0 978032 0.3566 0.00043023255813956496
1645246108944 3 7.184194000000005 0 934237 0.3412 0.00043023255813956496
1645246112294 3 7.833230999999998 0 889600 0.3247 0.00043023255813956496
1645246116013 3 8.113126000000008 0 988774 0.36110000000000003 0.00043023255813956496
1645246119068 3 9.05692400000001 0 808061 0.2956 0.00043023255813956496
1645246122804 3 9.320934000000008 0 995677 0.3632 0.00043023255813956496
1645246126303 3 9.826204000000004 0 924757 0.3379 0.00043023255813956496
1645246129363 3 10.766447 0 808228 0.2942 0.00043023255813956496
1645246133171 3 10.95496 0 1014212 0.3698 0.00043023255813956496
1645246136363 3 11.762439 0 845218 0.3089 0.00043023255813956496
1645246140286 3 11.959352999999993 0 910767 0.3319 0.00043023255813956496
1645246144187 3 11.953832000000006 0 901777 0.3295 0.00043023255813956496
1645246148321 3 11.943713000000002 0 967347 0.3532 0.00043023255813956496
1645246152349 3 11.932835000000011 0 935273 0.3417 0.00043023255813956496
1645246156301 3 11.926912000000016 0 916928 0.33490000000000003 0.00043023255813956496
1645246160333 3 11.915679000000011 0 940743 0.3432 0.00043023255813956496
1645246164635 3 11.655681000000016 0 877888 0.3204 0.00043023255813956496
1645246168309 3 11.895932000000016 0 839766 0.307 0.00043023255813956496
1645246172477 3 11.882386999999994 0 976062 0.3565 0.00043023255813956496
1645246176581 3 11.624089999999995 0 958353 0.3507 0.00043023255813956496
1645246180744 3 11.614409999999992 0 836268 0.3053 0.00043023255813956496
1645246184387 3 11.73900599999999 0 968967 0.35409999999999997 0.00043023255813956496
1645246188503 3 11.847466999999995 0 825839 0.3016 0.00043023255813956496
1645246192154 3 11.972928999999993 0 974212 0.3551 0.00043023255813956496
1645246196428 3 11.82979499999999 0 867483 0.3174 0.00043023255813956496
1645246200131 3 11.994242000000014 0 987232 0.36019999999999996 0.00043023255813956496
1645246204594 3 11.562883999999997 0 921956 0.3362 0.00043023255813956496
1645246208529 3 11.805059999999997 0 913803 0.33340000000000003 0.00043023255813956496
1645246212623 3 11.546729999999997 0 958215 0.34950000000000003 0.00043023255813956496
1645246216759 3 11.440692000000013 0 832934 0.3036 0.00043023255813956496
1645246220532 3 11.59371999999999 0 1005593 0.36760000000000004 0.00043023255813956496
1645246224551 3 11.774209000000013 0 935985 0.3415 0.00043023255813956496
1645246228583 3 11.763863000000015 0 802415 0.2933 0.00043023255813956496
1645246232332 3 11.793691999999993 0 999009 0.3648 0.00043023255813956496
1645246236614 3 11.741869000000008 0 869418 0.3177 0.00043023255813956496
1645246240510 3 11.737696 0 897686 0.3296 0.00043023255813956496
1645246244616 3 11.726811999999995 0 960141 0.35 0.00043023255813956496
1645246248133 3 11.999299000000008 0 914618 0.3355 0.00043023255813956496
1645246252207 3 11.944755000000015 0 949031 0.3463 0.00043023255813956496
1645246256680 3 11.687111000000016 0 919929 0.33490000000000003 0.00043023255813956496
1645246260190 3 11.94144700000001 0 930570 0.33940000000000003 0.00043023255813956496
1645246264552 3 11.672128999999984 0 894188 0.32480000000000003 0.00043023255813956496
1645246268704 3 11.66004700000002 0 835562 0.3053 0.00043023255813956496
1645246272415 3 11.714406999999994 0 986170 0.3603 0.00043023255813956496
1645246276514 3 11.642971999999986 0 955812 0.3491 0.00043023255813956496
1645246280675 3 11.630808000000002 0 837688 0.3056 0.00043023255813956496
1645246284327 3 11.798176000000012 0 972932 0.3549 0.00043023255813956496
1645246288373 3 11.864892999999995 0 807690 0.2941 0.00043023255813956496
1645246292505 3 11.842822000000012 0 968173 0.3528 0.00043023255813956496
1645246296284 3 11.849437000000023 0 872734 0.3182 0.00043023255813956496
1645246300509 3 11.773864000000003 0 991679 0.3621 0.00043023255813956496
1645246304513 3 11.831389000000001 0 930061 0.3388 0.00043023255813956496
1645246308342 3 11.821312999999975 0 884740 0.323 0.00043023255813956496
1645246312484 3 11.815706999999975 0 968599 0.35409999999999997 0.00043023255813956496
1645246316678 3 11.554977000000008 0 848189 0.309 0.00043023255813956496
1645246320392 3 11.733049999999992 0 989262 0.3613 0.00043023255813956496
1645246324393 3 11.793333000000018 0 929927 0.3396 0.00043023255813956496
1645246328575 3 11.78404599999999 0 845977 0.3083 0.00043023255813956496
1645246332360 3 11.76535899999999 0 1009703 0.3684 0.00043023255813956496
1645246336606 3 11.765399000000002 0 861836 0.3144 0.00043023255813956496

