1645243427642 1 3.999999 1521 346799 0.1399 -6.5403
1645243430001 1 5.634888999999999 0 363755 0.1463 0.00017441860465117198
1645243431574 1 8.063328 0 362842 0.1457 0.00017441860465117198
1645243433239 1 10.396047000000001 0 384791 0.1537 0.00017441860465117198
1645243435724 1 11.923722999999999 0 339137 0.1367 0.00017441860465117198
1645243439922 1 11.916172999999999 0 393219 0.15760000000000002 0.00017441860465117198
1645243444180 1 11.654591999999997 0 406206 0.1631 0.00017441860465117198
1645243448033 1 11.641881999999999 0 303135 0.1216 0.00017441860465117198
1645243451822 1 11.887707000000002 0 414092 0.16670000000000001 0.00017441860465117198
1645243455805 1 11.880347000000004 0 337705 0.1359 0.00017441860465117198
1645243459898 1 11.871099000000001 0 366374 0.14750000000000002 0.00017441860465117198
1645243463938 1 11.864704000000003 0 352030 0.1413 0.00017441860465117198
1645243468070 1 11.608639000000004 0 371605 0.1494 0.00017441860465117198
1645243472241 1 11.596861000000004 0 385670 0.1542 0.00017441860465117198
1645243475880 1 11.836730000000003 0 374050 0.1503 0.00017441860465117198
1645243479973 1 11.827996000000006 0 367058 0.1478 0.00017441860465117198
1645243484108 1 11.570747000000004 0 377983 0.1524 0.00017441860465117198
1645243488038 1 11.810531000000005 0 326924 0.13140000000000002 0.00017441860465117198
1645243492218 1 11.555582999999999 0 388939 0.15589999999999998 0.00017441860465117198
1645243495922 1 11.798750999999996 0 392939 0.1582 0.00017441860465117198
1645243499997 1 11.792417999999998 0 362131 0.14550000000000002 0.00017441860465117198
1645243504246 1 11.529485000000008 0 402712 0.1619 0.00017441860465117198
1645243508202 1 11.519383000000005 0 327400 0.1319 0.00017441860465117198
1645243511930 1 11.765318000000008 0 401133 0.16160000000000002 0.00017441860465117198
1645243516326 1 11.508646999999996 0 317452 0.1273 0.00017441860465117198
1645243520022 1 11.752761000000007 0 391753 0.1573 0.00017441860465117198
1645243523694 1 11.997584000000003 0 384934 0.15460000000000002 0.00017441860465117198
1645243527803 1 11.992452 0 367179 0.1476 0.00017441860465117198
1645243532052 1 11.732815000000002 0 387965 0.1564 0.00017441860465117198
1645243536001 1 11.725566999999998 0 333821 0.1338 0.00017441860465117198
1645243539698 1 11.962064999999996 0 394452 0.1584 0.00017441860465117198
1645243543953 1 11.706506000000005 0 409513 0.1635 0.00017441860465117198
1645243547811 1 11.951127 0 307174 0.12350000000000001 0.00017441860465117198
1645243552170 1 11.694336000000007 0 420407 0.1688 0.00017441860465117198
1645243556179 1 11.677400000000006 0 340231 0.13720000000000002 0.00017441860465117198
1645243559805 1 11.911114999999995 0 374730 0.1498 0.00017441860465117198
1645243563865 1 11.905922000000004 0 353022 0.14150000000000001 0.00017441860465117198
1645243568073 1 11.646489000000003 0 393253 0.1577 0.00017441860465117198
1645243572190 1 11.634670999999997 0 368813 0.1479 0.00017441860465117198
1645243575826 1 11.879165 0 372578 0.1496 0.00017441860465117198
1645243579972 1 11.868412000000006 0 374507 0.15009999999999998 0.00017441860465117198
1645243584097 1 11.611253000000005 0 372824 0.15 0.00017441860465117198
1645243588033 1 11.852262999999994 0 326437 0.1308 0.00017441860465117198
1645243592189 1 11.573298999999992 0 383127 0.1543 0.00017441860465117198
1645243595933 1 11.813627999999994 0 400632 0.1609 0.00017441860465117198
1645243599934 1 11.806574000000012 0 342596 0.1373 0.00017441860465117198
1645243604251 1 11.543442999999996 0 407655 0.1636 0.00017441860465117198
1645243608225 1 11.535066 0 337450 0.1355 0.00017441860465117198
1645243612142 1 11.700613000000004 0 404220 0.1628 0.00017441860465117198
1645243615909 0 11.938412999999997 0 128759 0.051500000000000004 0.00017441860465117198
1645243619821 0 11.930690999999996 0 199367 0.07980000000000001 0.00006976744186043549
1645243623870 0 11.92000200000001 0 220759 0.0913 0.00006976744186043549
1645243628132 0 11.663644000000005 0 149511 0.063 0.00006976744186043549
1645243631766 0 11.905274999999989 0 118879 0.0496 0.00006976744186043549
1645243635764 0 11.890436999999991 0 85418 0.0365 0.00006976744186043549
1645243640187 0 11.632761000000016 0 68807 0.0299 0.00006976744186043549
1645243643866 0 11.870778999999999 0 132565 0.055700000000000006 0.00006976744186043549
1645243647992 0 11.86401699999999 0 117262 0.0497 0.00006976744186043549
1645243652113 0 11.598670999999996 0 116418 0.0497 0.00006976744186043549
1645243656181 0 11.592115000000007 0 223024 0.0927 0.00006976744186043549
1645243660200 0 11.586152999999996 0 214538 0.0893 0.00006976744186043549
1645243664087 0 11.581761 0 178191 0.0742 0.00006976744186043549
1645243667908 0 11.823335000000014 0 161454 0.0683 0.00006976744186043549
1645243671932 0 11.820346999999998 0 212225 0.0875 0.00006976744186043549
1645243675867 0 11.81154699999999 0 195858 0.081 0.00006976744186043549
1645243679996 0 11.80037999999999 0 119665 0.0504 0.00006976744186043549
1645243684117 0 11.54087400000003 0 108667 0.0466 0.00006976744186043549
1645243688027 0 11.785093000000018 0 64782 0.0288 0.00006976744186043549
1645243692026 0 11.775899999999979 0 87523 0.038400000000000004 0.00006976744186043549
1645243696305 0 11.519081000000028 0 155607 0.066 0.00006976744186043549
1645243700371 0 11.508823000000007 0 100404 0.0433 0.00006976744186043549
1645243703745 0 11.983683999999982 0 183614 0.0756 0.00006976744186043549
1645243707685 0 11.975070000000017 0 197686 0.0822 0.00006976744186043549
1645243711712 0 11.971727999999985 0 217520 0.0897 0.00006976744186043549
1645243715917 0 11.964616999999976 0 132353 0.055700000000000006 0.00006976744186043549
1645243719883 0 11.927159000000017 0 199853 0.0834 0.00006976744186043549
1645243723937 0 11.921554000000015 0 225614 0.09290000000000001 0.00006976744186043549
1645243728214 0 11.647003999999981 0 150477 0.0638 0.00006976744186043549
1645243731840 0 11.884810000000016 0 117995 0.0501 0.00006976744186043549
1645243735843 0 11.877294000000006 0 86503 0.0377 0.00006976744186043549
1645243740263 0 11.620666000000028 0 67335 0.0295 0.00006976744186043549
1645243743964 0 11.801016000000004 0 132169 0.055700000000000006 0.00006976744186043549
1645243748094 0 11.546577000000013 0 118800 0.0502 0.00006976744186043549
1645243752219 0 11.536662999999976 0 116618 0.0497 0.00006976744186043549

