1645243174287 1 3.999999 1514 346799 0.1389 -6.5102
1645243175336 0 6.96478 0 213385 0.0848 0.00017441860465117198
1645243175997 0 10.304359000000002 0 141806 0.05669999999999999 0.00006976744186043549
1645243178549 0 11.773733 0 112578 0.0455 0.00006976744186043549
1645243183010 0 11.516195 0 80671 0.0355 0.00006976744186043549
1645243186905 0 11.508223 0 68729 0.03 0.00006976744186043549
1645243190589 0 11.750964 0 137895 0.0581 0.00006976744186043549
1645243194705 0 11.745579 0 114138 0.0486 0.00006976744186043549
1645243198350 0 11.985208000000004 0 126013 0.053500000000000006 0.00006976744186043549
1645243202352 0 11.978320000000004 0 217236 0.0902 0.00006976744186043549
1645243206361 0 11.970579 0 219398 0.0911 0.00006976744186043549
1645243210700 0 11.716107000000001 0 177648 0.0737 0.00006976744186043549
1645243214493 0 11.958052000000002 0 166856 0.06949999999999999 0.00006976744186043549
1645243218528 0 11.951168000000003 0 223685 0.093 0.00006976744186043549
1645243222487 0 11.946078 0 206455 0.0851 0.00006976744186043549
1645243226611 0 11.936664 0 121534 0.051500000000000004 0.00006976744186043549
1645243230663 0 11.680078000000002 0 105092 0.045 0.00006976744186043549
1645243234540 0 11.920936000000005 0 63086 0.027100000000000003 0.00006976744186043549
1645243238526 0 11.915783000000005 0 87739 0.038400000000000004 0.00006976744186043549
1645243242773 0 11.66102500000001 0 152905 0.0637 0.00006976744186043549
1645243246801 0 11.654297999999997 0 100587 0.0427 0.00006976744186043549
1645243250676 0 11.647182 0 186001 0.078 0.00006976744186043549
1645243254622 0 11.889566000000002 0 201620 0.0841 0.00006976744186043549
1645243258622 0 11.881004000000004 0 218012 0.0901 0.00006976744186043549
1645243262742 0 11.624164000000007 0 123058 0.0522 0.00006976744186043549
1645243266667 0 11.868401000000006 0 198856 0.0829 0.00006976744186043549
1645243270783 0 11.607532000000006 0 223061 0.0925 0.00006976744186043549
1645243274487 0 11.846029999999999 0 143385 0.06 0.00006976744186043549
1645243278582 0 11.832450000000009 0 117021 0.0493 0.00006976744186043549
1645243282540 0 11.825849000000005 0 83595 0.0358 0.00006976744186043549
1645243286939 0 11.571956 0 68011 0.0299 0.00006976744186043549
1645243290606 0 11.81371 0 134264 0.056100000000000004 0.00006976744186043549
1645243294681 0 11.799823000000004 0 113722 0.0479 0.00006976744186043549
1645243298794 0 11.53852400000001 0 122694 0.0513 0.00006976744186043549
1645243302778 0 11.532006999999993 0 215146 0.0888 0.00006976744186043549
1645243306763 0 11.771889000000016 0 213339 0.0879 0.00006976744186043549
1645243310605 0 11.764527000000015 0 176949 0.074 0.00006976744186043549
1645243314865 0 11.506790999999993 0 158356 0.0664 0.00006976744186043549
1645243318878 0 11.497060000000005 0 219852 0.0912 0.00006976744186043549
1645243322791 0 11.593795 0 196864 0.08149999999999999 0.00006976744186043549
1645243326377 0 11.984079000000008 0 116610 0.0492 0.00006976744186043549
1645243330434 0 11.975206000000014 0 107223 0.0461 0.00006976744186043549
1645243334823 0 11.719331000000011 0 64332 0.028100000000000003 0.00006976744186043549
1645243338805 0 11.712644000000012 0 88753 0.0381 0.00006976744186043549
1645243342562 0 11.949038000000002 0 153489 0.0654 0.00006976744186043549
1645243346602 0 11.942101000000008 0 101805 0.0433 0.00006976744186043549
1645243350487 0 11.93329399999999 0 186822 0.0785 0.00006976744186043549
1645243354424 0 11.918593000000016 0 200149 0.08349999999999999 0.00006976744186043549
1645243358411 0 11.905585000000002 0 215305 0.0886 0.00006976744186043549
1645243362574 0 11.895826999999997 0 128759 0.05550000000000001 0.00006976744186043549
1645243366495 0 11.888552000000004 0 199367 0.0822 0.00006976744186043549
1645243370510 0 11.877808000000016 0 220759 0.0912 0.00006976744186043549
1645243374738 0 11.620159999999998 0 149511 0.0624 0.00006976744186043549
1645243378854 0 11.61425299999999 0 118879 0.0507 0.00006976744186043549
1645243382824 0 11.594243000000006 0 85418 0.0372 0.00006976744186043549
1645243386728 0 11.600995000000012 0 68807 0.0301 0.00006976744186043549
1645243390895 0 11.591313000000014 0 132565 0.056299999999999996 0.00006976744186043549
1645243394498 0 11.833719000000002 0 117262 0.0503 0.00006976744186043549
1645243398592 0 11.827548000000007 0 116418 0.0491 0.00006976744186043549
1645243402615 0 11.821303 0 223024 0.0922 0.00006976744186043549
1645243406606 0 11.817792999999995 0 214538 0.0888 0.00006976744186043549
1645243410951 0 11.551591000000002 0 178191 0.075 0.00006976744186043549
1645243414721 0 11.793743000000006 0 161454 0.06720000000000001 0.00006976744186043549
1645243418704 0 11.785875000000004 0 212225 0.088 0.00006976744186043549
1645243422614 0 11.776765000000012 0 195858 0.08070000000000001 0.00006976744186043549
1645243426720 0 11.772064999999998 0 119665 0.0503 0.00006976744186043549
1645243430791 0 11.75996600000002 0 108667 0.0468 0.00006976744186043549
1645243434670 0 11.75275099999999 0 64782 0.028199999999999996 0.00006976744186043549
1645243438645 0 11.742903000000013 0 87523 0.0378 0.00006976744186043549
1645243442399 0 11.985782000000029 0 155607 0.0654 0.00006976744186043549
1645243446438 0 11.977321000000018 0 100404 0.0429 0.00006976744186043549
1645243450807 0 11.72180400000002 0 183614 0.0761 0.00006976744186043549
1645243454725 0 11.714289000000008 0 197686 0.08199999999999999 0.00006976744186043549
1645243458732 0 11.707048999999984 0 217520 0.0905 0.00006976744186043549
1645243462400 0 11.948453000000029 0 132353 0.056299999999999996 0.00006976744186043549
1645243466840 0 11.694011999999987 0 199853 0.0833 0.00006976744186043549
1645243470374 0 11.93818600000003 0 225614 0.0935 0.00006976744186043549
1645243474616 0 11.930037000000027 0 150477 0.06420000000000001 0.00006976744186043549
1645243478714 0 11.673787000000004 0 117995 0.0498 0.00006976744186043549
1645243482695 0 11.666941000000008 0 86503 0.0369 0.00006976744186043549
1645243486591 0 11.906978999999978 0 67335 0.029599999999999998 0.00006976744186043549
1645243490755 0 11.649314000000004 0 132169 0.0558 0.00006976744186043549
1645243494856 0 11.645129999999995 0 118800 0.0504 0.00006976744186043549
1645243498444 0 11.88885700000003 0 116618 0.0491 0.00006976744186043549
1645243502475 0 11.876492999999982 0 222296 0.09240000000000001 0.00006976744186043549

