1645253376201 1 3.999999 823 346799 0.0703 -3.5388999999999995
1645253378126 1 6.109671 0 363755 0.0736 0.00017441860465117198
1645253380052 3 8.18435 0 835161 0.16999999999999998 0.000174418604651283
1645253382023 3 10.212364 0 908792 0.18560000000000001 0.00043023255813956496
1645253384777 3 11.681982 0 804438 0.1641 0.00043023255813956496
1645253388594 3 11.665099 0 828659 0.16899999999999998 0.00043023255813956496
1645253392647 3 11.661559999999998 0 937332 0.1924 0.00043023255813956496
1645253396353 3 11.906661 0 776416 0.1584 0.00043023255813956496
1645253400593 3 11.651995000000003 0 1025687 0.2091 0.00043023255813956496
1645253404401 3 11.880903000000004 0 815426 0.16670000000000001 0.00043023255813956496
1645253408828 3 11.624505 0 884625 0.181 0.00043023255813956496
1645253412796 3 11.621151000000005 0 904952 0.18480000000000002 0.00043023255813956496
1645253416545 3 11.720654000000003 0 954418 0.194 0.00043023255813956496
1645253420529 3 11.709468000000001 0 910446 0.1857 0.00043023255813956496
1645253424541 3 11.697124000000002 0 922454 0.1883 0.00043023255813956496
1645253428593 3 11.690835 0 942842 0.1925 0.00043023255813956496
1645253432514 3 11.933659000000006 0 884128 0.1804 0.00043023255813956496
1645253436335 3 11.927530000000004 0 828263 0.1688 0.00043023255813956496
1645253440456 3 11.915149999999997 0 981175 0.1993 0.00043023255813956496
1645253444520 3 11.871124000000009 0 939007 0.1897 0.00043023255813956496
1645253448394 3 11.862954000000002 0 841370 0.1719 0.00043023255813956496
1645253452472 3 11.852749000000003 0 947658 0.1933 0.00043023255813956496
1645253456798 3 11.59366 0 828958 0.1691 0.00043023255813956496
1645253460416 3 11.836841000000007 0 977791 0.1996 0.00043023255813956496
1645253464777 3 11.580758000000003 0 847215 0.17170000000000002 0.00043023255813956496
1645253468879 3 11.573115999999999 0 978032 0.1995 0.00043023255813956496
1645253472924 3 11.557513 0 934237 0.1906 0.00043023255813956496
1645253476861 3 11.527397000000008 0 889600 0.1812 0.00043023255813956496
1645253480495 3 11.768780000000007 0 988774 0.20190000000000002 0.00043023255813956496
1645253484760 3 11.513813999999996 0 808061 0.1651 0.00043023255813956496
1645253488903 3 11.505492000000004 0 995677 0.2029 0.00043023255813956496
1645253492405 3 11.996437 0 924757 0.1887 0.00043023255813956496
1645253496677 3 11.694597000000002 0 808228 0.16499999999999998 0.00043023255813956496
1645253500376 3 11.973562999999999 0 1014212 0.2069 0.00043023255813956496
1645253504720 3 11.709460000000007 0 845218 0.1721 0.00043023255813956496
1645253508691 3 11.694522000000006 0 910767 0.1861 0.00043023255813956496
1645253512654 3 11.685563000000002 0 901777 0.18380000000000002 0.00043023255813956496
1645253516750 3 11.671715000000006 0 967347 0.1968 0.00043023255813956496
1645253520779 3 11.648674999999997 0 935273 0.1908 0.00043023255813956496
1645253524773 3 11.643531999999993 0 916928 0.1873 0.00043023255813956496
1645253528806 3 11.630777999999992 0 940743 0.1916 0.00043023255813956496
1645253532727 3 11.624911999999995 0 877888 0.17909999999999998 0.00043023255813956496
1645253536583 3 11.744282999999996 0 839766 0.17170000000000002 0.00043023255813956496
1645253540705 3 11.739420999999993 0 976062 0.1995 0.00043023255813956496
1645253544292 3 11.98021 0 958353 0.19590000000000002 0.00043023255813956496
1645253548611 3 11.723668000000004 0 836268 0.1704 0.00043023255813956496
1645253552703 3 11.715543999999994 0 968967 0.1978 0.00043023255813956496
1645253556533 3 11.711272000000008 0 825839 0.1685 0.00043023255813956496
1645253560673 3 11.702950000000016 0 974212 0.19890000000000002 0.00043023255813956496
1645253564699 0 11.697372999999999 0 128759 0.026500000000000003 0.00043023255813956496
1645253568720 0 11.691844000000003 0 199367 0.0402 0.00006976744186043549
1645253572305 0 11.933996000000008 0 220759 0.046200000000000005 0.00006976744186043549
1645253576316 0 11.927233000000001 0 149511 0.0386 0.00006976744186043549
1645253580831 0 11.654136999999992 0 118879 0.0339 0.00006976744186043549
1645253584741 0 11.591073999999992 0 85418 0.026000000000000002 0.00006976744186043549
1645253588585 0 11.835020000000014 0 68807 0.0222 0.00006976744186043549
1645253592546 0 11.828910000000008 0 132565 0.035199999999999995 0.00006976744186043549
1645253596505 0 11.821088000000003 0 117262 0.0324 0.00006976744186043549
1645253600440 0 11.815968999999996 0 116418 0.0315 0.00006976744186043549
1645253604628 0 11.810553999999996 0 223024 0.0536 0.00006976744186043549
1645253608782 0 11.543170000000003 0 214538 0.0518 0.00006976744186043549
1645253612862 0 11.536864000000008 0 178191 0.0443 0.00006976744186043549
1645253616905 0 11.360064999999992 0 161454 0.0411 0.00006976744186043549
1645253620539 0 11.765845000000013 0 212225 0.0514 0.00006976744186043549
1645253624662 0 11.760369999999995 0 195858 0.0482 0.00006976744186043549
1645253628596 0 11.751249000000001 0 119665 0.0322 0.00006976744186043549
1645253632520 0 11.744447999999977 0 108667 0.0308 0.00006976744186043549
1645253636360 0 11.984383999999977 0 64782 0.0213 0.00006976744186043549
1645253640736 0 11.727412000000015 0 87523 0.0256 0.00006976744186043549
1645253644753 0 11.713594999999998 0 155607 0.039400000000000004 0.00006976744186043549
1645253648665 0 11.689135000000022 0 100404 0.0283 0.00006976744186043549
1645253652740 0 11.685009999999977 0 183614 0.0454 0.00006976744186043549
1645253656357 0 11.928962000000013 0 197686 0.0482 0.00006976744186043549
1645253660508 0 11.921807000000001 0 217520 0.0521 0.00006976744186043549
1645253664481 0 11.914462000000015 0 132353 0.034699999999999995 0.00006976744186043549
1645253668578 0 11.903554999999983 0 199853 0.0485 0.00006976744186043549
1645253672745 0 11.614193 0 225614 0.053700000000000005 0.00006976744186043549
1645253676747 0 11.493777000000023 0 150477 0.0387 0.00006976744186043549
1645253680701 0 11.601658999999984 0 117995 0.0317 0.00006976744186043549
1645253684570 0 11.845446999999979 0 86503 0.0257 0.00006976744186043549
1645253688411 0 11.838516000000027 0 67335 0.0221 0.00006976744186043549
1645253692887 0 11.582663000000025 0 132169 0.034699999999999995 0.00006976744186043549
1645253696826 0 11.57180900000003 0 118800 0.0324 0.00006976744186043549
1645253700768 0 11.565556000000015 0 116618 0.0324 0.00006976744186043549

