1645239315615 1 3.999999 1746 346799 0.1622 -7.5078
1645239318155 2 5.46509 0 500350 0.23420000000000002 0.000174418604651283
1645239320807 2 6.813383000000001 0 545518 0.2551 0.00027906976744174194
1645239323641 2 7.978154 0 584100 0.2736 0.00027906976744174194
1645239326138 2 9.483467 0 512169 0.2398 0.00027906976744174194
1645239328945 2 10.675800999999998 0 578121 0.27080000000000004 0.00027906976744174194
1645239332026 2 11.593142 0 636691 0.2978 0.00027906976744174194
1645239336068 2 11.698841999999999 0 519743 0.24380000000000002 0.00027906976744174194
1645239339738 2 11.940419000000002 0 653153 0.30670000000000003 0.00027906976744174194
1645239343834 2 11.927351000000002 0 531618 0.2495 0.00027906976744174194
1645239348187 2 11.668808000000006 0 588952 0.2752 0.00027906976744174194
1645239351987 2 11.661520000000003 0 575427 0.26949999999999996 0.00027906976744174194
1645239355817 2 11.903992000000002 0 582800 0.2734 0.00027906976744174194
1645239359822 2 11.892857 0 619183 0.29009999999999997 0.00027906976744174194
1645239364200 2 11.633504000000002 0 592095 0.2777 0.00027906976744174194
1645239368058 2 11.627718999999999 0 588643 0.27559999999999996 0.00027906976744174194
1645239371994 2 11.861623000000002 0 604781 0.2835 0.00027906976744174194
1645239375972 2 11.853801000000004 0 504428 0.2363 0.00027906976744174194
1645239379929 2 11.844963000000007 0 608117 0.28559999999999997 0.00027906976744174194
1645239384053 2 11.582775999999996 0 645520 0.3024 0.00027906976744174194
1645239388270 2 11.568345000000008 0 557793 0.2616 0.00027906976744174194
1645239391852 2 11.802352999999997 0 635530 0.2985 0.00027906976744174194
1645239395900 2 11.794874000000007 0 520041 0.2434 0.00027906976744174194
1645239400082 2 11.784631000000005 0 656205 0.3081 0.00027906976744174194
1645239404108 2 11.525998000000001 0 516287 0.2419 0.00027906976744174194
1645239408174 2 11.516171999999997 0 627180 0.2964 0.00027906976744174194
1645239411657 2 11.962625000000003 0 603841 0.2844 0.00027906976744174194
1645239415991 2 11.701963000000006 0 582703 0.27349999999999997 0.00027906976744174194
1645239420036 2 11.69529 0 626605 0.29369999999999996 0.00027906976744174194
1645239424149 2 11.683019999999999 0 535113 0.251 0.00027906976744174194
1645239427738 2 11.925351000000006 0 638212 0.29860000000000003 0.00027906976744174194
1645239431734 2 11.915975000000003 0 615017 0.2888 0.00027906976744174194
1645239435838 2 11.907714999999996 0 533736 0.2502 0.00027906976744174194
1645239440053 2 11.653241000000008 0 661250 0.3103 0.00027906976744174194
1645239443728 2 11.899384999999995 0 547682 0.2573 0.00027906976744174194
1645239448122 2 11.640772999999996 0 594286 0.2794 0.00027906976744174194
1645239452037 2 11.631528000000003 0 599508 0.2812 0.00027906976744174194
1645239455964 2 11.872413999999992 0 599347 0.282 0.00027906976744174194
1645239459928 2 11.865173999999996 0 609977 0.2862 0.00027906976744174194
1645239463867 2 11.847671999999989 0 604926 0.2833 0.00027906976744174194
1645239468267 2 11.599829 0 594986 0.27999999999999997 0.00027906976744174194
1645239472121 2 11.590074000000016 0 588726 0.2759 0.00027906976744174194
1645239476179 2 11.582969999999989 0 523106 0.24559999999999998 0.00027906976744174194
1645239480181 2 11.573513999999989 0 618775 0.2906 0.00027906976744174194
1645239484293 2 11.56424100000001 0 642262 0.30110000000000003 0.00027906976744174194
1645239487996 2 11.804207999999988 0 553119 0.2602 0.00027906976744174194
1645239492099 2 11.541071000000017 0 640678 0.30019999999999997 0.00027906976744174194
1645239496219 2 11.528558000000004 0 535087 0.2515 0.00027906976744174194
1645239500348 2 11.52100999999999 0 645101 0.3024 0.00027906976744174194
1645239503998 2 11.761526000000003 0 542740 0.2544 0.00027906976744174194
1645239508083 2 11.752869000000004 0 635250 0.29769999999999996 0.00027906976744174194
1645239512035 2 11.740079000000009 0 607370 0.2848 0.00027906976744174194
1645239515961 2 11.728372000000007 0 601045 0.2821 0.00027906976744174194
1645239519906 2 11.721948999999995 0 605033 0.2841 0.00027906976744174194
1645239523994 2 11.714945 0 530643 0.24889999999999998 0.00027906976744174194
1645239528150 2 11.706735000000009 0 652691 0.30569999999999997 0.00027906976744174194
1645239532113 2 11.694747000000007 0 609815 0.2861 0.00027906976744174194
1645239535764 2 11.936065000000013 0 544612 0.2549 0.00027906976744174194
1645239539827 2 11.927087999999998 0 632508 0.2963 0.00027906976744174194
1645239544162 2 11.671137000000016 0 583029 0.27349999999999997 0.00027906976744174194
1645239548113 2 11.663027 0 609324 0.2854 0.00027906976744174194
1645239551997 2 11.657499999999999 0 593619 0.2783 0.00027906976744174194
1645239555981 2 11.651162999999997 0 613859 0.2884 0.00027906976744174194
1645239559930 2 11.893481000000008 0 608720 0.28559999999999997 0.00027906976744174194
1645239563881 2 11.888554999999997 0 606705 0.2853 0.00027906976744174194
1645239567767 2 11.881872000000016 0 593343 0.2785 0.00027906976744174194
1645239572131 2 11.62315799999999 0 587405 0.2761 0.00027906976744174194
1645239576118 2 11.617480999999998 0 509910 0.2386 0.00027906976744174194
1645239580148 2 11.606716000000006 0 624112 0.2933 0.00027906976744174194
1645239584212 2 11.587800000000016 0 631553 0.2967 0.00027906976744174194
1645239587928 2 11.824887999999987 0 558385 0.2616 0.00027906976744174194
1645239592044 2 11.818581999999992 0 642127 0.3016 0.00027906976744174194
1645239596130 2 11.55991899999998 0 530123 0.2488 0.00027906976744174194
1645239600261 2 11.553711000000021 0 646460 0.30310000000000004 0.00027906976744174194
1645239603912 2 11.78904 0 544018 0.2548 0.00027906976744174194
1645239608022 2 11.77950199999998 0 639772 0.3005 0.00027906976744174194
1645239612013 2 11.771389999999997 0 616543 0.2893 0.00027906976744174194
1645239615863 2 11.761013999999989 0 585544 0.2752 0.00027906976744174194
1645239620308 2 11.504083999999978 0 607252 0.2847 0.00027906976744174194
1645239623907 2 11.739942999999982 0 534940 0.2501 0.00027906976744174194
1645239627997 2 11.72977800000001 0 638300 0.29900000000000004 0.00027906976744174194
1645239632036 2 11.725958999999989 0 626429 0.2932 0.00027906976744174194
1645239635672 2 11.96869300000003 0 538866 0.253 0.00027906976744174194
1645239639765 2 11.957249999999988 0 636237 0.29900000000000004 0.00027906976744174194

