1645249901580 1 3.999999 1046 346799 0.0916 -4.4978
1645249905280 4 4.32428 0 1312552 0.3485 0.000174418604651283
1645249909062 4 4.539545 0 1383123 0.3675 0.000662790697674609
1645249913025 4 4.574777000000001 0 1451767 0.38530000000000003 0.000662790697674609
1645249916597 4 4.999658999999999 0 1308083 0.34700000000000003 0.000662790697674609
1645249920144 4 5.454839999999997 0 1299338 0.34500000000000003 0.000662790697674609
1645249924118 4 5.479177999999997 0 1453833 0.38639999999999997 0.000662790697674609
1645249927627 4 5.974996999999998 0 1280990 0.33999999999999997 0.000662790697674609
1645249932017 4 5.582743000000004 0 1612910 0.4284 0.000662790697674609
1645249935347 4 6.252276000000002 0 1213987 0.3223 0.000662790697674609
1645249939116 4 6.4810700000000026 0 1380918 0.3665 0.000662790697674609
1645249942766 4 6.831752999999999 0 1334467 0.3538 0.000662790697674609
1645249946764 4 6.833296000000004 0 1463126 0.3886 0.000662790697674609
1645249950641 4 6.9601299999999995 0 1421742 0.37679999999999997 0.000662790697674609
1645249954581 4 7.015013000000003 0 1436771 0.3812 0.000662790697674609
1645249958465 4 7.132419000000006 0 1425347 0.3785 0.000662790697674609
1645249962198 4 7.3997130000000055 0 1366001 0.3629 0.000662790697674609
1645249965702 4 7.893608 0 1281785 0.3404 0.000662790697674609
1645249969828 4 7.770232000000007 0 1514044 0.40199999999999997 0.000662790697674609
1645249973743 4 7.861514999999997 0 1432783 0.38 0.000662790697674609
1645249977570 4 8.028598000000002 0 1401397 0.3715 0.000662790697674609
1645249981527 4 8.070356000000004 0 1450362 0.3851 0.000662790697674609
1645249984983 4 8.613571000000007 0 1266375 0.3363 0.000662790697674609
1645249989075 4 8.527499000000006 0 1497932 0.3971 0.000662790697674609
1645249992651 4 8.945278000000002 0 1308773 0.3478 0.000662790697674609
1645249996781 4 8.815979999999996 0 1516715 0.4023 0.000662790697674609
1645250000631 4 8.965064999999996 0 1407805 0.37360000000000004 0.000662790697674609
1645250004436 4 9.161861000000002 0 1394624 0.37029999999999996 0.000662790697674609
1645250008532 4 9.064799000000008 0 1502056 0.3988 0.000662790697674609
1645250012031 4 9.565461999999997 0 1276395 0.339 0.000662790697674609
1645250016061 4 9.535369000000003 0 1480768 0.393 0.000662790697674609
1645250020074 4 9.522901000000005 0 1473992 0.3912 0.000662790697674609
1645250023644 4 9.952156000000002 0 1306146 0.3472 0.000662790697674609
1645250027899 4 9.697721000000001 0 1565699 0.4154 0.000662790697674609
1645250031377 4 10.224312999999995 0 1268922 0.3368 0.000662790697674609
1645250035223 4 10.373644000000013 0 1406335 0.3733 0.000662790697674609
1645250039004 4 10.593369999999993 0 1381377 0.3665 0.000662790697674609
1645250043019 4 10.577121000000005 0 1475162 0.3917 0.000662790697674609
1645250046918 4 10.68121099999999 0 1430482 0.3799 0.000662790697674609
1645250050848 4 10.748616999999996 0 1439994 0.38180000000000003 0.000662790697674609
1645250054677 4 10.919936000000007 0 1405476 0.373 0.000662790697674609
1645250058457 4 11.144028999999989 0 1382866 0.3675 0.000662790697674609
1645250062021 4 11.58048500000001 0 1303196 0.34540000000000004 0.000662790697674609
1645250066212 4 11.384417000000013 0 1538814 0.4081 0.000662790697674609
1645250070094 4 11.501529000000005 0 1423261 0.3779 0.000662790697674609
1645250073859 4 11.739736999999991 0 1377859 0.3658 0.000662790697674609
1645250077665 4 11.932262000000009 0 1396488 0.3704 0.000662790697674609
1645250082127 4 11.63567599999999 0 1265878 0.3363 0.000662790697674609
1645250086143 4 11.453486999999996 0 1474721 0.3914 0.000662790697674609
1645250089848 4 11.74843100000001 0 1357016 0.3601 0.000662790697674609
1645250093966 4 11.63476 0 1508969 0.40069999999999995 0.000662790697674609
1645250097834 4 11.762428 0 1420161 0.37679999999999997 0.000662790697674609
1645250101641 4 11.95554100000001 0 1394798 0.3702 0.000662790697674609
1645250105748 4 11.870497999999998 0 1499654 0.3981 0.000662790697674609
1645250109870 4 11.83827199999999 0 1323592 0.352 0.000662790697674609
1645250113891 4 11.70483200000001 0 1477260 0.3926 0.000662790697674609
1645250117909 4 11.688327000000015 0 1474833 0.3913 0.000662790697674609
1645250121961 4 11.815717000000006 0 1299401 0.3453 0.000662790697674609
1645250126296 4 11.300730000000016 0 1595638 0.42350000000000004 0.000662790697674609
1645250129802 4 11.79526899999999 0 1282380 0.34049999999999997 0.000662790697674609
1645250133637 4 11.962345 0 1402228 0.3731 0.000662790697674609
1645250138018 4 11.778272000000015 0 1404885 0.3727 0.000662790697674609
1645250141971 4 11.626224000000008 0 1453425 0.3854 0.000662790697674609
1645250145940 4 11.657786000000016 0 1453998 0.38639999999999997 0.000662790697674609
1645250149838 4 11.758666000000005 0 1424197 0.378 0.000662790697674609
1645250153677 4 11.920242000000002 0 1409895 0.374 0.000662790697674609
1645250157956 4 11.73539900000003 0 1381516 0.367 0.000662790697674609
1645250162004 4 11.727749000000017 0 1298461 0.3445 0.000662790697674609
1645250166171 4 11.424554 0 1530017 0.40659999999999996 0.000662790697674609
1645250170104 4 11.49260099999998 0 1437352 0.3821 0.000662790697674609
1645250173782 4 11.818261000000007 0 1344879 0.3569 0.000662790697674609
1645250177853 4 11.752760000000023 0 1490910 0.3955 0.000662790697674609
1645250181808 4 11.942473000000007 0 1264017 0.33599999999999997 0.000662790697674609
1645250185776 4 11.819421999999975 0 1458446 0.3868 0.000662790697674609
1645250190009 4 11.676994999999977 0 1366050 0.3626 0.000662790697674609
1645250194193 4 11.40343200000001 0 1540108 0.4085 0.000662790697674609
1645250198073 4 11.523653000000024 0 1421303 0.3774 0.000662790697674609
1645250201786 4 11.81158099999999 0 1359213 0.3609 0.000662790697674609
1645250205906 4 11.691192999999998 0 1514199 0.4021 0.000662790697674609
1645250209956 4 11.871719999999982 0 1296661 0.34409999999999996 0.000662790697674609
1645250216572 4 9.030887000000007 0 1340186 0.6509 0.000662790697674609
1645250219401 3 10.19494400000002 0 929927 0.2531 0.0006627906976743869
1645250221748 3 11.850826999999981 0 845977 0.2242 0.00043023255813956496
1645250226036 3 11.58828699999998 0 1009703 0.268 0.00043023255813956496
1645250229926 3 11.83104800000001 0 861836 0.2283 0.00043023255813956496

