1645252015548 1 3.999999 894 346799 0.0794 -3.8442
1645252017481 3 6.076731 0 755039 0.1726 0.000174418604651283
1645252019496 3 8.063385 0 835161 0.1907 0.00043023255813956496
1645252021680 3 9.877468 0 908792 0.20390000000000003 0.00043023255813956496
1645252023616 3 11.942435999999999 0 804438 0.1835 0.00043023255813956496
1645252028117 3 11.626439999999999 0 828659 0.19 0.00043023255813956496
1645252031868 3 11.872716999999998 0 937332 0.2142 0.00043023255813956496
1645252035744 3 11.861442 0 776416 0.1764 0.00043023255813956496
1645252040189 3 11.604473000000002 0 1025687 0.2343 0.00043023255813956496
1645252044151 3 11.594790000000003 0 815426 0.186 0.00043023255813956496
1645252047772 3 11.83417 0 884625 0.2022 0.00043023255813956496
1645252051935 3 11.823729 0 904952 0.20670000000000002 0.00043023255813956496
1645252056237 3 11.564466000000003 0 954418 0.2182 0.00043023255813956496
1645252059918 3 11.807783 0 910446 0.20779999999999998 0.00043023255813956496
1645252064126 3 11.547563000000004 0 922454 0.21080000000000002 0.00043023255813956496
1645252067883 3 11.790955000000004 0 942842 0.21589999999999998 0.00043023255813956496
1645252072006 3 11.782437000000002 0 884128 0.202 0.00043023255813956496
1645252075999 3 11.775530000000003 0 828263 0.1893 0.00043023255813956496
1645252079846 3 11.770291999999998 0 981175 0.2242 0.00043023255813956496
1645252084093 3 11.512583000000006 0 939007 0.2142 0.00043023255813956496
1645252088114 3 11.506661000000008 0 841370 0.1923 0.00043023255813956496
1645252091884 3 11.748581000000001 0 947658 0.21680000000000002 0.00043023255813956496
1645252095884 3 11.740890000000007 0 828958 0.1895 0.00043023255813956496
1645252099728 3 11.976546999999997 0 977791 0.22360000000000002 0.00043023255813956496
1645252103764 3 11.971764000000007 0 847215 0.1936 0.00043023255813956496
1645252107593 3 11.964099000000004 0 978032 0.2232 0.00043023255813956496
1645252111832 3 11.958881000000005 0 934237 0.21389999999999998 0.00043023255813956496
1645252115964 3 11.698918000000006 0 889600 0.2036 0.00043023255813956496
1645252119827 3 11.937869000000006 0 988774 0.2259 0.00043023255813956496
1645252123773 3 11.927141000000006 0 808061 0.1847 0.00043023255813956496
1645252127658 3 11.920939000000004 0 995677 0.2278 0.00043023255813956496
1645252131872 3 11.915149999999997 0 924757 0.21150000000000002 0.00043023255813956496
1645252135826 3 11.907618 0 808228 0.18460000000000001 0.00043023255813956496
1645252139742 3 11.894827000000006 0 1014212 0.2311 0.00043023255813956496
1645252143773 3 11.887529 0 845218 0.1931 0.00043023255813956496
1645252147956 3 11.62947299999999 0 910767 0.2083 0.00043023255813956496
1645252152110 3 11.62260599999999 0 901777 0.20579999999999998 0.00043023255813956496
1645252155922 3 11.867783000000003 0 967347 0.2211 0.00043023255813956496
1645252160167 3 11.609442999999999 0 935273 0.21400000000000002 0.00043023255813956496
1645252163858 3 11.84867700000001 0 916928 0.20950000000000002 0.00043023255813956496
1645252168118 3 11.592869000000007 0 940743 0.21539999999999998 0.00043023255813956496
1645252171726 3 11.837030999999996 0 877888 0.20070000000000002 0.00043023255813956496
1645252175743 3 11.83118300000001 0 839766 0.1915 0.00043023255813956496
1645252180075 3 11.575542000000013 0 976062 0.2232 0.00043023255813956496
1645252183864 3 11.815244000000007 0 958353 0.2191 0.00043023255813956496
1645252187880 3 11.806995999999998 0 836268 0.1911 0.00043023255813956496
1645252192202 3 11.542043000000007 0 968967 0.22139999999999999 0.00043023255813956496
1645252196192 3 11.532496000000009 0 825839 0.18839999999999998 0.00043023255813956496
1645252200026 3 11.766433000000006 0 974212 0.2226 0.00043023255813956496
1645252204115 3 11.497961000000004 0 867483 0.1983 0.00043023255813956496
1645252207967 3 11.739937999999995 0 987232 0.2251 0.00043023255813956496
1645252211675 3 11.983004999999991 0 921956 0.21059999999999998 0.00043023255813956496
1645252215868 3 11.726185000000015 0 913803 0.2092 0.00043023255813956496
1645252219661 3 11.96574799999999 0 958215 0.2193 0.00043023255813956496
1645252223662 3 11.960161999999997 0 832934 0.1901 0.00043023255813956496
1645252228061 3 11.699824000000007 0 1005593 0.2299 0.00043023255813956496
1645252231797 3 11.945983000000012 0 935985 0.2136 0.00043023255813956496
1645252235733 3 11.932346999999993 0 802415 0.1836 0.00043023255813956496
1645252240121 3 11.674923000000007 0 999009 0.2279 0.00043023255813956496
1645252243702 3 11.915738000000005 0 869418 0.1982 0.00043023255813956496
1645252247857 3 11.903814000000011 0 897686 0.2051 0.00043023255813956496
1645252252153 3 11.643766 0 960141 0.21939999999999998 0.00043023255813956496
1645252255840 3 11.887552 0 914618 0.2085 0.00043023255813956496
1645252260110 3 11.630507999999992 0 949031 0.2169 0.00043023255813956496
1645252263815 3 11.871992000000006 0 919929 0.2105 0.00043023255813956496
1645252268042 3 11.614262999999994 0 930570 0.21280000000000002 0.00043023255813956496
1645252272191 3 11.599225999999987 0 894188 0.2042 0.00043023255813956496
1645252276209 3 11.58748300000002 0 835562 0.1913 0.00043023255813956496
1645252280071 3 11.579404000000011 0 986170 0.2251 0.00043023255813956496
1645252283855 3 11.817552999999975 0 955812 0.21739999999999998 0.00043023255813956496
1645252287870 3 11.812342999999998 0 837688 0.19090000000000001 0.00043023255813956496
1645252292197 3 11.550569999999993 0 972932 0.22280000000000003 0.00043023255813956496
1645252296147 3 11.54326100000003 0 807690 0.1845 0.00043023255813956496
1645252299960 3 11.787642000000005 0 968173 0.2212 0.00043023255813956496
1645252304055 3 11.531693000000018 0 872734 0.1993 0.00043023255813956496
1645252307932 3 11.774777000000029 0 991679 0.227 0.00043023255813956496
1645252312153 3 11.51789500000001 0 930061 0.2125 0.00043023255813956496
1645252316301 3 11.500612999999987 0 884740 0.2023 0.00043023255813956496
1645252319621 3 11.988113999999996 0 968599 0.22149999999999997 0.00043023255813956496
1645252323653 3 11.973505999999986 0 848189 0.19319999999999998 0.00043023255813956496
1645252328017 3 11.716405000000009 0 989262 0.22599999999999998 0.00043023255813956496
1645252331748 3 11.957381999999996 0 929927 0.2118 0.00043023255813956496
1645252335777 3 11.934812000000022 0 845977 0.19319999999999998 0.00043023255813956496
1645252339679 3 11.927316000000019 0 1009703 0.23010000000000003 0.00043023255813956496
1645252343754 3 11.919826999999998 0 861836 0.1975 0.00043023255813956496

