1645241568136 1 3.999999 1415 346799 0.1285 -6.0845
1645241570470 1 5.677946 0 363755 0.13540000000000002 0.00017441860465117198
1645241571945 1 8.202815000000001 0 362842 0.13440000000000002 0.00017441860465117198
1645241573497 1 10.650101000000001 0 384791 0.143 0.00017441860465117198
1645241576389 1 11.846521999999998 0 339137 0.12589999999999998 0.00017441860465117198
1645241580476 1 11.834627999999999 0 393219 0.147 0.00017441860465117198
1645241584618 1 11.578389999999999 0 406206 0.15109999999999998 0.00017441860465117198
1645241588367 1 11.819303999999999 0 303135 0.1131 0.00017441860465117198
1645241592536 1 11.810218000000003 0 414092 0.1551 0.00017441860465117198
1645241596432 1 11.799270000000003 0 337705 0.1263 0.00017441860465117198
1645241600417 1 11.793531000000002 0 366374 0.1367 0.00017441860465117198
1645241604850 1 11.533570000000005 0 352030 0.1309 0.00017441860465117198
1645241608399 1 11.966797 0 371605 0.1385 0.00017441860465117198
1645241612455 1 11.708457000000003 0 385670 0.14379999999999998 0.00017441860465117198
1645241616470 1 11.699203000000004 0 374050 0.1395 0.00017441860465117198
1645241620452 1 11.943942 0 367058 0.1367 0.00017441860465117198
1645241624488 1 11.664036000000003 0 377983 0.1405 0.00017441860465117198
1645241628331 1 11.906309 0 326924 0.1217 0.00017441860465117198
1645241632392 1 11.899033000000003 0 388939 0.1443 0.00017441860465117198
1645241636476 1 11.892424000000005 0 392939 0.14650000000000002 0.00017441860465117198
1645241640435 1 11.881793000000002 0 362131 0.135 0.00017441860465117198
1645241644549 1 11.623845000000003 0 402712 0.1498 0.00017441860465117198
1645241648399 1 11.863593000000009 0 327400 0.12250000000000001 0.00017441860465117198
1645241652512 1 11.853293000000008 0 401133 0.1498 0.00017441860465117198
1645241656330 1 11.835543999999999 0 317452 0.1183 0.00017441860465117198
1645241660395 1 11.829412000000005 0 391753 0.14550000000000002 0.00017441860465117198
1645241664453 1 11.818415000000002 0 384934 0.1437 0.00017441860465117198
1645241668443 1 11.81195600000001 0 367179 0.1367 0.00017441860465117198
1645241672515 1 11.800184999999999 0 387965 0.14479999999999998 0.00017441860465117198
1645241676388 1 11.792166000000009 0 333821 0.12390000000000001 0.00017441860465117198
1645241680479 1 11.785561999999999 0 394452 0.147 0.00017441860465117198
1645241684613 1 11.779689000000005 0 409513 0.152 0.00017441860465117198
1645241688868 1 11.510017000000005 0 307174 0.1139 0.00017441860465117198
1645241692549 1 11.75215200000001 0 420407 0.1567 0.00017441860465117198
1645241696440 1 11.744735999999989 0 340231 0.1275 0.00017441860465117198
1645241700458 1 11.732456000000013 0 374730 0.1393 0.00017441860465117198
1645241704386 1 11.97307699999999 0 353022 0.1306 0.00017441860465117198
1645241708469 1 11.716664000000009 0 393253 0.14679999999999999 0.00017441860465117198
1645241712472 1 11.708001999999993 0 368813 0.13740000000000002 0.00017441860465117198
1645241716483 1 11.701655000000017 0 372578 0.1386 0.00017441860465117198
1645241720496 1 11.688307000000009 0 374507 0.1395 0.00017441860465117198
1645241724497 1 11.67927499999999 0 372824 0.1387 0.00017441860465117198
1645241728340 1 11.920874999999995 0 326437 0.1217 0.00017441860465117198
1645241732388 1 11.912935000000004 0 383127 0.14250000000000002 0.00017441860465117198
1645241736498 1 11.900026999999994 0 400632 0.1494 0.00017441860465117198
1645241740398 1 11.858799000000005 0 342596 0.12689999999999999 0.00017441860465117198
1645241744538 1 11.851009000000005 0 407655 0.15209999999999999 0.00017441860465117198
1645241748411 1 11.831941999999998 0 337450 0.1261 0.00017441860465117198
1645241752564 1 11.822911000000005 0 404220 0.1506 0.00017441860465117198
1645241756781 0 11.533195000000006 0 128759 0.0477 0.00017441860465117198
1645241760665 0 11.524958999999996 0 199367 0.0766 0.00006976744186043549
1645241764639 0 11.519323000000014 0 220759 0.0856 0.00006976744186043549
1645241768836 0 11.511320000000012 0 149511 0.0588 0.00006976744186043549
1645241772433 0 11.752443 0 118879 0.0479 0.00006976744186043549
1645241776418 0 11.746265999999991 0 85418 0.0351 0.00006976744186043549
1645241780322 0 11.989082999999994 0 68807 0.028499999999999998 0.00006976744186043549
1645241784464 0 11.726759000000015 0 132565 0.0523 0.00006976744186043549
1645241788574 0 11.720739000000009 0 117262 0.0466 0.00006976744186043549
1645241792199 0 11.96162799999999 0 116418 0.0466 0.00006976744186043549
1645241796245 0 11.949058000000008 0 223024 0.0866 0.00006976744186043549
1645241800217 0 11.942598000000004 0 214538 0.0838 0.00006976744186043549
1645241804545 0 11.687177999999989 0 178191 0.06989999999999999 0.00006976744186043549
1645241808321 0 11.928910000000002 0 161454 0.0627 0.00006976744186043549
1645241812303 0 11.922776999999996 0 212225 0.0813 0.00006976744186043549
1645241816703 0 11.662179000000009 0 195858 0.0766 0.00006976744186043549
1645241820329 0 11.884333999999996 0 119665 0.047799999999999995 0.00006976744186043549
1645241824405 0 11.879554999999982 0 108667 0.0433 0.00006976744186043549
1645241828309 0 11.873932000000025 0 64782 0.027000000000000003 0.00006976744186043549
1645241832302 0 11.868899999999996 0 87523 0.035699999999999996 0.00006976744186043549
1645241836546 0 11.610149999999976 0 155607 0.0608 0.00006976744186043549
1645241840574 0 11.601983000000018 0 100404 0.0403 0.00006976744186043549
1645241844439 0 11.844357000000002 0 183614 0.0717 0.00006976744186043549
1645241848334 0 11.83779400000003 0 197686 0.0764 0.00006976744186043549
1645241852322 0 11.830115999999975 0 217520 0.0838 0.00006976744186043549
1645241856471 0 11.825147000000015 0 132353 0.0529 0.00006976744186043549
1645241860451 0 11.810057000000029 0 199853 0.078 0.00006976744186043549
1645241864450 0 11.804520000000025 0 225614 0.0874 0.00006976744186043549
1645241868732 0 11.545131000000026 0 150477 0.0598 0.00006976744186043549
1645241872849 0 11.539513999999997 0 117995 0.0466 0.00006976744186043549
1645241876828 0 11.509474000000012 0 86503 0.0351 0.00006976744186043549
1645241880748 0 11.502299999999991 0 67335 0.0283 0.00006976744186043549
1645241884419 0 11.74058500000001 0 132169 0.0522 0.00006976744186043549
1645241888522 0 11.73571800000002 0 118800 0.0479 0.00006976744186043549
1645241892610 0 11.725954000000002 0 116618 0.0466 0.00006976744186043549

