1645256249677 1 3.999999 1154 346799 0.1041 -4.9622
1645256250531 0 7.178046999999999 0 213385 0.0635 0.00017441860465117198
1645256251054 0 10.654076 0 141806 0.0426 0.00006976744186043549
1645256253993 0 11.930054000000002 0 112578 0.033800000000000004 0.00006976744186043549
1645256257867 0 11.923575999999999 0 80671 0.0253 0.00006976744186043549
1645256262214 0 11.666979999999999 0 68729 0.024399999999999998 0.00006976744186043549
1645256266268 0 11.650755 0 137895 0.045200000000000004 0.00006976744186043549
1645256270252 0 11.644821 0 114138 0.0381 0.00006976744186043549
1645256274275 0 11.633248000000002 0 126013 0.0417 0.00006976744186043549
1645256278070 0 11.876080000000002 0 217236 0.0692 0.00006976744186043549
1645256281867 0 11.867674000000001 0 219398 0.0698 0.00006976744186043549
1645256286042 0 11.861238 0 177648 0.057199999999999994 0.00006976744186043549
1645256290181 0 11.599676000000002 0 166856 0.054200000000000005 0.00006976744186043549
1645256293993 0 11.840869000000005 0 223685 0.0712 0.00006976744186043549
1645256298247 0 11.581912000000003 0 206455 0.06570000000000001 0.00006976744186043549
1645256302256 0 11.573926 0 121534 0.0405 0.00006976744186043549
1645256306213 0 11.565491000000002 0 105092 0.0361 0.00006976744186043549
1645256310050 0 11.803537000000006 0 63086 0.0233 0.00006976744186043549
1645256313957 0 11.796979000000007 0 87739 0.0303 0.00006976744186043549
1645256318050 0 11.788671000000008 0 152905 0.0498 0.00006976744186043549
1645256321989 0 11.778124000000005 0 100587 0.034300000000000004 0.00006976744186043549
1645256326187 0 11.770144000000002 0 186001 0.059899999999999995 0.00006976744186043549
1645256330429 0 11.505037000000002 0 201620 0.06420000000000001 0.00006976744186043549
1645256334225 0 11.49950100000001 0 218012 0.06939999999999999 0.00006976744186043549
1645256337742 0 11.994888000000003 0 123058 0.0416 0.00006976744186043549
1645256341977 0 11.737713 0 198856 0.064 0.00006976744186043549
1645256345812 0 11.981321000000008 0 223061 0.0711 0.00006976744186043549
1645256349882 0 11.974756 0 143385 0.0474 0.00006976744186043549
1645256353869 0 11.96520600000001 0 117021 0.0387 0.00006976744186043549
1645256357757 0 11.958574999999996 0 83595 0.029099999999999997 0.00006976744186043549
1645256362106 0 11.701718999999997 0 68011 0.0243 0.00006976744186043549
1645256366145 0 11.695661999999999 0 134264 0.044 0.00006976744186043549
1645256370120 0 11.684424000000007 0 113722 0.0375 0.00006976744186043549
1645256374123 0 11.678201000000001 0 122694 0.040400000000000005 0.00006976744186043549
1645256377913 0 11.917059999999992 0 215146 0.0691 0.00006976744186043549
1645256382190 0 11.657644000000005 0 213339 0.068 0.00006976744186043549
1645256385857 0 11.901039999999995 0 176949 0.057199999999999994 0.00006976744186043549
1645256389971 0 11.883721000000008 0 158356 0.0516 0.00006976744186043549
1645256394275 0 11.620755000000003 0 219852 0.0708 0.00006976744186043549
1645256398014 0 11.865556999999995 0 196864 0.0634 0.00006976744186043549
1645256402008 0 11.85632000000001 0 116610 0.0398 0.00006976744186043549
1645256405967 0 11.848912000000013 0 107223 0.0364 0.00006976744186043549
1645256410300 0 11.587376000000006 0 64332 0.0236 0.00006976744186043549
1645256414227 0 11.578745999999995 0 88753 0.0305 0.00006976744186043549
1645256418332 0 11.567085999999989 0 153489 0.0507 0.00006976744186043549
1645256422279 0 11.556104000000005 0 101805 0.034699999999999995 0.00006976744186043549
1645256425983 0 11.801500000000004 0 186822 0.0603 0.00006976744186043549
1645256430227 0 11.543961999999993 0 200149 0.0644 0.00006976744186043549
1645256434016 0 11.786226999999997 0 215305 0.0685 0.00006976744186043549
1645256438043 0 11.781144000000012 0 128759 0.0431 0.00006976744186043549
1645256442282 0 11.52001899999999 0 199367 0.0636 0.00006976744186043549
1645256446080 0 11.766378000000003 0 220759 0.0702 0.00006976744186043549
1645256450168 0 11.754302999999993 0 149511 0.0489 0.00006976744186043549
1645256454166 0 11.744019000000009 0 118879 0.040100000000000004 0.00006976744186043549
1645256458061 0 11.736823000000015 0 85418 0.0298 0.00006976744186043549
1645256461908 0 11.981696 0 68807 0.0236 0.00006976744186043549
1645256465947 0 11.974493999999993 0 132565 0.0438 0.00006976744186043549
1645256469939 0 11.965268000000009 0 117262 0.0395 0.00006976744186043549
1645256473927 0 11.958834999999993 0 116418 0.0391 0.00006976744186043549
1645256478235 0 11.701638000000003 0 223024 0.071 0.00006976744186043549
1645256482021 0 11.695369 0 214538 0.06870000000000001 0.00006976744186043549
1645256486202 0 11.689914000000016 0 178191 0.0583 0.00006976744186043549
1645256489820 0 11.935496999999998 0 161454 0.052000000000000005 0.00006976744186043549
1645256494101 0 11.679564999999997 0 212225 0.068 0.00006976744186043549
1645256497821 0 11.921346 0 195858 0.0627 0.00006976744186043549
1645256501820 0 11.914676000000014 0 119665 0.040100000000000004 0.00006976744186043549
1645256506288 0 11.658166999999992 0 108667 0.0371 0.00006976744186043549
1645256510121 0 11.652285000000006 0 64782 0.023799999999999998 0.00006976744186043549
1645256514025 0 11.892265000000009 0 87523 0.0303 0.00006976744186043549
1645256518131 0 11.636985999999979 0 155607 0.0505 0.00006976744186043549
1645256522064 0 11.880758000000014 0 100404 0.0337 0.00006976744186043549
1645256526249 0 11.622023000000013 0 183614 0.0586 0.00006976744186043549
1645256529973 0 11.865279999999984 0 197686 0.063 0.00006976744186043549
1645256534281 0 11.603388999999993 0 217520 0.0697 0.00006976744186043549
1645256538319 0 11.59496999999999 0 132353 0.0442 0.00006976744186043549
1645256542055 0 11.839148000000023 0 199853 0.0639 0.00006976744186043549
1645256546367 0 11.581662999999992 0 225614 0.0715 0.00006976744186043549
1645256549966 0 11.819217999999978 0 150477 0.0502 0.00006976744186043549
1645256553961 0 11.808307000000013 0 117995 0.0396 0.00006976744186043549
1645256558357 0 11.552403000000027 0 86503 0.029699999999999997 0.00006976744186043549
1645256562201 0 11.545567000000005 0 67335 0.0246 0.00006976744186043549
1645256566237 0 11.538995 0 132169 0.0438 0.00006976744186043549
1645256570239 0 11.533836000000008 0 118800 0.04 0.00006976744186043549
1645256574226 0 11.527503000000024 0 116618 0.0387 0.00006976744186043549
1645256578028 0 11.767637999999977 0 222296 0.0707 0.00006976744186043549

