1645250386555 1 3.999999 783 346799 0.0671 -3.3669
1645250387364 1 7.204608 0 363755 0.07039999999999999 0.00017441860465117198
1645250388164 1 10.404489000000002 0 362842 0.0702 0.00017441860465117198
1645250391008 1 11.77974 0 384791 0.0743 0.00017441860465117198
1645250395275 3 11.515699 0 804438 0.1562 0.000174418604651283
1645250399002 3 11.75761 0 828659 0.1626 0.00043023255813956496
1645250402949 3 11.751562999999997 0 937332 0.1837 0.00043023255813956496
1645250407067 3 11.742474999999999 0 776416 0.151 0.00043023255813956496
1645250410665 3 11.986568000000002 0 1025687 0.1994 0.00043023255813956496
1645250414859 3 11.731085000000004 0 815426 0.15860000000000002 0.00043023255813956496
1645250418682 3 11.971448000000002 0 884625 0.1723 0.00043023255813956496
1645250423048 3 11.712434000000002 0 904952 0.17629999999999998 0.00043023255813956496
1645250427005 3 11.704206 0 954418 0.18560000000000001 0.00043023255813956496
1645250430874 3 11.696307000000004 0 910446 0.1768 0.00043023255813956496
1645250434765 3 11.941691000000006 0 922454 0.1792 0.00043023255813956496
1645250438748 3 11.906171 0 942842 0.1827 0.00043023255813956496
1645250443068 3 11.647668000000003 0 884128 0.1714 0.00043023255813956496
1645250446784 3 11.888259000000005 0 828263 0.1612 0.00043023255813956496
1645250450794 3 11.88445800000001 0 981175 0.1906 0.00043023255813956496
1645250454725 3 11.871912000000009 0 939007 0.18209999999999998 0.00043023255813956496
1645250458959 3 11.611006000000003 0 841370 0.1634 0.00043023255813956496
1645250462895 3 11.853392999999997 0 947658 0.18409999999999999 0.00043023255813956496
1645250467108 3 11.594254000000006 0 828958 0.1609 0.00043023255813956496
1645250471113 3 11.589354 0 977791 0.1907 0.00043023255813956496
1645250474865 3 11.831773999999996 0 847215 0.1648 0.00043023255813956496
1645250478874 3 11.823739000000003 0 978032 0.19 0.00043023255813956496
1645250482813 3 11.81756200000001 0 934237 0.1814 0.00043023255813956496
1645250487145 3 11.557107000000002 0 889600 0.173 0.00043023255813956496
1645250491171 3 11.549164000000005 0 988774 0.192 0.00043023255813956496
1645250494843 3 11.791888999999998 0 808061 0.1572 0.00043023255813956496
1645250498875 3 11.786586 0 995677 0.19319999999999998 0.00043023255813956496
1645250503273 3 11.529117999999997 0 924757 0.1792 0.00043023255813956496
1645250506945 3 11.775565999999998 0 808228 0.1574 0.00043023255813956496
1645250511026 3 11.768479999999997 0 1014212 0.1975 0.00043023255813956496
1645250515275 3 11.507472000000007 0 845218 0.16399999999999998 0.00043023255813956496
1645250518643 3 11.994698 0 910767 0.17729999999999999 0.00043023255813956496
1645250523012 3 11.739228999999995 0 901777 0.17509999999999998 0.00043023255813956496
1645250526993 3 11.731110999999999 0 967347 0.1878 0.00043023255813956496
1645250530926 3 11.720265000000012 0 935273 0.1817 0.00043023255813956496
1645250534817 3 11.961140999999998 0 916928 0.1778 0.00043023255813956496
1645250538746 3 11.954073999999991 0 940743 0.1829 0.00043023255813956496
1645250543059 3 11.691595000000007 0 877888 0.1711 0.00043023255813956496
1645250546793 3 11.93755999999999 0 839766 0.1634 0.00043023255813956496
1645250550793 3 11.92947000000001 0 976062 0.1897 0.00043023255813956496
1645250554759 3 11.924942000000016 0 958353 0.18680000000000002 0.00043023255813956496
1645250558978 3 11.669475000000006 0 836268 0.162 0.00043023255813956496
1645250562961 3 11.659785999999997 0 968967 0.18819999999999998 0.00043023255813956496
1645250566694 3 11.87518399999999 0 825839 0.1612 0.00043023255813956496
1645250571189 3 11.613460000000003 0 974212 0.18939999999999999 0.00043023255813956496
1645250574973 3 11.602271000000002 0 867483 0.1683 0.00043023255813956496
1645250578989 3 11.592593999999991 0 987232 0.1917 0.00043023255813956496
1645250582874 3 11.835658999999993 0 921956 0.1789 0.00043023255813956496
1645250586768 3 11.818333999999993 0 913803 0.1776 0.00043023255813956496
1645250591228 3 11.558523000000008 0 958215 0.1862 0.00043023255813956496
1645250594952 3 11.795612000000006 0 832934 0.1621 0.00043023255813956496
1645250599006 3 11.78835699999999 0 1005593 0.19519999999999998 0.00043023255813956496
1645250602927 3 11.774090999999999 0 935985 0.182 0.00043023255813956496
1645250607088 3 11.510401000000002 0 802415 0.15589999999999998 0.00043023255813956496
1645250610639 3 11.981025000000017 0 999009 0.1946 0.00043023255813956496
1645250614924 3 11.72249500000001 0 869418 0.1685 0.00043023255813956496
1645250618772 3 11.959419999999994 0 897686 0.1748 0.00043023255813956496
1645250622798 3 11.94982300000001 0 960141 0.18839999999999998 0.00043023255813956496
1645250626868 3 11.945431000000013 0 914618 0.1776 0.00043023255813956496
1645250630823 3 11.939140000000009 0 949031 0.1842 0.00043023255813956496
1645250634707 3 11.924784000000017 0 919929 0.1785 0.00043023255813956496
1645250639121 3 11.666990999999996 0 930570 0.181 0.00043023255813956496
1645250642955 3 11.66170900000003 0 894188 0.1736 0.00043023255813956496
1645250646683 3 11.903464999999983 0 835562 0.16240000000000002 0.00043023255813956496
1645250650702 3 11.889433999999994 0 986170 0.19190000000000002 0.00043023255813956496
1645250655165 3 11.631410000000017 0 955812 0.18560000000000001 0.00043023255813956496
1645250658891 3 11.874649999999974 0 837688 0.1625 0.00043023255813956496
1645250662884 3 11.859396000000004 0 972932 0.1896 0.00043023255813956496
1645250667059 3 11.597728000000018 0 807690 0.15689999999999998 0.00043023255813956496
1645250671042 3 11.591578000000027 0 968173 0.18819999999999998 0.00043023255813956496
1645250674835 3 11.832917000000009 0 872734 0.1696 0.00043023255813956496
1645250678868 3 11.823818000000017 0 991679 0.193 0.00043023255813956496
1645250682770 3 11.810853000000009 0 930061 0.1807 0.00043023255813956496
1645250687087 3 11.550542000000007 0 884740 0.1719 0.00043023255813956496
1645250691073 3 11.545298000000003 0 968599 0.1889 0.00043023255813956496
1645250694818 3 11.786538000000007 0 848189 0.1648 0.00043023255813956496
1645250698844 3 11.781161999999995 0 989262 0.1923 0.00043023255813956496
1645250703253 3 11.527008000000023 0 929927 0.18080000000000002 0.00043023255813956496
1645250706994 3 11.761404000000027 0 845977 0.1641 0.00043023255813956496
1645250711074 3 11.499606000000028 0 1009703 0.1963 0.00043023255813956496
1645250714852 3 11.743846000000019 0 861836 0.16799999999999998 0.00043023255813956496

