1645229777283 1 3.999999 1838 346799 0.1721 -7.9033999999999995
1645229778548 0 6.750579 0 213385 0.1061 0.00017441860465117198
1645229779349 0 9.950286 0 141806 0.07039999999999999 0.00006976744186043549
1645229781502 0 11.829862 0 112578 0.054900000000000004 0.00006976744186043549
1645229785499 0 11.822648 0 80671 0.0396 0.00006976744186043549
1645229789962 0 11.556011 0 68729 0.035699999999999996 0.00006976744186043549
1645229793781 0 11.54807 0 137895 0.071 0.00006976744186043549
1645229797969 0 11.541449999999998 0 114138 0.058399999999999994 0.00006976744186043549
1645229801710 0 11.785346000000004 0 126013 0.0637 0.00006976744186043549
1645229805912 0 11.530653000000001 0 217236 0.1099 0.00006976744186043549
1645229809617 0 11.774816000000001 0 219398 0.11080000000000001 0.00006976744186043549
1645229813614 0 11.764467000000003 0 177648 0.0898 0.00006976744186043549
1645229817564 0 11.759555000000006 0 166856 0.0843 0.00006976744186043549
1645229821799 0 11.744543 0 223685 0.1131 0.00006976744186043549
1645229825439 0 11.986708 0 206455 0.1036 0.00006976744186043549
1645229829644 0 11.729616 0 121534 0.0606 0.00006976744186043549
1645229833785 0 11.719833000000001 0 105092 0.053700000000000005 0.00006976744186043549
1645229837715 0 11.711373000000002 0 63086 0.032600000000000004 0.00006976744186043549
1645229841764 0 11.702718000000004 0 87739 0.0449 0.00006976744186043549
1645229845639 0 11.691820000000007 0 152905 0.0777 0.00006976744186043549
1645229849762 0 11.684129999999996 0 100587 0.051500000000000004 0.00006976744186043549
1645229853804 0 11.678959000000006 0 186001 0.0943 0.00006976744186043549
1645229857427 0 11.924515 0 201620 0.10169999999999998 0.00006976744186043549
1645229861615 0 11.912536000000003 0 218012 0.1089 0.00006976744186043549
1645229865845 0 11.640437000000006 0 123058 0.0627 0.00006976744186043549
1645229869454 0 11.899172000000007 0 198856 0.101 0.00006976744186043549
1645229873698 0 11.644070999999997 0 223061 0.11279999999999998 0.00006976744186043549
1645229877534 0 11.888782000000006 0 143385 0.07339999999999999 0.00006976744186043549
1645229881734 0 11.631585000000001 0 117021 0.0593 0.00006976744186043549
1645229885768 0 11.625321 0 83595 0.0434 0.00006976744186043549
1645229889719 0 11.617578000000009 0 68011 0.0353 0.00006976744186043549
1645229893490 0 11.861854000000008 0 134264 0.0673 0.00006976744186043549
1645229897670 0 11.854516000000004 0 113722 0.0583 0.00006976744186043549
1645229901892 0 11.597633000000002 0 122694 0.062 0.00006976744186043549
1645229905580 0 11.840123000000006 0 215146 0.1086 0.00006976744186043549
1645229909775 0 11.583266000000009 0 213339 0.1086 0.00006976744186043549
1645229913767 0 11.574190000000016 0 176949 0.0891 0.00006976744186043549
1645229917662 0 11.812018999999992 0 158356 0.0799 0.00006976744186043549
1645229921875 0 11.554212000000007 0 219852 0.1113 0.00006976744186043549
1645229925967 0 11.549442999999997 0 196864 0.0996 0.00006976744186043549
1645229929655 0 11.792300000000012 0 116610 0.059 0.00006976744186043549
1645229933808 0 11.531445999999988 0 107223 0.0553 0.00006976744186043549
1645229937742 0 11.778177 0 64332 0.032600000000000004 0.00006976744186043549
1645229941798 0 11.521900000000016 0 88753 0.045700000000000005 0.00006976744186043549
1645229945684 0 11.767063000000007 0 153489 0.0784 0.00006976744186043549
1645229949802 0 11.511421000000013 0 101805 0.0517 0.00006976744186043549
1645229953848 0 11.504385000000013 0 186822 0.09459999999999999 0.00006976744186043549
1645229957462 0 11.996028999999993 0 200149 0.10149999999999999 0.00006976744186043549
1645229961633 0 11.739349000000004 0 215305 0.1069 0.00006976744186043549
1645229965395 0 11.984258000000011 0 128759 0.0659 0.00006976744186043549
1645229969503 0 11.97659200000001 0 199367 0.1011 0.00006976744186043549
1645229973711 0 11.716296 0 220759 0.11069999999999999 0.00006976744186043549
1645229977579 0 11.961469999999991 0 149511 0.0761 0.00006976744186043549
1645229981788 0 11.70485500000001 0 118879 0.0607 0.00006976744186043549
1645229985831 0 11.700391999999994 0 85418 0.0437 0.00006976744186043549
1645229989791 0 11.693423999999993 0 68807 0.0358 0.00006976744186043549
1645229993564 0 11.937105000000003 0 132565 0.0673 0.00006976744186043549
1645229997766 0 11.68326300000001 0 117262 0.0595 0.00006976744186043549
1645230001466 0 11.92611500000001 0 116418 0.06 0.00006976744186043549
1645230005692 0 11.670102000000014 0 223024 0.11240000000000001 0.00006976744186043549
1645230009872 0 11.664000000000016 0 214538 0.10840000000000001 0.00006976744186043549
1645230013879 0 11.652534000000003 0 178191 0.0906 0.00006976744186043549
1645230017800 0 11.643367000000012 0 161454 0.0823 0.00006976744186043549
1645230021465 0 11.888335000000012 0 212225 0.10629999999999999 0.00006976744186043549
1645230025538 0 11.882125000000002 0 195858 0.0972 0.00006976744186043549
1645230029741 0 11.619317999999993 0 119665 0.0606 0.00006976744186043549
1645230033893 0 11.612540000000024 0 108667 0.0551 0.00006976744186043549
1645230037830 0 11.608095999999989 0 64782 0.033600000000000005 0.00006976744186043549
1645230041877 0 11.60143499999998 0 87523 0.0448 0.00006976744186043549
1645230045761 0 11.595350999999994 0 155607 0.0784 0.00006976744186043549
1645230049886 0 11.58921700000002 0 100404 0.0516 0.00006976744186043549
1645230053919 0 11.581662999999992 0 183614 0.09280000000000001 0.00006976744186043549
1645230057524 0 11.823506000000009 0 197686 0.10029999999999999 0.00006976744186043549
1645230061717 0 11.814614000000006 0 217520 0.1083 0.00006976744186043549
1645230065500 0 11.805600000000027 0 132353 0.0683 0.00006976744186043549
1645230069614 0 11.800296000000003 0 199853 0.101 0.00006976744186043549
1645230073857 0 11.543605000000014 0 225614 0.11379999999999998 0.00006976744186043549
1645230077727 0 11.78338500000001 0 150477 0.0769 0.00006976744186043549
1645230081934 0 11.524926999999991 0 117995 0.0606 0.00006976744186043549
1645230085993 0 11.516197999999974 0 86503 0.044700000000000004 0.00006976744186043549
1645230089945 0 11.506391000000008 0 67335 0.035199999999999995 0.00006976744186043549
1645230093733 0 11.751182000000028 0 132169 0.06760000000000001 0.00006976744186043549
1645230097431 0 11.99205999999998 0 118800 0.06 0.00006976744186043549
1645230101624 0 11.732725000000016 0 116618 0.0593 0.00006976744186043549
1645230105343 0 11.97690799999998 0 222296 0.1121 0.00006976744186043549

