1645243527238 1 3.999999 917 346799 0.0811 -3.9431
1645243529258 3 6.003261 0 755039 0.1776 0.000174418604651283
1645243531325 3 7.930814000000001 0 835161 0.1961 0.00043023255813956496
1645243533557 3 9.698810000000002 0 908792 0.2133 0.00043023255813956496
1645243535553 3 11.705029 0 804438 0.189 0.00043023255813956496
1645243539603 3 11.896009 0 828659 0.1945 0.00043023255813956496
1645243543407 3 11.885839999999998 0 937332 0.2202 0.00043023255813956496
1645243547837 3 11.62013 0 776416 0.1825 0.00043023255813956496
1645243551856 3 11.616001000000004 0 1025687 0.2414 0.00043023255813956496
1645243555874 3 11.607459000000002 0 815426 0.1908 0.00043023255813956496
1645243559562 3 11.852803999999999 0 884625 0.20790000000000003 0.00043023255813956496
1645243563795 3 11.597254 0 904952 0.21309999999999998 0.00043023255813956496
1645243567641 3 11.836023000000004 0 954418 0.22440000000000002 0.00043023255813956496
1645243571882 3 11.579746 0 910446 0.2138 0.00043023255813956496
1645243575650 3 11.813605000000003 0 922454 0.21680000000000002 0.00043023255813956496
1645243579472 3 11.802203000000006 0 942842 0.22210000000000002 0.00043023255813956496
1645243583658 3 11.792467000000002 0 884128 0.20800000000000002 0.00043023255813956496
1645243587706 3 11.777306000000003 0 828263 0.1951 0.00043023255813956496
1645243591620 3 11.766686000000007 0 981175 0.23079999999999998 0.00043023255813956496
1645243595938 3 11.506264000000002 0 939007 0.22069999999999998 0.00043023255813956496
1645243599526 3 11.753112000000002 0 841370 0.1978 0.00043023255813956496
1645243603353 3 11.997698 0 947658 0.223 0.00043023255813956496
1645243607426 3 11.985050999999999 0 828958 0.19519999999999998 0.00043023255813956496
1645243611327 3 11.971153000000001 0 977791 0.23010000000000003 0.00043023255813956496
1645243615424 3 11.964112999999998 0 847215 0.1993 0.00043023255813956496
1645243619321 3 11.954920999999999 0 978032 0.22999999999999998 0.00043023255813956496
1645243623649 3 11.699549000000005 0 934237 0.2211 0.00043023255813956496
1645243627352 3 11.93910600000001 0 889600 0.2096 0.00043023255813956496
1645243631780 3 11.679963 0 988774 0.2324 0.00043023255813956496
1645243635791 3 11.672909000000004 0 808061 0.191 0.00043023255813956496
1645243639731 3 11.665074000000004 0 995677 0.2338 0.00043023255813956496
1645243643507 3 11.898516999999998 0 924757 0.21749999999999997 0.00043023255813956496
1645243647504 3 11.886554000000004 0 808228 0.1895 0.00043023255813956496
1645243651486 3 11.877836000000002 0 1014212 0.23820000000000002 0.00043023255813956496
1645243655572 3 11.874584999999996 0 845218 0.1985 0.00043023255813956496
1645243659814 3 11.617140000000006 0 910767 0.21389999999999998 0.00043023255813956496
1645243663534 3 11.856044999999995 0 901777 0.2122 0.00043023255813956496
1645243667418 3 11.84653800000001 0 967347 0.22759999999999997 0.00043023255813956496
1645243671720 3 11.587858000000011 0 935273 0.2202 0.00043023255813956496
1645243675482 3 11.833215999999993 0 916928 0.2163 0.00043023255813956496
1645243679797 3 11.572670000000016 0 940743 0.2209 0.00043023255813956496
1645243683480 3 11.815956999999997 0 877888 0.20659999999999998 0.00043023255813956496
1645243687555 3 11.810154000000011 0 839766 0.1973 0.00043023255813956496
1645243691448 3 11.806383000000011 0 976062 0.22949999999999998 0.00043023255813956496
1645243695800 3 11.551463000000012 0 958353 0.2251 0.00043023255813956496
1645243699865 3 11.538971000000004 0 836268 0.1964 0.00043023255813956496
1645243703749 3 11.532880000000006 0 968967 0.2278 0.00043023255813956496
1645243707786 3 11.522008999999997 0 825839 0.19390000000000002 0.00043023255813956496
1645243711670 3 11.763176000000016 0 974212 0.2287 0.00043023255813956496
1645243715810 3 11.506406999999996 0 867483 0.2036 0.00043023255813956496
1645243719733 3 11.746994 0 987232 0.23149999999999998 0.00043023255813956496
1645243723503 3 11.993265000000008 0 921956 0.2169 0.00043023255813956496
1645243727752 3 11.73649499999999 0 913803 0.21480000000000002 0.00043023255813956496
1645243731602 3 11.726054000000005 0 958215 0.225 0.00043023255813956496
1645243735666 3 11.720493000000005 0 832934 0.1966 0.00043023255813956496
1645243739630 3 11.711829999999992 0 1005593 0.236 0.00043023255813956496
1645243743433 3 11.954267000000016 0 935985 0.2203 0.00043023255813956496
1645243747414 3 11.940038000000015 0 802415 0.1881 0.00043023255813956496
1645243751361 3 11.930217999999996 0 999009 0.23479999999999998 0.00043023255813956496
1645243755512 3 11.917415000000005 0 869418 0.2045 0.00043023255813956496
1645243759723 3 11.658613000000003 0 897686 0.21080000000000002 0.00043023255813956496
1645243763589 3 11.904246 0 960141 0.2257 0.00043023255813956496
1645243767842 3 11.643775000000005 0 914618 0.2152 0.00043023255813956496
1645243771690 3 11.634152 0 949031 0.2231 0.00043023255813956496
1645243775451 3 11.877738999999991 0 919929 0.2152 0.00043023255813956496
1645243779746 3 11.613866000000002 0 930570 0.21880000000000002 0.00043023255813956496
1645243783446 3 11.860046000000011 0 894188 0.21000000000000002 0.00043023255813956496
1645243787515 3 11.853568999999993 0 835562 0.1967 0.00043023255813956496
1645243791439 3 11.83941900000002 0 986170 0.23210000000000003 0.00043023255813956496
1645243795796 3 11.57491600000003 0 955812 0.2246 0.00043023255813956496
1645243799861 3 11.566155999999978 0 837688 0.1967 0.00043023255813956496
1645243803748 3 11.55749800000001 0 972932 0.22879999999999998 0.00043023255813956496
1645243807748 3 11.549070000000029 0 807690 0.19 0.00043023255813956496
1645243811636 3 11.793002999999999 0 968173 0.2271 0.00043023255813956496
1645243815805 3 11.533629000000019 0 872734 0.2051 0.00043023255813956496
1645243819746 3 11.523018999999977 0 991679 0.23399999999999999 0.00043023255813956496
1645243823530 3 11.761927000000014 0 930061 0.2183 0.00043023255813956496
1645243827715 3 11.75515999999999 0 884740 0.2083 0.00043023255813956496
1645243831603 3 11.746017999999992 0 968599 0.22820000000000001 0.00043023255813956496
1645243835700 3 11.73933599999998 0 848189 0.1992 0.00043023255813956496
1645243839632 3 11.729516999999987 0 989262 0.23290000000000002 0.00043023255813956496
1645243843417 3 11.975000000000023 0 929927 0.2185 0.00043023255813956496
1645243847510 3 11.963727000000006 0 845977 0.1994 0.00043023255813956496
1645243851489 3 11.957551000000024 0 1009703 0.2371 0.00043023255813956496
1645243855613 3 11.697459999999978 0 861836 0.2028 0.00043023255813956496

