1645237245907 1 3.999999 1630 346799 0.1498 -7.009
1645237247609 1 6.290577 0 363755 0.15889999999999999 0.00017441860465117198
1645237249279 1 8.621577 0 362842 0.1563 0.00017441860465117198
1645237251039 1 10.860034 0 384791 0.1658 0.00017441860465117198
1645237254112 1 11.854648 0 339137 0.14730000000000001 0.00017441860465117198
1645237258405 1 11.593183 0 393219 0.1699 0.00017441860465117198
1645237262327 1 11.570250999999999 0 406206 0.1767 0.00017441860465117198
1645237266240 1 11.813399999999998 0 303135 0.1309 0.00017441860465117198
1645237270144 1 11.802747000000004 0 414092 0.1795 0.00017441860465117198
1645237274221 1 11.791020000000003 0 337705 0.1464 0.00017441860465117198
1645237278408 1 11.532077000000001 0 366374 0.15860000000000002 0.00017441860465117198
1645237282533 1 11.522460000000002 0 352030 0.1524 0.00017441860465117198
1645237286242 1 11.760740000000006 0 371605 0.1608 0.00017441860465117198
1645237290516 1 11.504853000000004 0 385670 0.16670000000000001 0.00017441860465117198
1645237294257 1 11.747843000000003 0 374050 0.162 0.00017441860465117198
1645237298634 1 11.512092000000003 0 367058 0.1673 0.00017441860465117198
1645237302375 1 11.743213000000004 0 377983 0.16419999999999998 0.00017441860465117198
1645237306391 1 11.730062000000004 0 326924 0.1413 0.00017441860465117198
1645237310169 1 11.974896000000001 0 388939 0.16770000000000002 0.00017441860465117198
1645237313965 1 11.963051000000007 0 392939 0.1699 0.00017441860465117198
1645237318138 1 11.957763999999997 0 362131 0.15689999999999998 0.00017441860465117198
1645237321990 1 11.94814000000001 0 402712 0.1738 0.00017441860465117198
1645237326023 1 11.940967 0 327400 0.1417 0.00017441860465117198
1645237330367 1 11.686760000000007 0 401133 0.1736 0.00017441860465117198
1645237334349 1 11.679467000000002 0 317452 0.13720000000000002 0.00017441860465117198
1645237338151 1 11.924378000000004 0 391753 0.1701 0.00017441860465117198
1645237342416 1 11.664510000000007 0 384934 0.1668 0.00017441860465117198
1645237346103 1 11.908642 0 367179 0.1585 0.00017441860465117198
1645237350394 1 11.639161999999999 0 387965 0.1686 0.00017441860465117198
1645237354435 1 11.628777999999997 0 333821 0.1442 0.00017441860465117198
1645237358253 1 11.859746999999999 0 394452 0.1709 0.00017441860465117198
1645237362129 1 11.851314000000002 0 409513 0.1769 0.00017441860465117198
1645237366066 1 11.844572 0 307174 0.134 0.00017441860465117198
1645237370492 1 11.588964000000004 0 420407 0.1822 0.00017441860465117198
1645237374566 1 11.576638000000003 0 340231 0.14730000000000001 0.00017441860465117198
1645237378282 1 11.821202 0 374730 0.1621 0.00017441860465117198
1645237382403 1 11.561278000000016 0 353022 0.152 0.00017441860465117198
1645237386214 1 11.806257000000016 0 393253 0.1705 0.00017441860465117198
1645237390419 1 11.54943399999999 0 368813 0.1593 0.00017441860465117198
1645237394136 1 11.794337000000013 0 372578 0.1613 0.00017441860465117198
1645237398362 1 11.78751299999999 0 374507 0.1617 0.00017441860465117198
1645237402582 1 11.520465000000002 0 372824 0.1612 0.00017441860465117198
1645237406594 1 11.513283999999999 0 326437 0.141 0.00017441860465117198
1645237410351 1 11.75359499999999 0 383127 0.16570000000000001 0.00017441860465117198
1645237414191 1 11.748689000000013 0 400632 0.1736 0.00017441860465117198
1645237418279 1 11.738742000000002 0 342596 0.14850000000000002 0.00017441860465117198
1645237422142 1 11.963528999999994 0 407655 0.1764 0.00017441860465117198
1645237426202 1 11.707817000000006 0 337450 0.1457 0.00017441860465117198
1645237430062 1 11.948482000000013 0 404220 0.1756 0.00017441860465117198
1645237434099 1 11.936094999999995 0 331794 0.1439 0.00017441860465117198
1645237438394 1 11.680881 0 390086 0.1691 0.00017441860465117198
1645237442175 1 11.923833000000002 0 387516 0.1679 0.00017441860465117198
1645237446353 1 11.665566000000013 0 365827 0.1582 0.00017441860465117198
1645237450162 1 11.910116000000016 0 392579 0.1705 0.00017441860465117198
1645237454230 1 11.899112000000002 0 337939 0.14650000000000002 0.00017441860465117198
1645237458106 1 11.892932000000002 0 406896 0.1765 0.00017441860465117198
1645237462390 1 11.634823000000011 0 390582 0.1686 0.00017441860465117198
1645237466416 1 11.623272000000014 0 328479 0.14279999999999998 0.00017441860465117198
1645237470248 1 11.863251999999989 0 399016 0.1732 0.00017441860465117198
1645237474457 1 11.601889 0 370990 0.16060000000000002 0.00017441860465117198
1645237478168 1 11.843401999999998 0 371149 0.1605 0.00017441860465117198
1645237482387 1 11.579149999999998 0 372261 0.1615 0.00017441860465117198
1645237486193 1 11.820605 0 394237 0.1701 0.00017441860465117198
1645237490394 1 11.562443000000002 0 368311 0.1599 0.00017441860465117198
1645237494153 1 11.798800999999997 0 381418 0.1649 0.00017441860465117198
1645237498359 1 11.787520999999998 0 368451 0.1592 0.00017441860465117198
1645237502586 1 11.512013000000024 0 371908 0.1613 0.00017441860465117198
1645237506612 1 11.499392 0 328352 0.1419 0.00017441860465117198
1645237510355 1 11.738636999999983 0 379027 0.1639 0.00017441860465117198
1645237514223 1 11.734604999999988 0 407465 0.17629999999999998 0.00017441860465117198
1645237518264 1 11.73001800000003 0 333046 0.1437 0.00017441860465117198
1645237522181 1 11.723366999999996 0 416856 0.1809 0.00017441860465117198
1645237526240 1 11.714951999999982 0 335171 0.14550000000000002 0.00017441860465117198
1645237530082 1 11.947468000000015 0 401613 0.17370000000000002 0.00017441860465117198
1645237534137 1 11.938474999999983 0 337330 0.1457 0.00017441860465117198
1645237538432 1 11.679347000000007 0 391244 0.1692 0.00017441860465117198
1645237542222 1 11.918479999999988 0 387864 0.16699999999999998 0.00017441860465117198
1645237546391 1 11.658810000000017 0 363813 0.15760000000000002 0.00017441860465117198
1645237550185 1 11.903674000000024 0 391839 0.1691 0.00017441860465117198
1645237554246 1 11.888211000000013 0 336898 0.145 0.00017441860465117198
1645237558511 1 11.630735000000016 0 381135 0.16570000000000001 0.00017441860465117198
1645237562298 1 11.622304999999983 0 386654 0.1678 0.00017441860465117198
1645237566419 1 11.613903999999991 0 347396 0.1512 0.00017441860465117198
1645237570223 1 11.855497000000014 0 392538 0.1695 0.00017441860465117198

