1645251649116 1 3.999999 1439 346799 0.1331 -6.1876999999999995
1645251650143 0 6.997163 0 213385 0.0818 0.00017441860465117198
1645251650780 0 10.359502 0 141806 0.0541 0.00006976744186043549
1645251653310 0 11.953437000000001 0 112578 0.0429 0.00006976744186043549
1645251657245 0 11.940250999999998 0 80671 0.0337 0.00006976744186043549
1645251661642 0 11.678156999999999 0 68729 0.029099999999999997 0.00006976744186043549
1645251665300 0 11.923990999999997 0 137895 0.05600000000000001 0.00006976744186043549
1645251669388 0 11.911009999999997 0 114138 0.0469 0.00006976744186043549
1645251673520 0 11.656194000000003 0 126013 0.0513 0.00006976744186043549
1645251677494 0 11.646239000000001 0 217236 0.0861 0.00006976744186043549
1645251681458 0 11.891868000000002 0 219398 0.0869 0.00006976744186043549
1645251685272 0 11.879486 0 177648 0.07089999999999999 0.00006976744186043549
1645251689542 0 11.623817000000003 0 166856 0.0668 0.00006976744186043549
1645251693530 0 11.617542 0 223685 0.0885 0.00006976744186043549
1645251697455 0 11.861176 0 206455 0.0823 0.00006976744186043549
1645251701548 0 11.605641000000006 0 121534 0.0497 0.00006976744186043549
1645251705588 0 11.598864000000006 0 105092 0.0433 0.00006976744186043549
1645251709456 0 11.844362000000004 0 63086 0.0268 0.00006976744186043549
1645251713416 0 11.840079000000003 0 87739 0.036699999999999997 0.00006976744186043549
1645251717629 0 11.579974000000007 0 152905 0.0613 0.00006976744186043549
1645251721644 0 11.576614000000006 0 100587 0.0414 0.00006976744186043549
1645251725491 0 11.816451 0 186001 0.0743 0.00006976744186043549
1645251729397 0 11.810063 0 201620 0.0799 0.00006976744186043549
1645251733365 0 11.804603 0 218012 0.0866 0.00006976744186043549
1645251737471 0 11.796677000000003 0 123058 0.0504 0.00006976744186043549
1645251741360 0 11.784221000000002 0 198856 0.0785 0.00006976744186043549
1645251745862 0 11.526736999999997 0 223061 0.0887 0.00006976744186043549
1645251749539 0 11.761415 0 143385 0.057499999999999996 0.00006976744186043549
1645251753616 0 11.750718000000006 0 117021 0.0475 0.00006976744186043549
1645251757571 0 11.742226000000002 0 83595 0.0344 0.00006976744186043549
1645251761469 0 11.726399999999998 0 68011 0.029699999999999997 0.00006976744186043549
1645251765610 0 11.722066999999996 0 134264 0.0543 0.00006976744186043549
1645251769674 0 11.712067000000005 0 113722 0.0466 0.00006976744186043549
1645251773268 0 11.95518700000001 0 122694 0.0496 0.00006976744186043549
1645251777221 0 11.948324000000014 0 215146 0.0852 0.00006976744186043549
1645251781674 0 11.692503000000016 0 213339 0.08449999999999999 0.00006976744186043549
1645251785479 0 11.684490000000011 0 176949 0.0707 0.00006976744186043549
1645251789716 0 11.672950000000014 0 158356 0.0635 0.00006976744186043549
1645251793698 0 11.66203200000001 0 219852 0.0874 0.00006976744186043549
1645251797585 0 11.654331000000013 0 196864 0.0781 0.00006976744186043549
1645251801662 0 11.644386999999995 0 116610 0.0472 0.00006976744186043549
1645251805704 0 11.63489899999999 0 107223 0.0441 0.00006976744186043549
1645251809580 0 11.626002 0 64332 0.027000000000000003 0.00006976744186043549
1645251813569 0 11.617616999999996 0 88753 0.0371 0.00006976744186043549
1645251817296 0 11.855266 0 153489 0.0622 0.00006976744186043549
1645251821312 0 11.846513000000016 0 101805 0.0417 0.00006976744186043549
1645251825663 0 11.588414 0 186822 0.0748 0.00006976744186043549
1645251829558 0 11.582633000000015 0 200149 0.0794 0.00006976744186043549
1645251833521 0 11.824556000000001 0 215305 0.0856 0.00006976744186043549
1645251837644 0 11.56608700000001 0 128759 0.0523 0.00006976744186043549
1645251841535 0 11.808809999999994 0 199367 0.0789 0.00006976744186043549
1645251845510 0 11.795949000000007 0 220759 0.0879 0.00006976744186043549
1645251849707 0 11.536552 0 149511 0.059899999999999995 0.00006976744186043549
1645251853792 0 11.528044999999992 0 118879 0.0486 0.00006976744186043549
1645251857751 0 11.51932099999999 0 85418 0.0359 0.00006976744186043549
1645251861645 0 11.509750999999994 0 68807 0.029099999999999997 0.00006976744186043549
1645251865790 0 11.502697000000012 0 132565 0.053700000000000005 0.00006976744186043549
1645251869373 0 11.996110000000016 0 117262 0.0479 0.00006976744186043549
1645251873444 0 11.733750000000015 0 116418 0.047299999999999995 0.00006976744186043549
1645251877434 0 11.726371 0 223024 0.0887 0.00006976744186043549
1645251881389 0 11.96991700000001 0 214538 0.0856 0.00006976744186043549
1645251885201 0 11.964054000000004 0 178191 0.07139999999999999 0.00006976744186043549
1645251889443 0 11.705826000000002 0 161454 0.06470000000000001 0.00006976744186043549
1645251893391 0 11.949764000000016 0 212225 0.0847 0.00006976744186043549
1645251897280 0 11.941721000000001 0 195858 0.0779 0.00006976744186043549
1645251901365 0 11.93510599999999 0 119665 0.0489 0.00006976744186043549
1645251905421 0 11.928045999999995 0 108667 0.045 0.00006976744186043549
1645251909297 0 11.919682000000023 0 64782 0.027500000000000004 0.00006976744186043549
1645251913261 0 11.913265000000024 0 87523 0.0364 0.00006976744186043549
1645251917487 0 11.655444999999986 0 155607 0.0623 0.00006976744186043549
1645251921500 0 11.651643999999976 0 100404 0.0412 0.00006976744186043549
1645251925320 0 11.895978000000014 0 183614 0.0725 0.00006976744186043549
1645251929714 0 11.640406999999982 0 197686 0.0787 0.00006976744186043549
1645251933676 0 11.635219000000006 0 217520 0.086 0.00006976744186043549
1645251937320 0 11.878637000000026 0 132353 0.054200000000000005 0.00006976744186043549
1645251941722 0 11.623466000000008 0 199853 0.07970000000000001 0.00006976744186043549
1645251945716 0 11.61363399999999 0 225614 0.0892 0.00006976744186043549
1645251949450 0 11.856092999999987 0 150477 0.061 0.00006976744186043549
1645251953536 0 11.851309000000015 0 117995 0.048 0.00006976744186043549
1645251957499 0 11.834994999999992 0 86503 0.036199999999999996 0.00006976744186043549
1645251961390 0 11.825212000000022 0 67335 0.028499999999999998 0.00006976744186043549
1645251965531 0 11.816572000000008 0 132169 0.0536 0.00006976744186043549
1645251969621 0 11.56023700000003 0 118800 0.048299999999999996 0.00006976744186043549
1645251973699 0 11.551867000000016 0 116618 0.0475 0.00006976744186043549
1645251977678 0 11.463115000000016 0 222296 0.0873 0.00006976744186043549

