1645239773669 1 3.999999 2239 346799 0.2102 -9.627699999999999
1645239775858 0 5.810759 0 213385 0.1291 0.00017441860465117198
1645239776836 0 8.831784 0 141806 0.0858 0.00006976744186043549
1645239779302 1 10.366612 0 384791 0.2331 0.000069767441860491
1645239781988 1 11.767551 0 339137 0.20670000000000002 0.00017441860465117198
1645239785988 1 11.760917 0 393219 0.2386 0.00017441860465117198
1645239790090 1 11.749931 0 406206 0.24769999999999998 0.00017441860465117198
1645239794053 1 11.737614 0 303135 0.18460000000000001 0.00017441860465117198
1645239797705 1 11.980930000000004 0 414092 0.2528 0.00017441860465117198
1645239801887 1 11.976290000000002 0 337705 0.2057 0.00017441860465117198
1645239805742 1 11.965672000000005 0 366374 0.2232 0.00017441860465117198
1645239810021 1 11.709240000000001 0 352030 0.21469999999999997 0.00017441860465117198
1645239813938 1 11.950435000000006 0 371605 0.22610000000000002 0.00017441860465117198
1645239817917 1 11.941625000000002 0 385670 0.2355 0.00017441860465117198
1645239821801 1 11.935794000000001 0 374050 0.227 0.00017441860465117198
1645239826167 1 11.678945000000006 0 367058 0.223 0.00017441860465117198
1645239830086 1 11.668841 0 377983 0.2306 0.00017441860465117198
1645239834194 1 11.663628000000003 0 326924 0.1984 0.00017441860465117198
1645239838185 1 11.658093000000008 0 388939 0.23700000000000002 0.00017441860465117198
1645239842193 1 11.646412999999995 0 392939 0.2387 0.00017441860465117198
1645239846022 1 11.883576000000005 0 362131 0.2203 0.00017441860465117198
1645239850100 1 11.611232999999999 0 402712 0.2455 0.00017441860465117198
1645239854216 1 11.600514000000004 0 327400 0.1993 0.00017441860465117198
1645239858284 1 11.593277 0 401133 0.2444 0.00017441860465117198
1645239861846 1 11.827872999999997 0 317452 0.1927 0.00017441860465117198
1645239866351 1 11.564735999999996 0 391753 0.23809999999999998 0.00017441860465117198
1645239870307 1 11.538196999999997 0 384934 0.23410000000000003 0.00017441860465117198
1645239874169 1 11.522974000000005 0 367179 0.2233 0.00017441860465117198
1645239878161 1 11.515095000000002 0 387965 0.2371 0.00017441860465117198
1645239882318 1 11.504156000000009 0 333821 0.2031 0.00017441860465117198
1645239886337 1 11.498525 0 394452 0.24020000000000002 0.00017441860465117198
1645239889959 1 11.739480999999998 0 409513 0.24900000000000003 0.00017441860465117198
1645239893954 1 11.731036000000003 0 307174 0.1867 0.00017441860465117198
1645239898122 1 11.718782000000004 0 420407 0.25529999999999997 0.00017441860465117198
1645239901809 1 11.960589999999996 0 340231 0.2076 0.00017441860465117198
1645239905718 1 11.954352 0 374730 0.22820000000000001 0.00017441860465117198
1645239909984 1 11.689195000000012 0 353022 0.2138 0.00017441860465117198
1645239914001 1 11.681643000000008 0 393253 0.23900000000000002 0.00017441860465117198
1645239917854 1 11.921498000000014 0 368813 0.2239 0.00017441860465117198
1645239922249 1 11.589709 0 372578 0.22679999999999997 0.00017441860465117198
1645239926131 1 11.641598000000016 0 374507 0.22669999999999998 0.00017441860465117198
1645239930020 1 11.882578999999993 0 372824 0.22669999999999998 0.00017441860465117198
1645239934123 1 11.612277000000006 0 326437 0.1984 0.00017441860465117198
1645239938078 1 11.600029000000006 0 383127 0.23349999999999999 0.00017441860465117198
1645239942124 1 11.593250000000012 0 400632 0.2433 0.00017441860465117198
1645239946312 1 11.585316000000006 0 342596 0.2076 0.00017441860465117198
1645239949920 1 11.816946000000002 0 407655 0.24780000000000002 0.00017441860465117198
1645239954104 1 11.791308000000015 0 337450 0.2056 0.00017441860465117198
1645239958212 1 11.502755000000008 0 404220 0.2445 0.00017441860465117198
1645239962142 0 11.745013 0 128759 0.07830000000000001 0.00017441860465117198
1645239965975 0 11.738529999999997 0 199367 0.12079999999999999 0.00006976744186043549
1645239969947 0 11.722645 0 220759 0.1349 0.00006976744186043549
1645239973961 0 11.716234000000014 0 149511 0.0901 0.00006976744186043549
1645239977801 0 11.955315000000013 0 118879 0.07189999999999999 0.00006976744186043549
1645239981947 0 11.94786400000001 0 85418 0.051500000000000004 0.00006976744186043549
1645239986015 0 11.90195399999999 0 68807 0.0416 0.00006976744186043549
1645239989946 0 11.87317999999999 0 132565 0.0804 0.00006976744186043549
1645239994283 0 11.616496000000012 0 117262 0.07189999999999999 0.00006976744186043549
1645239998110 0 11.611880000000014 0 116418 0.0711 0.00006976744186043549
1645240002091 0 11.607912999999996 0 223024 0.1363 0.00006976744186043549
1645240006015 0 11.850546000000008 0 214538 0.13069999999999998 0.00006976744186043549
1645240010225 0 11.591275999999993 0 178191 0.1091 0.00006976744186043549
1645240014323 0 11.587016000000006 0 161454 0.0977 0.00006976744186043549
1645240018246 0 11.554212000000007 0 212225 0.1289 0.00006976744186043549
1645240022084 0 11.795440000000013 0 195858 0.119 0.00006976744186043549
1645240025943 0 11.784105000000011 0 119665 0.0711 0.00006976744186043549
1645240030230 0 11.520623 0 108667 0.0656 0.00006976744186043549
1645240034263 0 11.511507999999992 0 64782 0.0381 0.00006976744186043549
1645240037924 0 11.752657 0 87523 0.0533 0.00006976744186043549
1645240042012 0 11.746105 0 155607 0.095 0.00006976744186043549
1645240045772 0 11.985660999999993 0 100404 0.060899999999999996 0.00006976744186043549
1645240050090 0 11.725553999999988 0 183614 0.1116 0.00006976744186043549
1645240053959 0 11.721029999999985 0 197686 0.12050000000000001 0.00006976744186043549
1645240057921 0 11.964035000000024 0 217520 0.1318 0.00006976744186043549
1645240061879 0 11.93656900000002 0 132353 0.08030000000000001 0.00006976744186043549
1645240066209 0 11.674682000000018 0 199853 0.1214 0.00006976744186043549
1645240070230 0 11.645167000000015 0 225614 0.13740000000000002 0.00006976744186043549
1645240074261 0 11.639111000000014 0 150477 0.0913 0.00006976744186043549
1645240078088 0 11.619609000000025 0 117995 0.0708 0.00006976744186043549
1645240081820 0 11.862840000000006 0 86503 0.052500000000000005 0.00006976744186043549
1645240085867 0 11.846341999999993 0 67335 0.040600000000000004 0.00006976744186043549
1645240090302 0 11.59077000000002 0 132169 0.081 0.00006976744186043549
1645240094145 0 11.577975999999978 0 118800 0.0728 0.00006976744186043549
1645240097996 0 11.822645000000023 0 116618 0.06999999999999999 0.00006976744186043549

