1645253940566 1 3.999999 1893 346799 0.1777 -8.139899999999999
1645253942553 1 6.0236279999999995 0 363755 0.1873 0.00017441860465117198
1645253944519 1 8.056107 0 362842 0.1865 0.00017441860465117198
1645253946588 1 9.987142 0 384791 0.1968 0.00017441860465117198
1645253948929 1 11.870752999999999 0 339137 0.1739 0.00017441860465117198
1645253953045 1 11.605785999999998 0 393219 0.2017 0.00017441860465117198
1645253957225 1 11.597715999999998 0 406206 0.20800000000000002 0.00017441860465117198
1645253960886 1 11.840761 0 303135 0.1555 0.00017441860465117198
1645253965110 1 11.582182000000003 0 414092 0.2124 0.00017441860465117198
1645253968943 1 11.822668000000004 0 337705 0.1729 0.00017441860465117198
1645253972929 1 11.812082000000004 0 366374 0.1876 0.00017441860465117198
1645253976838 1 11.805621000000002 0 352030 0.1809 0.00017441860465117198
1645253980854 1 11.800156000000001 0 371605 0.1911 0.00017441860465117198
1645253984940 1 11.785172000000003 0 385670 0.19870000000000002 0.00017441860465117198
1645253988969 1 11.777428 0 374050 0.1924 0.00017441860465117198
1645253992957 1 11.765537000000002 0 367058 0.1887 0.00017441860465117198
1645253997008 1 11.759159000000004 0 377983 0.1947 0.00017441860465117198
1645254001298 1 11.502022000000004 0 326924 0.1679 0.00017441860465117198
1645254004896 1 11.740544 0 388939 0.1994 0.00017441860465117198
1645254009017 1 11.732826000000003 0 392939 0.2021 0.00017441860465117198
1645254012987 1 11.724180000000004 0 362131 0.1864 0.00017441860465117198
1645254016654 1 11.968367 0 402712 0.2064 0.00017441860465117198
1645254020953 1 11.709084000000004 0 327400 0.1688 0.00017441860465117198
1645254025116 1 11.69945700000001 0 401133 0.2065 0.00017441860465117198
1645254028843 1 11.936873000000006 0 317452 0.16299999999999998 0.00017441860465117198
1645254032949 1 11.674586000000005 0 391753 0.2009 0.00017441860465117198
1645254037021 1 11.668278999999998 0 384934 0.19770000000000001 0.00017441860465117198
1645254041003 1 11.662663000000009 0 367179 0.1883 0.00017441860465117198
1645254045106 1 11.656283000000002 0 387965 0.1996 0.00017441860465117198
1645254048923 1 11.895284000000004 0 333821 0.1705 0.00017441860465117198
1645254053046 1 11.635709000000006 0 394452 0.2024 0.00017441860465117198
1645254056744 1 11.873055000000008 0 409513 0.21030000000000001 0.00017441860465117198
1645254060923 1 11.866912 0 307174 0.15760000000000002 0.00017441860465117198
1645254065178 1 11.606966999999997 0 420407 0.2157 0.00017441860465117198
1645254069029 1 11.602730000000008 0 340231 0.1743 0.00017441860465117198
1645254073046 1 11.580581999999993 0 374730 0.1916 0.00017441860465117198
1645254076952 1 11.82199700000001 0 353022 0.1809 0.00017441860465117198
1645254081072 1 11.562968000000012 0 393253 0.2017 0.00017441860465117198
1645254085061 1 11.556928 0 368813 0.1886 0.00017441860465117198
1645254089075 1 11.546918000000005 0 372578 0.19090000000000001 0.00017441860465117198
1645254093093 1 11.541594000000003 0 374507 0.1918 0.00017441860465117198
1645254097110 1 11.535135999999994 0 372824 0.19190000000000002 0.00017441860465117198
1645254100885 1 11.776711000000006 0 326437 0.16770000000000002 0.00017441860465117198
1645254104951 1 11.764422999999994 0 383127 0.1963 0.00017441860465117198
1645254109104 1 11.502879000000007 0 400632 0.20579999999999998 0.00017441860465117198
1645254112970 1 11.746631000000008 0 342596 0.1762 0.00017441860465117198
1645254116660 1 11.992808999999994 0 407655 0.2096 0.00017441860465117198
1645254120995 1 11.731347999999997 0 337450 0.17270000000000002 0.00017441860465117198
1645254124687 1 11.97306900000001 0 404220 0.20800000000000002 0.00017441860465117198
1645254128994 1 11.713956999999994 0 331794 0.16999999999999998 0.00017441860465117198
1645254133100 1 11.708615000000009 0 390086 0.2002 0.00017441860465117198
1645254136682 1 11.952918000000011 0 387516 0.1986 0.00017441860465117198
1645254140672 1 11.946162000000015 0 365827 0.1881 0.00017441860465117198
1645254144799 1 11.937103000000008 0 392579 0.20099999999999998 0.00017441860465117198
1645254149188 1 11.634252000000004 0 337939 0.1732 0.00017441860465117198
1645254152879 1 11.877477999999996 0 406896 0.20950000000000002 0.00017441860465117198
1645254156991 1 11.619595000000004 0 390582 0.2001 0.00017441860465117198
1645254160783 1 11.863167000000004 0 328479 0.1688 0.00017441860465117198
1645254164941 1 11.855707999999993 0 399016 0.2051 0.00017441860465117198
1645254168944 1 11.846743000000004 0 370990 0.19019999999999998 0.00017441860465117198
1645254172958 1 11.841228000000001 0 371149 0.1901 0.00017441860465117198
1645254176965 1 11.831154999999995 0 372261 0.1908 0.00017441860465117198
1645254181093 1 11.574626999999992 0 394237 0.20259999999999997 0.00017441860465117198
1645254185084 1 11.566108000000014 0 368311 0.1893 0.00017441860465117198
1645254189158 1 11.560993999999994 0 381418 0.1963 0.00017441860465117198
1645254193154 1 11.552355000000006 0 368451 0.1891 0.00017441860465117198
1645254197173 1 11.548685999999975 0 371908 0.1917 0.00017441860465117198
1645254200962 1 11.792639000000008 0 328352 0.1685 0.00017441860465117198
1645254205012 1 11.782689000000005 0 379027 0.195 0.00017441860465117198
1645254209203 1 11.527467000000001 0 407465 0.20950000000000002 0.00017441860465117198
1645254213022 1 11.770635000000027 0 333046 0.1716 0.00017441860465117198
1645254217267 1 11.512866000000031 0 416856 0.2149 0.00017441860465117198
1645254221091 1 11.502794999999992 0 335171 0.1724 0.00017441860465117198
1645254224763 1 11.995809000000008 0 401613 0.2065 0.00017441860465117198
1645254228595 1 11.985177000000022 0 337330 0.173 0.00017441860465117198
1645254232710 1 11.980225000000019 0 391244 0.20099999999999998 0.00017441860465117198
1645254236803 1 11.968661999999995 0 387864 0.1988 0.00017441860465117198
1645254240774 1 11.955412000000024 0 363813 0.187 0.00017441860465117198
1645254244890 1 11.699170999999978 0 391839 0.20129999999999998 0.00017441860465117198
1645254248714 1 11.942837999999995 0 336898 0.17250000000000001 0.00017441860465117198
1645254252775 1 11.931872999999996 0 381135 0.1956 0.00017441860465117198
1645254256862 1 11.919536999999991 0 386654 0.19870000000000002 0.00017441860465117198
1645254260761 1 11.914191000000017 0 347396 0.1783 0.00017441860465117198
1645254264887 1 11.908352999999977 0 392538 0.2023 0.00017441860465117198

