1645234409927 1 3.999999 837 346799 0.0707 -3.5991
1645234411726 1 6.211361999999999 0 363755 0.0748 0.00017441860465117198
1645234413746 3 8.238434000000002 0 835161 0.1729 0.000174418604651283
1645234415804 3 10.132958 0 908792 0.18680000000000002 0.00043023255813956496
1645234418087 3 11.929751 0 804438 0.1654 0.00043023255813956496
1645234422442 3 11.6718 0 828659 0.1703 0.00043023255813956496
1645234426506 3 11.66556 0 937332 0.1937 0.00043023255813956496
1645234430230 3 11.89538 0 776416 0.1601 0.00043023255813956496
1645234434487 3 11.635952000000003 0 1025687 0.2116 0.00043023255813956496
1645234438302 3 11.879259000000001 0 815426 0.16799999999999998 0.00043023255813956496
1645234442273 3 11.818695000000005 0 884625 0.1825 0.00043023255813956496
1645234446266 3 11.80648 0 904952 0.18660000000000002 0.00043023255813956496
1645234450360 3 11.800847000000005 0 954418 0.1961 0.00043023255813956496
1645234454367 3 11.766716000000002 0 910446 0.1872 0.00043023255813956496
1645234458402 3 11.754366000000005 0 922454 0.1898 0.00043023255813956496
1645234461970 3 11.996972 0 942842 0.1945 0.00043023255813956496
1645234466414 3 11.735305000000004 0 884128 0.1814 0.00043023255813956496
1645234470254 3 11.726479000000005 0 828263 0.17099999999999999 0.00043023255813956496
1645234474406 3 11.71544800000001 0 981175 0.2017 0.00043023255813956496
1645234478479 3 11.705450999999996 0 939007 0.1937 0.00043023255813956496
1645234482336 3 11.665569000000005 0 841370 0.173 0.00043023255813956496
1645234486432 3 11.653019 0 947658 0.19490000000000002 0.00043023255813956496
1645234490286 3 11.898308 0 828958 0.1704 0.00043023255813956496
1645234494421 3 11.607618000000002 0 977791 0.20139999999999997 0.00043023255813956496
1645234498298 3 11.848044999999999 0 847215 0.17250000000000001 0.00043023255813956496
1645234502452 3 11.583041000000009 0 978032 0.20190000000000002 0.00043023255813956496
1645234506516 3 11.570041000000003 0 934237 0.1925 0.00043023255813956496
1645234510487 3 11.564575000000005 0 889600 0.1833 0.00043023255813956496
1645234514157 3 11.801327 0 988774 0.20350000000000001 0.00043023255813956496
1645234518443 3 11.541513000000009 0 808061 0.1662 0.00043023255813956496
1645234522632 3 11.535564000000008 0 995677 0.205 0.00043023255813956496
1645234526166 3 11.769490000000005 0 924757 0.1905 0.00043023255813956496
1645234530470 3 11.514764999999997 0 808228 0.1658 0.00043023255813956496
1645234534190 3 11.755334000000005 0 1014212 0.209 0.00043023255813956496
1645234538566 3 11.499496999999991 0 845218 0.1742 0.00043023255813956496
1645234542117 3 11.987021999999996 0 910767 0.18839999999999998 0.00043023255813956496
1645234546098 3 11.978363000000002 0 901777 0.1859 0.00043023255813956496
1645234550225 3 11.718851 0 967347 0.1993 0.00043023255813956496
1645234554285 3 11.709975000000014 0 935273 0.1931 0.00043023255813956496
1645234558334 3 11.702718000000004 0 916928 0.1879 0.00043023255813956496
1645234562429 3 11.69088099999999 0 940743 0.1936 0.00043023255813956496
1645234566400 3 11.685922000000005 0 877888 0.1812 0.00043023255813956496
1645234570268 3 11.67425399999999 0 839766 0.1731 0.00043023255813956496
1645234574433 3 11.670048000000008 0 976062 0.2009 0.00043023255813956496
1645234578134 3 11.861159000000015 0 958353 0.1961 0.00043023255813956496
1645234582553 3 11.605187999999998 0 836268 0.1719 0.00043023255813956496
1645234586193 3 11.829061999999993 0 968967 0.1995 0.00043023255813956496
1645234590529 3 11.568826999999999 0 825839 0.1708 0.00043023255813956496
1645234594190 3 11.812889000000013 0 974212 0.2003 0.00043023255813956496
1645234598201 0 11.807092000000011 0 128759 0.0267 0.00043023255813956496
1645234602249 0 11.802424000000002 0 199367 0.0407 0.00006976744186043549
1645234606376 0 11.79276999999999 0 220759 0.046 0.00006976744186043549
1645234610399 0 11.758284000000003 0 149511 0.0388 0.00006976744186043549
1645234614371 0 11.732153000000011 0 118879 0.0323 0.00006976744186043549
1645234618311 0 11.72018 0 85418 0.0254 0.00006976744186043549
1645234622283 0 11.716093999999998 0 68807 0.0218 0.00006976744186043549
1645234626376 0 11.703746999999993 0 132565 0.0356 0.00006976744186043549
1645234630397 0 11.695033999999993 0 117262 0.0329 0.00006976744186043549
1645234634378 0 11.689622000000014 0 116418 0.0322 0.00006976744186043549
1645234638163 0 11.894351999999998 0 223024 0.05450000000000001 0.00006976744186043549
1645234642384 0 11.628996999999998 0 214538 0.0524 0.00006976744186043549
1645234646461 0 11.624651999999998 0 178191 0.0441 0.00006976744186043549
1645234650526 0 11.615039999999993 0 161454 0.0418 0.00006976744186043549
1645234654189 0 11.852153000000015 0 212225 0.0508 0.00006976744186043549
1645234658309 0 11.838243000000006 0 195858 0.0485 0.00006976744186043549
1645234662281 0 11.795558999999997 0 119665 0.0325 0.00006976744186043549
1645234666226 0 11.792367000000013 0 108667 0.0306 0.00006976744186043549
1645234670592 0 11.531424000000015 0 64782 0.020999999999999998 0.00006976744186043549
1645234674537 0 11.501900999999975 0 87523 0.0263 0.00006976744186043549
1645234678190 0 11.978439999999978 0 155607 0.0402 0.00006976744186043549
1645234682230 0 11.815173000000016 0 100404 0.028499999999999998 0.00006976744186043549
1645234686315 0 11.806861000000026 0 183614 0.046200000000000005 0.00006976744186043549
1645234690434 0 11.550392999999985 0 197686 0.0486 0.00006976744186043549
1645234694616 0 11.544670999999994 0 217520 0.052700000000000004 0.00006976744186043549
1645234698595 0 11.522731000000022 0 132353 0.035199999999999995 0.00006976744186043549
1645234702233 0 11.754294000000016 0 199853 0.0494 0.00006976744186043549
1645234706393 0 11.747570999999994 0 225614 0.05450000000000001 0.00006976744186043549
1645234710424 0 11.741378999999995 0 150477 0.039 0.00006976744186043549
1645234714395 0 11.707146000000023 0 117995 0.0322 0.00006976744186043549
1645234718290 0 11.695969999999988 0 86503 0.0253 0.00006976744186043549
1645234722150 0 11.941898999999978 0 67335 0.0228 0.00006976744186043549
1645234726123 0 11.926466000000005 0 132169 0.034999999999999996 0.00006976744186043549
1645234730088 0 11.921003999999982 0 118800 0.033 0.00006976744186043549
1645234734081 0 11.901272000000006 0 116618 0.0313 0.00006976744186043549

