1645247780385 1 3.999999 3265 346799 0.315 -14.0395
1645247783815 1 4.585768 0 363755 0.3321 0.00017441860465117198
1645247787215 1 5.185290000000001 0 362842 0.3291 0.00017441860465117198
1645247790799 1 5.601606 0 384791 0.3486 0.00017441860465117198
1645247793989 1 6.417014999999999 0 339137 0.3079 0.00017441860465117198
1645247797666 1 6.734748999999997 0 393219 0.3566 0.00017441860465117198
1645247801487 1 6.914783 0 406206 0.3698 0.00017441860465117198
1645247804347 1 8.053397999999998 0 303135 0.2757 0.00017441860465117198
1645247808216 1 8.185099000000001 0 414092 0.3767 0.00017441860465117198
1645247811394 1 9.005947000000003 0 337705 0.308 0.00017441860465117198
1645247814831 1 9.571222000000006 0 366374 0.3332 0.00017441860465117198
1645247818152 1 10.250614000000006 0 352030 0.3201 0.00017441860465117198
1645247821660 1 10.746274 0 371605 0.3376 0.00017441860465117198
1645247825269 1 11.132749000000004 0 385670 0.3503 0.00017441860465117198
1645247828766 1 11.634844000000001 0 374050 0.3388 0.00017441860465117198
1645247832699 1 11.903132 0 367058 0.33340000000000003 0.00017441860465117198
1645247836751 1 11.806198000000002 0 377983 0.3446 0.00017441860465117198
1645247840824 1 11.633901999999999 0 326924 0.2967 0.00017441860465117198
1645247844450 1 11.95029000000001 0 388939 0.3529 0.00017441860465117198
1645247848626 1 11.865977 0 392939 0.3572 0.00017441860465117198
1645247853019 1 11.604279000000005 0 362131 0.329 0.00017441860465117198
1645247856787 1 11.614992999999998 0 402712 0.3672 0.00017441860465117198
1645247860870 1 11.589190000000002 0 327400 0.2982 0.00017441860465117198
1645247864626 1 11.775180000000006 0 401133 0.36429999999999996 0.00017441860465117198
1645247868622 1 11.825141000000002 0 317452 0.2884 0.00017441860465117198
1645247872793 1 11.819958999999997 0 391753 0.3559 0.00017441860465117198
1645247876411 1 11.989517000000006 0 384934 0.3513 0.00017441860465117198
1645247880850 1 11.791646 0 367179 0.33330000000000004 0.00017441860465117198
1645247884487 1 11.915692000000007 0 387965 0.3529 0.00017441860465117198
1645247888632 1 11.768381000000005 0 333821 0.304 0.00017441860465117198
1645247892822 1 11.758226000000008 0 394452 0.3587 0.00017441860465117198
1645247896669 1 11.732146999999998 0 409513 0.3725 0.00017441860465117198
1645247900578 1 11.991150000000005 0 307174 0.27999999999999997 0.00017441860465117198
1645247904502 1 11.900063000000003 0 420407 0.38239999999999996 0.00017441860465117198
1645247908696 1 11.717807999999991 0 340231 0.30920000000000003 0.00017441860465117198
1645247912710 1 11.706288999999998 0 374730 0.3397 0.00017441860465117198
1645247916534 1 11.947442999999993 0 353022 0.32120000000000004 0.00017441860465117198
1645247920718 1 11.686507000000006 0 393253 0.3572 0.00017441860465117198
1645247924670 1 11.924569999999989 0 368813 0.3345 0.00017441860465117198
1645247928663 1 11.911953000000011 0 372578 0.3387 0.00017441860465117198
1645247932663 1 11.894987000000015 0 374507 0.3388 0.00017441860465117198
1645247936657 1 11.885389000000004 0 372824 0.3388 0.00017441860465117198
1645247940729 1 11.876002999999997 0 326437 0.2964 0.00017441860465117198
1645247944832 1 11.614346000000012 0 383127 0.3491 0.00017441860465117198
1645247948575 1 11.826535000000007 0 400632 0.36429999999999996 0.00017441860465117198
1645247952794 1 11.845541999999995 0 342596 0.3106 0.00017441860465117198
1645247956611 1 11.790769000000012 0 407655 0.37160000000000004 0.00017441860465117198
1645247960788 1 11.826674999999994 0 337450 0.30670000000000003 0.00017441860465117198
1645247964582 1 11.819883000000004 0 404220 0.3685 0.00017441860465117198
1645247968707 1 11.806195000000002 0 331794 0.3023 0.00017441860465117198
1645247972863 1 11.546965 0 390086 0.3545 0.00017441860465117198
1645247976480 1 11.92013 0 387516 0.3516 0.00017441860465117198
1645247980903 1 11.530274999999989 0 365827 0.3317 0.00017441860465117198
1645247984587 1 11.81389999999999 0 392579 0.3573 0.00017441860465117198
1645247988749 1 11.757281000000006 0 337939 0.3065 0.00017441860465117198
1645247992546 1 11.854343 0 406896 0.3698 0.00017441860465117198
1645247996695 1 11.738552999999996 0 390582 0.3545 0.00017441860465117198
1645248000808 1 11.728172999999998 0 328479 0.2999 0.00017441860465117198
1645248004533 1 11.867795000000001 0 399016 0.36160000000000003 0.00017441860465117198
1645248008521 1 11.961971000000005 0 370990 0.3376 0.00017441860465117198
1645248012501 1 11.953699999999998 0 371149 0.3376 0.00017441860465117198
1645248016494 1 11.944184000000007 0 372261 0.3387 0.00017441860465117198
1645248020687 1 11.934680000000014 0 394237 0.3586 0.00017441860465117198
1645248024644 1 11.92527100000001 0 368311 0.33490000000000003 0.00017441860465117198
1645248028707 1 11.910311000000007 0 381418 0.346 0.00017441860465117198
1645248032660 1 11.903066999999993 0 368451 0.3347 0.00017441860465117198
1645248036655 1 11.892894000000013 0 371908 0.339 0.00017441860465117198
1645248040742 1 11.883229000000028 0 328352 0.2984 0.00017441860465117198
1645248044800 1 11.62475999999998 0 379027 0.3444 0.00017441860465117198
1645248048615 1 11.785286999999983 0 407465 0.3713 0.00017441860465117198
1645248052755 1 11.862032 0 333046 0.3041 0.00017441860465117198
1645248056661 1 11.739434000000017 0 416856 0.3798 0.00017441860465117198
1645248060802 1 11.847393000000011 0 335171 0.3036 0.00017441860465117198
1645248064571 1 11.830217000000005 0 401613 0.3654 0.00017441860465117198
1645248068765 1 11.821685000000002 0 337330 0.3082 0.00017441860465117198
1645248072436 1 11.964944000000003 0 391244 0.356 0.00017441860465117198
1645248077078 1 11.369011 0 387864 0.3529 0.00017441860465117198
1645248080488 1 11.912119000000018 0 363813 0.3303 0.00017441860465117198
1645248084653 1 11.791328000000021 0 391839 0.356 0.00017441860465117198
1645248088827 1 11.782198999999991 0 336898 0.3064 0.00017441860465117198
1645248092405 1 11.996096000000023 0 381135 0.34700000000000003 0.00017441860465117198
1645248097027 1 11.509901000000013 0 386654 0.3514 0.00017441860465117198
1645248100797 1 11.751100000000008 0 347396 0.3156 0.00017441860465117198
1645248104475 1 11.925590999999997 0 392538 0.3572 0.00017441860465117198

