1645243269391 1 3.999999 1498 346799 0.1382 -6.4414
1645243270949 1 6.469378 0 363755 0.1464 0.00017441860465117198
1645243272498 1 8.921427000000001 0 362842 0.1452 0.00017441860465117198
1645243274144 1 11.274355 0 384791 0.15460000000000002 0.00017441860465117198
1645243277582 3 11.83639 0 804438 0.32389999999999997 0.000174418604651283
1645243281520 3 11.994311999999999 0 828659 0.3336 0.00043023255813956496
1645243285895 3 11.735913999999998 0 937332 0.377 0.00043023255813956496
1645243289618 3 11.970229 0 776416 0.3114 0.00043023255813956496
1645243293848 3 11.570619000000004 0 1025687 0.4128 0.00043023255813956496
1645243297742 3 11.694844000000003 0 815426 0.3286 0.00043023255813956496
1645243301907 3 11.687004000000002 0 884625 0.3563 0.00043023255813956496
1645243305651 3 11.766581000000002 0 904952 0.3644 0.00043023255813956496
1645243309596 3 11.821251000000004 0 954418 0.3845 0.00043023255813956496
1645243313858 3 11.662589000000004 0 910446 0.3661 0.00043023255813956496
1645243317667 3 11.751943000000004 0 922454 0.37120000000000003 0.00043023255813956496
1645243321563 3 11.854624000000001 0 942842 0.3796 0.00043023255813956496
1645243325725 3 11.8917 0 884128 0.35550000000000004 0.00043023255813956496
1645243329659 3 11.886598 0 828263 0.3335 0.00043023255813956496
1645243333700 3 11.718291000000008 0 981175 0.3942 0.00043023255813956496
1645243337578 3 11.840045000000003 0 939007 0.3774 0.00043023255813956496
1645243342065 3 11.601430000000008 0 841370 0.3388 0.00043023255813956496
1645243345980 3 11.440146999999996 0 947658 0.3812 0.00043023255813956496
1645243349913 3 11.585385000000002 0 828958 0.333 0.00043023255813956496
1645243353948 3 11.469482 0 977791 0.3935 0.00043023255813956496
1645243357462 3 11.956491999999997 0 847215 0.3411 0.00043023255813956496
1645243361496 3 11.922837000000001 0 978032 0.3933 0.00043023255813956496
1645243365863 3 11.79425400000001 0 934237 0.3758 0.00043023255813956496
1645243369541 3 11.876382000000007 0 889600 0.358 0.00043023255813956496
1645243373641 3 11.778641000000007 0 988774 0.3992 0.00043023255813956496
1645243377993 3 11.523221000000007 0 808061 0.3251 0.00043023255813956496
1645243382096 3 11.322102999999998 0 995677 0.4 0.00043023255813956496
1645243385915 3 11.504356000000001 0 924757 0.3715 0.00043023255813956496
1645243389761 3 11.742411000000004 0 808228 0.325 0.00043023255813956496
1645243393944 3 11.473841000000007 0 1014212 0.4082 0.00043023255813956496
1645243397442 3 11.977244000000013 0 845218 0.33940000000000003 0.00043023255813956496
1645243401721 3 11.708062000000012 0 910767 0.3666 0.00043023255813956496
1645243405442 3 11.977089000000007 0 901777 0.36219999999999997 0.00043023255813956496
1645243409472 3 11.96011999999999 0 967347 0.3891 0.00043023255813956496
1645243413855 3 11.675072999999998 0 935273 0.3769 0.00043023255813956496
1645243417640 3 11.778050000000007 0 916928 0.369 0.00043023255813956496
1645243421526 3 11.891221999999999 0 940743 0.3785 0.00043023255813956496
1645243425658 3 11.902321999999998 0 877888 0.3532 0.00043023255813956496
1645243431037 3 10.382315000000006 0 839766 0.5269 0.00043023255813956496
1645243433812 1 11.638633999999996 0 383127 0.157 0.00043023255813956496
1645243438021 1 11.63071500000001 0 400632 0.1602 0.00017441860465117198
1645243441517 3 11.90078600000001 0 836268 0.339 0.000174418604651283
1645243445537 3 11.88830200000001 0 968967 0.3895 0.00043023255813956496
1645243449956 3 11.609445999999991 0 825839 0.33199999999999996 0.00043023255813956496
1645243453976 3 11.440927000000016 0 974212 0.39180000000000004 0.00043023255813956496
1645243457569 3 11.848461000000015 0 867483 0.3488 0.00043023255813956496
1645243461639 3 11.778133999999994 0 987232 0.3969 0.00043023255813956496
1645243465449 3 11.972190000000012 0 921956 0.3706 0.00043023255813956496
1645243471207 3 10.212433000000004 0 913803 0.5650999999999999 0.00043023255813956496
1645243474011 1 11.553793000000013 0 392579 0.1607 0.00043023255813956496
1645243477967 1 11.541436000000004 0 337939 0.1349 0.00017441860465117198
1645243482154 3 11.265014000000008 0 1005593 0.40759999999999996 0.000174418604651283
1645243486020 3 11.397216000000014 0 935985 0.3762 0.00043023255813956496
1645243489842 3 11.76339200000001 0 802415 0.32280000000000003 0.00043023255813956496
1645243493963 3 11.454471000000012 0 999009 0.40190000000000003 0.00043023255813956496
1645243497567 3 11.850939000000011 0 869418 0.3499 0.00043023255813956496
1645243501777 3 11.739180000000005 0 897686 0.36110000000000003 0.00043023255813956496
1645243505737 3 11.68098599999999 0 960141 0.3862 0.00043023255813956496
1645243509512 3 11.907315000000011 0 914618 0.3679 0.00043023255813956496
1645243513433 3 11.984741000000014 0 949031 0.3815 0.00043023255813956496
1645243517736 3 11.682333999999997 0 919929 0.3699 0.00043023255813956496
1645243521577 3 11.84123600000001 0 930570 0.37370000000000003 0.00043023255813956496
1645243527332 3 10.091476999999998 0 894188 0.5639000000000001 0.00043023255813956496
1645243529901 1 11.660851999999977 0 328352 0.1343 0.00043023255813956496
1645243533539 1 11.904680999999982 0 379027 0.153 0.00017441860465117198
1645243537804 1 11.615546999999992 0 407465 0.1661 0.00017441860465117198
1645243541781 1 11.877943000000016 0 333046 0.1368 0.00017441860465117198
1645243545599 1 11.867227000000014 0 416856 0.1714 0.00017441860465117198
1645243550049 1 11.60922499999998 0 335171 0.135 0.00017441860465117198
1645243553789 1 11.844605999999999 0 401613 0.1635 0.00017441860465117198
1645243557743 1 11.836385000000007 0 337330 0.1356 0.00017441860465117198
1645243561839 3 11.579854000000012 0 991679 0.3991 0.000174418604651283
1645243565687 3 11.730717000000027 0 930061 0.37360000000000004 0.00043023255813956496
1645243569841 3 11.785112000000026 0 884740 0.35550000000000004 0.00043023255813956496
1645243573851 3 11.566558999999984 0 968599 0.38980000000000004 0.00043023255813956496
1645243577864 3 11.763351999999998 0 848189 0.3404 0.00043023255813956496
1645243581962 3 11.464790999999991 0 989262 0.3982 0.00043023255813956496
1645243585816 3 11.609306000000004 0 929927 0.37429999999999997 0.00043023255813956496
1645243589865 3 11.734302000000014 0 845977 0.3447 0.00043023255813956496
1645243594033 3 11.385351000000014 0 1009703 0.4061 0.00043023255813956496
1645243597603 3 11.814813000000015 0 861836 0.3466 0.00043023255813956496

