1645244597478 1 3.999999 835 346799 0.07239999999999999 -3.5905
1645244598115 0 7.385948 0 213385 0.0446 0.00017441860465117198
1645244598509 0 10.989840000000001 0 141806 0.0298 0.00006976744186043549
1645244601845 0 11.847138000000001 0 112578 0.0237 0.00006976744186043549
1645244605699 0 11.840679999999999 0 80671 0.025500000000000002 0.00006976744186043549
1645244610023 0 11.583970999999998 0 68729 0.0224 0.00006976744186043549
1645244613994 0 11.575862999999998 0 137895 0.0376 0.00006976744186043549
1645244617920 0 11.818559 0 114138 0.0328 0.00006976744186043549
1645244621864 0 11.809367000000002 0 126013 0.0348 0.00006976744186043549
1645244625998 0 11.556337000000003 0 217236 0.053500000000000006 0.00006976744186043549
1645244630132 0 11.545183999999999 0 219398 0.0536 0.00006976744186043549
1645244634195 0 11.536739000000004 0 177648 0.046700000000000005 0.00006976744186043549
1645244637730 0 11.777794 0 166856 0.0436 0.00006976744186043549
1645244641877 0 11.772956 0 223685 0.0539 0.00006976744186043549
1645244645986 0 11.514219000000004 0 206455 0.0505 0.00006976744186043549
1645244649914 0 11.756331000000003 0 121534 0.0335 0.00006976744186043549
1645244653811 0 11.751801 0 105092 0.0295 0.00006976744186043549
1645244657616 0 11.993442000000002 0 63086 0.0208 0.00006976744186043549
1645244661977 0 11.735182000000009 0 87739 0.0258 0.00006976744186043549
1645244665983 0 11.722977 0 152905 0.0403 0.00006976744186043549
1645244669871 0 11.710802000000001 0 100587 0.0289 0.00006976744186043549
1645244673934 0 11.706246000000007 0 186001 0.046700000000000005 0.00006976744186043549
1645244678039 0 11.697333999999998 0 201620 0.0506 0.00006976744186043549
1645244681668 0 11.941827000000004 0 218012 0.053200000000000004 0.00006976744186043549
1645244685604 0 11.934134999999998 0 123058 0.033800000000000004 0.00006976744186043549
1645244689707 0 11.929924 0 198856 0.0499 0.00006976744186043549
1645244693889 0 11.675294000000008 0 223061 0.054200000000000005 0.00006976744186043549
1645244697859 0 11.669398000000001 0 143385 0.0376 0.00006976744186043549
1645244701778 0 11.91149 0 117021 0.0319 0.00006976744186043549
1645244705633 0 11.906022000000007 0 83595 0.0256 0.00006976744186043549
1645244709956 0 11.648185999999995 0 68011 0.022600000000000002 0.00006976744186043549
1645244713914 0 11.641766000000004 0 134264 0.0359 0.00006976744186043549
1645244717823 0 11.887558999999996 0 113722 0.0314 0.00006976744186043549
1645244721754 0 11.883104000000003 0 122694 0.0333 0.00006976744186043549
1645244725879 0 11.62683899999999 0 215146 0.0528 0.00006976744186043549
1645244730004 0 11.622592999999995 0 213339 0.0526 0.00006976744186043549
1645244734047 0 11.607047999999992 0 176949 0.0448 0.00006976744186043549
1645244738047 0 11.597397999999998 0 158356 0.0405 0.00006976744186043549
1645244741677 0 11.841296 0 219852 0.053500000000000006 0.00006976744186043549
1645244745773 0 11.837174000000005 0 196864 0.0497 0.00006976744186043549
1645244749700 0 11.828789 0 116610 0.032600000000000004 0.00006976744186043549
1645244754103 0 11.573628000000014 0 107223 0.03 0.00006976744186043549
1645244757906 0 11.81750199999999 0 64332 0.0208 0.00006976744186043549
1645244761774 0 11.803922 0 88753 0.027200000000000002 0.00006976744186043549
1645244765774 0 11.797425000000004 0 153489 0.0403 0.00006976744186043549
1645244770168 0 11.541488000000015 0 101805 0.029099999999999997 0.00006976744186043549
1645244773736 0 11.788804999999996 0 186822 0.0469 0.00006976744186043549
1645244777834 0 11.780851000000013 0 200149 0.0493 0.00006976744186043549
1645244781960 0 11.76897600000001 0 215305 0.053000000000000005 0.00006976744186043549
1645244785907 0 11.762123000000003 0 128759 0.0348 0.00006976744186043549
1645244790004 0 11.505650000000003 0 199367 0.0498 0.00006976744186043549
1645244793650 0 11.999274000000014 0 220759 0.0541 0.00006976744186043549
1645244797641 0 11.995020000000011 0 149511 0.0391 0.00006976744186043549
1645244801574 0 11.988865000000004 0 118879 0.033 0.00006976744186043549
1645244805936 0 11.731386000000015 0 85418 0.0262 0.00006976744186043549
1645244809749 0 11.975642999999991 0 68807 0.0216 0.00006976744186043549
1645244813700 0 11.966464000000002 0 132565 0.0353 0.00006976744186043549
1645244817622 0 11.962121999999994 0 117262 0.0318 0.00006976744186043549
1645244822084 0 11.708918000000011 0 116418 0.0322 0.00006976744186043549
1645244825774 0 11.845044999999999 0 223024 0.054900000000000004 0.00006976744186043549
1645244829901 0 11.840502000000015 0 214538 0.0526 0.00006976744186043549
1645244833967 0 11.578213000000005 0 178191 0.0466 0.00006976744186043549
1645244837987 0 11.57304099999999 0 161454 0.040999999999999995 0.00006976744186043549
1645244842109 0 11.567326000000008 0 212225 0.0526 0.00006976744186043549
1645244846189 0 11.559951000000012 0 195858 0.0486 0.00006976744186043549
1645244850112 0 11.551364000000007 0 119665 0.0322 0.00006976744186043549
1645244854011 0 11.546765999999991 0 108667 0.0304 0.00006976744186043549
1645244857823 0 11.785993000000019 0 64782 0.0217 0.00006976744186043549
1645244862185 0 11.530328999999995 0 87523 0.0261 0.00006976744186043549
1645244866201 0 11.526012999999978 0 155607 0.0409 0.00006976744186043549
1645244870084 0 11.513266999999985 0 100404 0.028599999999999997 0.00006976744186043549
1645244874139 0 11.504656000000011 0 183614 0.046200000000000005 0.00006976744186043549
1645244877739 0 11.999276000000009 0 197686 0.0497 0.00006976744186043549
1645244881885 0 11.743347000000028 0 217520 0.053700000000000005 0.00006976744186043549
1645244885841 0 11.731280000000027 0 132353 0.035699999999999996 0.00006976744186043549
1645244889934 0 11.72669000000002 0 199853 0.0496 0.00006976744186043549
1645244893586 0 11.966296 0 225614 0.054900000000000004 0.00006976744186043549
1645244897579 0 11.961774999999989 0 150477 0.0391 0.00006976744186043549
1645244902007 0 11.69347700000003 0 117995 0.0328 0.00006976744186043549
1645244905875 0 11.685230999999987 0 86503 0.0259 0.00006976744186043549
1645244909696 0 11.930866999999978 0 67335 0.0221 0.00006976744186043549
1645244913664 0 11.915177000000028 0 132169 0.037 0.00006976744186043549
1645244918087 0 11.658275000000003 0 118800 0.0327 0.00006976744186043549
1645244922001 0 11.644650000000013 0 116618 0.0318 0.00006976744186043549
1645244925640 0 11.889343999999994 0 222296 0.05450000000000001 0.00006976744186043549

