1645249677694 1 3.999999 1277 346799 0.11610000000000001 -5.491099999999999
1645249679045 1 6.667659 0 363755 0.122 0.00017441860465117198
1645249680371 1 9.339294 0 362842 0.1223 0.00017441860465117198
1645249681763 1 11.947689 0 384791 0.1295 0.00017441860465117198
1645249686173 3 11.77625 0 804438 0.2705 0.000174418604651283
1645249690069 3 11.768294999999998 0 828659 0.2793 0.00043023255813956496
1645249694323 3 11.512964999999998 0 937332 0.31520000000000004 0.00043023255813956496
1645249698041 3 11.752906 0 776416 0.2613 0.00043023255813956496
1645249702095 3 11.744860000000003 0 1025687 0.34540000000000004 0.00043023255813956496
1645249705940 3 11.989100000000004 0 815426 0.27440000000000003 0.00043023255813956496
1645249710015 3 11.733794000000003 0 884625 0.2974 0.00043023255813956496
1645249713794 3 11.97372 0 904952 0.3185 0.00043023255813956496
1645249718114 3 11.717396 0 954418 0.3216 0.00043023255813956496
1645249721809 3 11.956479999999999 0 910446 0.3064 0.00043023255813956496
1645249726026 3 11.698159000000004 0 922454 0.311 0.00043023255813956496
1645249729807 3 11.938616000000003 0 942842 0.3175 0.00043023255813956496
1645249735556 3 10.155230000000003 0 884128 0.5645 0.00043023255813956496
1645249737874 1 11.920286000000004 0 326924 0.11299999999999999 0.00043023255813956496
1645249742289 3 11.660228000000004 0 981175 0.3309 0.000174418604651283
1645249746046 3 11.905766999999997 0 939007 0.3156 0.00043023255813956496
1645249749975 3 11.888740999999996 0 841370 0.2831 0.00043023255813956496
1645249754277 3 11.630702 0 947658 0.3194 0.00043023255813956496
1645249758180 3 11.621739000000005 0 828958 0.2786 0.00043023255813956496
1645249762069 3 11.860908000000009 0 977791 0.3296 0.00043023255813956496
1645249766037 3 11.854595000000003 0 847215 0.2859 0.00043023255813956496
1645249769923 3 11.849046000000001 0 978032 0.3295 0.00043023255813956496
1645249774170 3 11.592865000000003 0 934237 0.3142 0.00043023255813956496
1645249778259 3 11.585301000000001 0 889600 0.2995 0.00043023255813956496
1645249782187 3 11.573347999999996 0 988774 0.3331 0.00043023255813956496
1645249786008 3 11.818730000000002 0 808061 0.27240000000000003 0.00043023255813956496
1645249789972 3 11.808574000000007 0 995677 0.3356 0.00043023255813956496
1645249794186 3 11.553083 0 924757 0.3114 0.00043023255813956496
1645249798003 3 11.795173000000005 0 808228 0.27240000000000003 0.00043023255813956496
1645249802019 3 11.789298000000002 0 1014212 0.3411 0.00043023255813956496
1645249805972 3 11.783309000000003 0 845218 0.28450000000000003 0.00043023255813956496
1645249810140 3 11.763194999999996 0 910767 0.30670000000000003 0.00043023255813956496
1645249814291 3 11.507041000000015 0 901777 0.3026 0.00043023255813956496
1645249818151 3 11.751565999999997 0 967347 0.3261 0.00043023255813956496
1645249821895 3 11.991123000000016 0 935273 0.3149 0.00043023255813956496
1645249826091 3 11.731088999999997 0 916928 0.3083 0.00043023255813956496
1645249829854 3 11.97593599999999 0 940743 0.3164 0.00043023255813956496
1645249833914 3 11.961984000000001 0 877888 0.2956 0.00043023255813956496
1645249837845 3 11.956232 0 839766 0.28300000000000003 0.00043023255813956496
1645249842237 3 11.694610000000011 0 976062 0.3285 0.00043023255813956496
1645249846069 3 11.69144399999999 0 958353 0.323 0.00043023255813956496
1645249849982 3 11.936194999999998 0 836268 0.2817 0.00043023255813956496
1645249853852 3 11.928438 0 968967 0.3261 0.00043023255813956496
1645249858236 3 11.666248999999993 0 825839 0.2786 0.00043023255813956496
1645249862111 3 11.658457999999996 0 974212 0.3274 0.00043023255813956496
1645249866127 3 11.644346000000013 0 867483 0.2919 0.00043023255813956496
1645249870048 3 11.887845999999996 0 987232 0.33199999999999996 0.00043023255813956496
1645249874253 3 11.627047000000005 0 921956 0.3101 0.00043023255813956496
1645249877932 3 11.844556000000011 0 913803 0.30779999999999996 0.00043023255813956496
1645249882266 3 11.58286799999999 0 958215 0.3225 0.00043023255813956496
1645249886168 3 11.578371000000004 0 832934 0.2803 0.00043023255813956496
1645249890152 3 11.573317000000003 0 1005593 0.33799999999999997 0.00043023255813956496
1645249893898 3 11.813660999999996 0 935985 0.315 0.00043023255813956496
1645249898202 3 11.557803000000007 0 802415 0.27 0.00043023255813956496
1645249902165 3 11.784020999999996 0 999009 0.3364 0.00043023255813956496
1645249906193 3 11.52985799999999 0 869418 0.2925 0.00043023255813956496
1645249910314 3 11.521423999999996 0 897686 0.3025 0.00043023255813956496
1645249913870 3 11.873492999999996 0 960141 0.3234 0.00043023255813956496
1645249918079 3 11.827642999999995 0 914618 0.3077 0.00043023255813956496
1645249921893 3 11.817294000000004 0 949031 0.3194 0.00043023255813956496
1645249926094 3 11.806751999999989 0 919929 0.3097 0.00043023255813956496
1645249930318 3 11.548127999999991 0 930570 0.3128 0.00043023255813956496
1645249933929 3 11.794291999999984 0 894188 0.3009 0.00043023255813956496
1645249938348 3 11.538063000000022 0 835562 0.28159999999999996 0.00043023255813956496
1645249941764 3 11.946051000000011 0 986170 0.3321 0.00043023255813956496
1645249946081 3 11.770461000000012 0 955812 0.32130000000000003 0.00043023255813956496
1645249950001 3 11.76437199999998 0 837688 0.2821 0.00043023255813956496
1645249954379 3 11.504376999999977 0 972932 0.3278 0.00043023255813956496
1645249958197 3 11.74884800000001 0 807690 0.2716 0.00043023255813956496
1645249962058 3 11.741934000000015 0 968173 0.3255 0.00043023255813956496
1645249966091 3 11.729732000000013 0 872734 0.2934 0.00043023255813956496
1645249970033 3 11.723688999999979 0 991679 0.3339 0.00043023255813956496
1645249973785 3 11.963075000000003 0 930061 0.3129 0.00043023255813956496
1645249977865 3 11.958743000000027 0 884740 0.2981 0.00043023255813956496
1645249982230 3 11.696529999999996 0 968599 0.32639999999999997 0.00043023255813956496
1645249986178 3 11.691694999999982 0 848189 0.28559999999999997 0.00043023255813956496
1645249990115 3 11.683799000000022 0 989262 0.3331 0.00043023255813956496
1645249993858 3 11.925764000000015 0 929927 0.313 0.00043023255813956496
1645249997813 3 11.914188000000024 0 845977 0.2848 0.00043023255813956496
1645250001818 3 11.911098999999979 0 1009703 0.33999999999999997 0.00043023255813956496
1645250005819 3 11.900800000000004 0 861836 0.2905 0.00043023255813956496

