1645242571262 1 3.999999 2583 346799 0.2473 -11.1069
1645242572985 0 6.286296999999999 0 213385 0.1527 0.00017441860465117198
1645242574093 0 9.177565000000001 0 141806 0.1012 0.00006976744186043549
1645242575486 0 11.826984 0 112578 0.0794 0.00006976744186043549
1645242579512 1 11.821366 0 339137 0.24180000000000001 0.000069767441860491
1645242583923 1 11.564791 0 393219 0.27999999999999997 0.00017441860465117198
1645242587929 1 11.557775 0 406206 0.29009999999999997 0.00017441860465117198
1645242591689 1 11.798652 0 303135 0.21589999999999998 0.00017441860465117198
1645242595743 1 11.538320000000002 0 414092 0.2952 0.00017441860465117198
1645242599756 1 11.531487000000002 0 337705 0.2411 0.00017441860465117198
1645242603970 1 11.524583 0 366374 0.2612 0.00017441860465117198
1645242607590 1 11.765922000000003 0 352030 0.2517 0.00017441860465117198
1645242611847 1 11.510392000000003 0 371605 0.2647 0.00017441860465117198
1645242615704 1 11.750756000000003 0 385670 0.2757 0.00017441860465117198
1645242619473 1 11.993108 0 374050 0.2666 0.00017441860465117198
1645242623686 1 11.732212000000004 0 367058 0.2613 0.00017441860465117198
1645242627495 1 11.973800000000004 0 377983 0.2701 0.00017441860465117198
1645242631422 1 11.969096 0 326924 0.2323 0.00017441860465117198
1645242635789 1 11.714174 0 388939 0.2767 0.00017441860465117198
1645242639693 1 11.703773999999996 0 392939 0.2799 0.00017441860465117198
1645242643373 1 11.947902 0 362131 0.258 0.00017441860465117198
1645242647353 1 11.940757000000005 0 402712 0.28759999999999997 0.00017441860465117198
1645242651794 1 11.677644999999998 0 327400 0.2331 0.00017441860465117198
1645242655765 1 11.667484000000002 0 401133 0.28650000000000003 0.00017441860465117198
1645242659649 1 11.650152000000006 0 317452 0.22679999999999997 0.00017441860465117198
1645242663551 1 11.879256999999996 0 391753 0.2799 0.00017441860465117198
1645242667899 1 11.618038999999996 0 384934 0.2745 0.00017441860465117198
1645242671614 1 11.862404999999995 0 367179 0.2613 0.00017441860465117198
1645242675479 1 11.854647 0 387965 0.2767 0.00017441860465117198
1645242679453 1 11.842931000000007 0 333821 0.2374 0.00017441860465117198
1645242683859 1 11.58044600000001 0 394452 0.281 0.00017441860465117198
1645242687891 1 11.5698 0 409513 0.2919 0.00017441860465117198
1645242691678 1 11.812128000000001 0 307174 0.2189 0.00017441860465117198
1645242695778 1 11.553690000000003 0 420407 0.2993 0.00017441860465117198
1645242699805 1 11.544191000000012 0 340231 0.24300000000000002 0.00017441860465117198
1645242703583 1 11.78460100000001 0 374730 0.267 0.00017441860465117198
1645242707707 1 11.77834200000001 0 353022 0.2517 0.00017441860465117198
1645242711637 1 11.768214999999998 0 393253 0.2807 0.00017441860465117198
1645242715381 1 11.995335000000011 0 368813 0.2637 0.00017441860465117198
1645242719646 1 11.72361699999999 0 372578 0.26589999999999997 0.00017441860465117198
1645242723430 1 11.94788299999999 0 374507 0.2662 0.00017441860465117198
1645242727707 1 11.658174000000002 0 372824 0.26589999999999997 0.00017441860465117198
1645242731643 1 11.648243000000008 0 326437 0.23279999999999998 0.00017441860465117198
1645242735476 1 11.878258000000017 0 383127 0.2718 0.00017441860465117198
1645242739454 1 11.860044000000016 0 400632 0.2847 0.00017441860465117198
1645242743501 1 11.834820000000008 0 342596 0.24430000000000002 0.00017441860465117198
1645242747524 1 11.815460000000002 0 407655 0.29100000000000004 0.00017441860465117198
1645242751543 1 11.784694000000002 0 337450 0.24089999999999998 0.00017441860465117198
1645242755553 1 11.755833999999993 0 404220 0.2884 0.00017441860465117198
1645242759542 1 11.727598 0 331794 0.238 0.00017441860465117198
1645242763433 1 11.96805900000001 0 390086 0.2777 0.00017441860465117198
1645242767803 1 11.68051299999999 0 387516 0.2765 0.00017441860465117198
1645242771507 1 11.910110000000003 0 365827 0.2602 0.00017441860465117198
1645242775406 1 11.888335000000012 0 392579 0.2787 0.00017441860465117198
1645242779447 1 11.85569000000001 0 337939 0.2411 0.00017441860465117198
1645242783465 1 11.83418900000001 0 406896 0.2908 0.00017441860465117198
1645242787861 1 11.56179499999999 0 390582 0.27890000000000004 0.00017441860465117198
1645242791821 1 11.546367000000004 0 328479 0.2352 0.00017441860465117198
1645242795782 1 11.518996000000016 0 399016 0.2848 0.00017441860465117198
1645242799532 1 11.745712999999995 0 370990 0.2647 0.00017441860465117198
1645242803787 1 11.725794000000008 0 371149 0.2646 0.00017441860465117198
1645242807549 1 11.96322699999999 0 372261 0.2658 0.00017441860465117198
1645242811459 1 11.956998999999996 0 394237 0.281 0.00017441860465117198
1645242815685 1 11.695167999999995 0 368311 0.2626 0.00017441860465117198
1645242819502 1 11.930148000000003 0 381418 0.2714 0.00017441860465117198
1645242823734 1 11.671256999999997 0 368451 0.2619 0.00017441860465117198
1645242827497 1 11.893259999999998 0 371908 0.26589999999999997 0.00017441860465117198
1645242831441 1 11.87384000000003 0 328352 0.233 0.00017441860465117198
1645242835765 1 11.613977999999975 0 379027 0.2711 0.00017441860465117198
1645242839781 1 11.596362 0 407465 0.2908 0.00017441860465117198
1645242843768 1 11.592142000000024 0 333046 0.2384 0.00017441860465117198
1645242847861 1 11.565583000000004 0 416856 0.2985 0.00017441860465117198
1645242851870 1 11.556997000000024 0 335171 0.2392 0.00017441860465117198
1645242855851 1 11.54237599999999 0 401613 0.2864 0.00017441860465117198
1645242859870 1 11.531411999999989 0 337330 0.2405 0.00017441860465117198
1645242863778 1 11.522874000000002 0 391244 0.27999999999999997 0.00017441860465117198
1645242867654 1 11.761585000000025 0 387864 0.2778 0.00017441860465117198
1645242871850 1 11.50422500000002 0 363813 0.25939999999999996 0.00017441860465117198
1645242875777 1 11.74170700000002 0 391839 0.27959999999999996 0.00017441860465117198
1645242879792 1 11.728102999999976 0 336898 0.2408 0.00017441860465117198
1645242883626 1 11.711927000000003 0 381135 0.2722 0.00017441860465117198
1645242887506 1 11.953082999999992 0 386654 0.2768 0.00017441860465117198
1645242891590 1 11.691467999999986 0 347396 0.2484 0.00017441860465117198
1645242895491 1 11.934472000000028 0 392538 0.2799 0.00017441860465117198

