1645237908158 1 3.999999 5759 346799 0.5645 -24.7637
1645237920720 3 4.470288999999999 9024 755039 1.2329 -38.803025581395346
1645237934559 3 4.472061000000001 9843 835161 1.3603999999999998 -42.32446976744186
1645237949647 3 4.287714000000001 10891 908792 1.4803000000000002 -46.83086976744186
1645237963028 3 4.405892 9507 804438 1.3123 -40.87966976744186
1645237976763 3 4.381395999999999 9712 828659 1.3525 -41.761169767441864
1645237992287 3 4.309856999999997 11452 937332 1.5283 -49.24316976744186
1645238005201 3 4.473202999999998 9077 776416 1.2672 -39.03066976744186
1645238022159 3 4.275412000000003 12761 1025687 1.6745999999999999 -54.87186976744186
1645238035687 3 4.253399000000002 9507 815426 1.3285 -40.87966976744186
1645238050357 3 4.479030999999999 10896 884625 1.4429 -46.85236976744186
1645238065350 3 4.3417360000000045 10851 904952 1.4777 -46.65886976744186
1645238081196 3 4.415922000000002 11923 954418 1.5577999999999999 -51.268469767441864
1645238096265 3 4.285350000000001 10935 910446 1.4829 -47.02006976744186
1645238111569 3 4.430884000000006 11457 922454 1.504 -49.26466976744186
1645238127199 3 4.332229000000005 11526 942842 1.5389 -49.56136976744186
1645238141837 3 4.327717 10639 884128 1.4398 -45.74726976744186
1645238155583 3 4.432607000000004 9844 828263 1.3499 -42.32876976744186
1645238171793 3 4.493440000000007 12276 981175 1.6001 -52.786369767441855
1645238187341 3 4.475958000000006 11533 939007 1.5309 -49.591469767441865
1645238201319 3 4.477839000000003 9978 841370 1.3738 -42.90496976744186
1645238217000 3 4.427158000000006 11633 947658 1.5442 -50.021469767441864
1645238230765 3 4.275908999999999 9613 828958 1.3525 -41.335469767441865

