1645246379869 1 3.999999 987 346799 0.0871 -4.2440999999999995
1645246383358 4 4.519355 0 1312552 0.3283 0.000174418604651283
1645246386934 4 4.9488710000000005 0 1383123 0.3462 0.000662790697674609
1645246390670 4 5.214256000000001 0 1451767 0.3628 0.000662790697674609
1645246394042 4 5.835742999999999 0 1308083 0.327 0.000662790697674609
1645246397396 4 6.48077 0 1299338 0.3247 0.000662790697674609
1645246401146 4 6.736248999999997 0 1453833 0.3631 0.000662790697674609
1645246407909 4 4.4213229999999974 451 1280990 0.6645 -1.9386372093023254
1645246410827 3 5.501264000000003 0 1025687 0.263 0.0006627906976743869
1645246412972 3 7.3547709999999995 0 815426 0.2041 0.00043023255813956496
1645246415289 3 9.038821000000006 0 884625 0.22139999999999999 0.00043023255813956496
1645246417657 3 10.674486000000002 0 904952 0.2266 0.00043023255813956496
1645246420657 3 11.842370000000003 0 954418 0.2392 0.00043023255813956496
1645246424821 4 11.581744 0 1421742 0.3554 0.00043023255813956496
1645246428512 4 11.815722000000001 0 1436771 0.3594 0.000662790697674609
1645246432684 4 11.81539 0 1425347 0.3566 0.000662790697674609
1645246439640 4 8.686786000000005 0 1366001 0.6852 0.000662790697674609
1645246441966 3 10.360869000000001 0 828263 0.2136 0.0006627906976743869
1645246444524 3 11.802807999999999 0 981175 0.2452 0.00043023255813956496
1645246448970 3 11.533704999999998 0 939007 0.23420000000000002 0.00043023255813956496
1645246452686 3 11.770764 0 841370 0.2111 0.00043023255813956496
1645246456654 3 11.757922000000008 0 947658 0.2367 0.00043023255813956496
1645246460947 4 11.501783000000003 0 1266375 0.3169 0.00043023255813956496
1645246464797 4 11.530152999999999 0 1497932 0.3749 0.000662790697674609
1645246468679 4 11.737366000000009 0 1308773 0.3277 0.000662790697674609
1645246472573 4 11.75377300000001 0 1516715 0.3794 0.000662790697674609
1645246476703 4 11.713769 0 1407805 0.3525 0.000662790697674609
1645246480788 4 11.691704999999999 0 1394624 0.34900000000000003 0.000662790697674609
1645246484651 4 11.675077000000002 0 1502056 0.3762 0.000662790697674609
1645246488453 4 11.921225000000007 0 1276395 0.31920000000000004 0.000662790697674609
1645246492755 4 11.66595000000001 0 1480768 0.3699 0.000662790697674609
1645246496553 4 11.773644000000004 0 1473992 0.3695 0.000662790697674609
1645246500925 4 11.652259999999998 0 1306146 0.3267 0.000662790697674609
1645246504950 4 11.376436999999996 0 1565699 0.3921 0.000662790697674609
1645246508732 4 11.635309000000007 0 1268922 0.3174 0.000662790697674609
1645246512351 4 11.97820200000001 0 1406335 0.35150000000000003 0.000662790697674609
1645246516922 4 11.613585 0 1381377 0.3463 0.000662790697674609
1645246520718 4 11.609804999999994 0 1475162 0.369 0.000662790697674609
1645246524397 4 11.931332999999995 0 1430482 0.3578 0.000662790697674609
1645246528602 4 11.837848000000008 0 1439994 0.3599 0.000662790697674609
1645246532729 4 11.824108999999993 0 1405476 0.3512 0.000662790697674609
1645246536793 4 11.565967999999998 0 1382866 0.3463 0.000662790697674609
1645246540651 4 11.80587700000001 0 1303196 0.3263 0.000662790697674609
1645246544598 4 11.727885000000015 0 1538814 0.3847 0.000662790697674609
1645246548761 4 11.788429000000008 0 1423261 0.3559 0.000662790697674609
1645246552814 4 11.532207 0 1377859 0.3448 0.000662790697674609
1645246556400 4 11.92582200000001 0 1396488 0.3491 0.000662790697674609
1645246560666 4 11.75784999999999 0 1265878 0.3165 0.000662790697674609
1645246564458 4 11.870541000000003 0 1474721 0.3693 0.000662790697674609
1645246568452 4 11.994324000000006 0 1357016 0.3395 0.000662790697674609
1645246572824 4 11.735454000000004 0 1508969 0.3774 0.000662790697674609
1645246576468 4 11.857810999999998 0 1420161 0.355 0.000662790697674609
1645246580567 4 11.963807000000003 0 1394798 0.3492 0.000662790697674609
1645246584419 4 11.907359000000014 0 1499654 0.3749 0.000662790697674609
1645246588836 4 11.499619999999993 0 1323592 0.3316 0.000662790697674609
1645246592641 4 11.686453999999998 0 1477260 0.36970000000000003 0.000662790697674609
1645246596433 4 11.893240999999989 0 1474833 0.369 0.000662790697674609
1645246600781 4 11.662106999999992 0 1299401 0.3247 0.000662790697674609
1645246604888 4 11.440647000000013 0 1595638 0.4003 0.000662790697674609
1645246608700 4 11.646130999999997 0 1282380 0.3198 0.000662790697674609
1645246612811 4 11.618009999999998 0 1402228 0.3503 0.000662790697674609
1645246616434 4 11.894549000000012 0 1404885 0.3517 0.000662790697674609
1645246620670 4 11.847756000000004 0 1453425 0.3635 0.000662790697674609
1645246624410 4 11.91551100000001 0 1453998 0.3639 0.000662790697674609
1645246628590 4 11.829654000000005 0 1424197 0.3556 0.000662790697674609
1645246632727 4 11.784919000000002 0 1409895 0.3525 0.000662790697674609
1645246636783 4 11.560542999999996 0 1381516 0.3457 0.000662790697674609
1645246640634 4 11.805987000000016 0 1298461 0.3252 0.000662790697674609
1645246644561 4 11.765729000000022 0 1530017 0.38239999999999996 0.000662790697674609
1645246648752 4 11.788213999999982 0 1437352 0.3594 0.000662790697674609
1645246652712 4 11.772498999999982 0 1344879 0.3361 0.000662790697674609
1645246656543 4 11.783625000000029 0 1490910 0.3724 0.000662790697674609
1645246660813 4 11.751148 0 1264017 0.3161 0.000662790697674609
1645246664575 4 11.76111400000002 0 1458446 0.3652 0.000662790697674609
1645246668595 4 11.736834999999985 0 1366050 0.3417 0.000662790697674609
1645246672549 4 11.779029999999977 0 1540108 0.3851 0.000662790697674609
1645246676712 4 11.725522000000012 0 1421303 0.35550000000000004 0.000662790697674609
1645246680714 4 11.71280200000001 0 1359213 0.3402 0.000662790697674609
1645246684608 4 11.717265999999995 0 1514199 0.3785 0.000662790697674609
1645246688451 4 11.945731000000023 0 1296661 0.3242 0.000662790697674609
1645246692415 4 11.936832999999979 0 1340186 0.3356 0.000662790697674609
1645246696722 4 11.675675000000012 0 1478975 0.3699 0.000662790697674609
1645246700681 4 11.667914999999994 0 1342511 0.3359 0.000662790697674609
1645246704615 4 11.712962000000005 0 1527618 0.3825 0.000662790697674609
1645246708472 4 11.900780999999995 0 1297467 0.3247 0.000662790697674609

