1645241418883 1 3.999999 1414 346799 0.1295 -6.0802
1645241421903 3 4.985848 0 755039 0.2815 0.000174418604651283
1645241425117 3 5.770946 0 835161 0.3117 0.00043023255813956496
1645241428607 3 6.281727 0 908792 0.3387 0.00043023255813956496
1645241431720 3 7.167342 0 804438 0.2995 0.00043023255813956496
1645241434913 3 7.9777999999999984 0 828659 0.3089 0.00043023255813956496
1645241438525 3 8.362942999999998 0 937332 0.3499 0.00043023255813956496
1645241441530 3 9.358093 0 776416 0.29009999999999997 0.00043023255813956496
1645241452938 3 4.341287000000001 2390 1025687 1.1308 -10.27656976744186
1645241456206 3 5.071115000000006 0 815426 0.30779999999999996 0.00043023255813956496
1645241459614 3 5.6652990000000045 0 884625 0.3288 0.00043023255813956496
1645241463089 3 6.188305 0 904952 0.3371 0.00043023255813956496
1645241466756 3 6.520044000000006 0 954418 0.35619999999999996 0.00043023255813956496
1645241470256 3 7.021233000000002 0 910446 0.33940000000000003 0.00043023255813956496
1645241473818 3 7.458783000000004 0 922454 0.34409999999999996 0.00043023255813956496
1645241477442 3 7.837469000000006 0 942842 0.3518 0.00043023255813956496
1645241480840 3 8.437656000000004 0 884128 0.3288 0.00043023255813956496
1645241484034 3 9.242154 0 828263 0.30870000000000003 0.00043023255813956496
1645241487788 3 9.488507999999996 0 981175 0.365 0.00043023255813956496
1645241491399 3 9.880909000000003 0 939007 0.3497 0.00043023255813956496
1645241494635 3 10.640984000000003 0 841370 0.31389999999999996 0.00043023255813956496
1645241498272 3 11.004788000000005 0 947658 0.3534 0.00043023255813956496
1645241501467 3 11.808915999999996 0 828958 0.3097 0.00043023255813956496
1645241505721 3 11.586341000000004 0 977791 0.36469999999999997 0.00043023255813956496
1645241509482 3 11.832116 0 847215 0.31589999999999996 0.00043023255813956496
1645241513726 3 11.576107000000007 0 978032 0.3649 0.00043023255813956496
1645241517314 3 11.962413999999995 0 934237 0.3491 0.00043023255813956496
1645241521734 3 11.559792999999999 0 889600 0.3321 0.00043023255813956496
1645241525535 3 11.74190800000001 0 988774 0.3694 0.00043023255813956496
1645241531088 3 10.188772 0 808061 0.5435 0.00043023255813956496
1645241535072 3 10.205348999999998 0 995677 0.3765 0.00043023255813956496
1645241538631 3 10.644813999999997 0 924757 0.3444 0.00043023255813956496
1645241541744 3 11.531655999999998 0 808228 0.30110000000000003 0.00043023255813956496
1645241545633 3 11.644554999999997 0 1014212 0.3774 0.00043023255813956496
1645241549881 3 11.509152999999998 0 845218 0.3149 0.00043023255813956496
1645241553384 3 11.892315999999994 0 910767 0.33999999999999997 0.00043023255813956496
1645241559368 3 9.918593000000016 0 901777 0.585 0.00043023255813956496
1645241563214 3 10.06206499999999 0 967347 0.36429999999999996 0.00043023255813956496
1645241566812 3 10.47191699999999 0 935273 0.3485 0.00043023255813956496
1645241570345 3 10.934231000000011 0 916928 0.3417 0.00043023255813956496
1645241573956 3 11.320525000000004 0 940743 0.35059999999999997 0.00043023255813956496
1645241577336 3 11.939495999999991 0 877888 0.3281 0.00043023255813956496
1645241581573 3 11.931805999999995 0 839766 0.313 0.00043023255813956496
1645241585315 3 11.960440000000006 0 976062 0.3645 0.00043023255813956496
1645241589515 3 11.917620999999997 0 958353 0.3601 0.00043023255813956496
1645241593733 3 11.652507000000014 0 836268 0.31179999999999997 0.00043023255813956496
1645241597444 3 11.832279 0 968967 0.3609 0.00043023255813956496
1645241601625 3 11.882470000000012 0 825839 0.3075 0.00043023255813956496
1645241605358 3 11.917485 0 974212 0.3634 0.00043023255813956496
1645241609702 3 11.620879000000002 0 867483 0.32389999999999997 0.00043023255813956496
1645241613483 3 11.793385999999998 0 987232 0.3681 0.00043023255813956496
1645241617529 3 11.856761000000006 0 921956 0.34409999999999996 0.00043023255813956496
1645241621543 3 11.845922000000002 0 913803 0.341 0.00043023255813956496
1645241625362 3 11.914487000000008 0 958215 0.3715 0.00043023255813956496
1645241629568 3 11.829511999999994 0 832934 0.3101 0.00043023255813956496
1645241633416 3 11.860019999999992 0 1005593 0.3749 0.00043023255813956496
1645241637510 3 11.81357700000001 0 935985 0.3489 0.00043023255813956496
1645241641762 3 11.556598000000008 0 802415 0.3142 0.00043023255813956496
1645241645595 3 11.681555000000003 0 999009 0.3725 0.00043023255813956496
1645241649937 3 11.541189000000003 0 869418 0.3242 0.00043023255813956496
1645241653382 3 11.893757999999991 0 897686 0.33490000000000003 0.00043023255813956496
1645241657569 3 11.772582 0 960141 0.3585 0.00043023255813956496
1645241661584 3 11.767009000000002 0 914618 0.3411 0.00043023255813956496
1645241665722 3 11.73978600000001 0 949031 0.3537 0.00043023255813956496
1645241669757 3 11.753636 0 919929 0.3428 0.00043023255813956496
1645241673329 3 11.947543999999994 0 930570 0.34700000000000003 0.00043023255813956496
1645241677766 3 11.738452999999993 0 894188 0.33330000000000004 0.00043023255813956496
1645241681482 3 11.968118000000004 0 835562 0.3117 0.00043023255813956496
1645241685765 3 11.727125000000001 0 986170 0.3684 0.00043023255813956496
1645241689429 3 11.846210999999983 0 955812 0.3566 0.00043023255813956496
1645241695067 3 10.209825000000023 0 837688 0.5536 0.00043023255813956496
1645241698936 3 10.342975000000024 0 972932 0.3666 0.00043023255813956496
1645241702050 3 11.226540999999997 0 807690 0.301 0.00043023255813956496
1645241705761 3 11.515715 0 968173 0.3604 0.00043023255813956496
1645241709617 3 11.664634999999976 0 872734 0.3257 0.00043023255813956496
1645241713425 3 11.859897999999987 0 991679 0.37 0.00043023255813956496
1645241717495 3 11.860518000000013 0 930061 0.34609999999999996 0.00043023255813956496
1645241721397 3 11.89330000000001 0 884740 0.3303 0.00043023255813956496
1645241725612 3 11.882118999999989 0 968599 0.36160000000000003 0.00043023255813956496
1645241729870 3 11.626133999999979 0 848189 0.3157 0.00043023255813956496
1645241733662 3 11.615201000000013 0 989262 0.36960000000000004 0.00043023255813956496
1645241737725 3 11.610243000000025 0 929927 0.3465 0.00043023255813956496
1645241741479 3 11.84848199999999 0 845977 0.3153 0.00043023255813956496
1645241745357 3 11.924873999999988 0 1009703 0.377 0.00043023255813956496

