1645239027018 1 3.999999 3111 346799 0.2983 -13.3773
1645239029064 0 5.956023 0 213385 0.1839 0.00017441860465117198
1645239030401 0 8.619182 0 141806 0.12279999999999999 0.00006976744186043549
1645239031465 0 11.555322 0 112578 0.096 0.00006976744186043549
1645239035267 0 11.841923999999999 0 80671 0.06939999999999999 0.00006976744186043549
1645239039266 1 11.836269999999999 0 393219 0.3386 0.000069767441860491
1645239043382 1 11.82453 0 406206 0.3508 0.00017441860465117198
1645239047595 1 11.565175 0 303135 0.2612 0.00017441860465117198
1645239051264 1 11.754644000000003 0 414092 0.3574 0.00017441860465117198
1645239055291 1 11.793219000000004 0 337705 0.29169999999999996 0.00017441860465117198
1645239059569 1 11.534459000000005 0 366374 0.3161 0.00017441860465117198
1645239063712 1 11.528429000000003 0 352030 0.30419999999999997 0.00017441860465117198
1645239067513 1 11.517602000000004 0 371605 0.3197 0.00017441860465117198
1645239071435 1 11.760192000000004 0 385670 0.3317 0.00017441860465117198
1645239075765 1 11.502750000000006 0 374050 0.3226 0.00017441860465117198
1645239079035 1 11.986861000000005 0 367058 0.3166 0.00017441860465117198
1645239083413 1 11.736975000000001 0 377983 0.3262 0.00017441860465117198
1645239087331 1 11.727326000000005 0 326924 0.2812 0.00017441860465117198
1645239091276 1 11.971007 0 388939 0.33399999999999996 0.00017441860465117198
1645239095272 1 11.959851 0 392939 0.33849999999999997 0.00017441860465117198
1645239099509 1 11.703517000000005 0 362131 0.3135 0.00017441860465117198
1645239103095 1 11.924234999999996 0 402712 0.3478 0.00017441860465117198
1645239107539 1 11.687635 0 327400 0.2824 0.00017441860465117198
1645239111105 1 11.914005000000003 0 401133 0.3466 0.00017441860465117198
1645239115450 1 11.672423000000009 0 317452 0.2736 0.00017441860465117198
1645239119421 1 11.665554 0 391753 0.3372 0.00017441860465117198
1645239123353 1 11.906687000000005 0 384934 0.3332 0.00017441860465117198
1645239127615 1 11.652296000000007 0 367179 0.31589999999999996 0.00017441860465117198
1645239131077 1 11.941769000000008 0 387965 0.3359 0.00017441860465117198
1645239135565 1 11.629007000000001 0 333821 0.2879 0.00017441860465117198
1645239139073 1 11.949902000000009 0 394452 0.3403 0.00017441860465117198
1645239143208 1 11.866116000000005 0 409513 0.3533 0.00017441860465117198
1645239147449 1 11.606200999999999 0 307174 0.2641 0.00017441860465117198
1645239151178 1 11.842889999999997 0 420407 0.36269999999999997 0.00017441860465117198
1645239155215 1 11.83450400000001 0 340231 0.2935 0.00017441860465117198
1645239159547 1 11.575069000000013 0 374730 0.3225 0.00017441860465117198
1645239163695 1 11.56782100000001 0 353022 0.3043 0.00017441860465117198
1645239167184 1 11.835104999999999 0 393253 0.3388 0.00017441860465117198
1645239171465 1 11.552970000000016 0 368813 0.317 0.00017441860465117198
1645239175286 1 11.79464200000001 0 372578 0.3215 0.00017441860465117198
1645239179611 1 11.53121200000001 0 374507 0.3224 0.00017441860465117198
1645239183407 1 11.776342999999997 0 372824 0.3202 0.00017441860465117198
1645239187313 1 11.771041999999994 0 326437 0.27959999999999996 0.00017441860465117198
1645239191707 1 11.510970000000015 0 383127 0.3292 0.00017441860465117198
1645239195264 1 11.754583999999994 0 400632 0.34540000000000004 0.00017441860465117198
1645239199324 1 11.74258900000001 0 342596 0.2941 0.00017441860465117198
1645239203438 1 11.732561000000004 0 407655 0.3508 0.00017441860465117198
1645239207463 1 11.725832999999994 0 337450 0.2919 0.00017441860465117198
1645239211054 1 11.967799000000014 0 404220 0.3484 0.00017441860465117198
1645239215527 1 11.71175199999999 0 331794 0.2863 0.00017441860465117198
1645239219488 1 11.704977000000014 0 390086 0.33599999999999997 0.00017441860465117198
1645239223421 1 11.695853 0 387516 0.3332 0.00017441860465117198
1645239227183 1 11.940028000000012 0 365827 0.316 0.00017441860465117198
1645239231181 1 11.923221000000012 0 392579 0.3388 0.00017441860465117198
1645239235187 1 11.917395999999997 0 337939 0.2908 0.00017441860465117198
1645239239305 1 11.90486899999999 0 406896 0.351 0.00017441860465117198
1645239243270 1 11.899132000000009 0 390582 0.3357 0.00017441860465117198
1645239247212 1 11.893076000000008 0 328479 0.2837 0.00017441860465117198
1645239251261 1 11.886484999999993 0 399016 0.3438 0.00017441860465117198
1645239255559 1 11.629042999999996 0 370990 0.31989999999999996 0.00017441860465117198
1645239259371 1 11.869613000000015 0 371149 0.3201 0.00017441860465117198
1645239263193 1 11.860308000000003 0 372261 0.3211 0.00017441860465117198
1645239267206 1 11.855074000000002 0 394237 0.3399 0.00017441860465117198
1645239271479 1 11.595771000000013 0 368311 0.3173 0.00017441860465117198
1645239275388 1 11.840210000000013 0 381418 0.3296 0.00017441860465117198
1645239279666 1 11.582527999999996 0 368451 0.3173 0.00017441860465117198
1645239283487 1 11.577722999999992 0 371908 0.3214 0.00017441860465117198
1645239287413 1 11.821286999999984 0 328352 0.2826 0.00017441860465117198
1645239291287 1 11.816569000000015 0 379027 0.3267 0.00017441860465117198
1645239295404 1 11.811134999999979 0 407465 0.3517 0.00017441860465117198
1645239299374 1 11.79709600000001 0 333046 0.28650000000000003 0.00017441860465117198
1645239303085 1 11.933996999999977 0 416856 0.3603 0.00017441860465117198
1645239307582 1 11.534244000000001 0 335171 0.2892 0.00017441860465117198
1645239311144 1 11.874769000000015 0 401613 0.3452 0.00017441860465117198
1645239315664 1 11.517845000000023 0 337330 0.2905 0.00017441860465117198
1645239319156 1 11.864719999999977 0 391244 0.3372 0.00017441860465117198
1645239323617 1 11.499713999999983 0 387864 0.3344 0.00017441860465117198
1645239327369 1 11.744346000000007 0 363813 0.31429999999999997 0.00017441860465117198
1645239331369 1 11.733209999999985 0 391839 0.3377 0.00017441860465117198
1645239335374 1 11.729141000000027 0 336898 0.28900000000000003 0.00017441860465117198
1645239339265 1 11.975411000000008 0 381135 0.32789999999999997 0.00017441860465117198
1645239343210 1 11.966268000000014 0 386654 0.333 0.00017441860465117198
1645239347309 1 11.709267000000011 0 347396 0.2999 0.00017441860465117198
1645239351300 1 11.910730000000001 0 392538 0.33849999999999997 0.00017441860465117198

