1645253580949 1 3.999999 1084 346799 0.098 -4.6612
1645253582083 1 6.883174 0 363755 0.1036 0.00017441860465117198
1645253583207 1 9.758956000000001 0 362842 0.1026 0.00017441860465117198
1645253585401 1 11.593515 0 384791 0.1095 0.00017441860465117198
1645253589389 3 11.580758999999999 0 804438 0.2285 0.000174418604651283
1645253593352 3 11.823288999999999 0 828659 0.236 0.00043023255813956496
1645253597619 3 11.565824 0 937332 0.2666 0.00043023255813956496
1645253601432 3 11.561041 0 776416 0.2209 0.00043023255813956496
1645253605450 3 11.549708000000003 0 1025687 0.29159999999999997 0.00043023255813956496
1645253609373 3 11.791217000000003 0 815426 0.2318 0.00043023255813956496
1645253613491 3 11.532367 0 884625 0.2521 0.00043023255813956496
1645253617667 3 11.523403000000002 0 904952 0.2575 0.00043023255813956496
1645253621484 3 11.516929000000005 0 954418 0.2719 0.00043023255813956496
1645253625675 3 11.511604000000005 0 910446 0.2585 0.00043023255813956496
1645253629398 3 11.749096999999999 0 922454 0.2627 0.00043023255813956496
1645253633186 3 11.992490000000004 0 942842 0.2685 0.00043023255813956496
1645253637298 3 11.732349 0 884128 0.25139999999999996 0.00043023255813956496
1645253641260 3 11.724402000000005 0 828263 0.2359 0.00043023255813956496
1645253645150 3 11.964363000000006 0 981175 0.279 0.00043023255813956496
1645253649426 3 11.704065999999997 0 939007 0.267 0.00043023255813956496
1645253653419 3 11.699998000000008 0 841370 0.2395 0.00043023255813956496
1645253657218 3 11.944539000000006 0 947658 0.2699 0.00043023255813956496
1645253661183 3 11.931268000000003 0 828958 0.23570000000000002 0.00043023255813956496
1645253665063 3 11.923209999999997 0 977791 0.2777 0.00043023255813956496
1645253669129 3 11.913049 0 847215 0.2466 0.00043023255813956496
1645253673518 3 11.656590000000008 0 978032 0.2786 0.00043023255813956496
1645253677292 3 11.899372999999997 0 934237 0.266 0.00043023255813956496
1645253681432 3 11.635339000000002 0 889600 0.2535 0.00043023255813956496
1645253685355 3 11.629103 0 988774 0.28159999999999996 0.00043023255813956496
1645253689260 3 11.872022000000001 0 808061 0.22999999999999998 0.00043023255813956496
1645253693194 3 11.863917999999998 0 995677 0.2832 0.00043023255813956496
1645253697430 3 11.602815000000007 0 924757 0.2619 0.00043023255813956496
1645253701326 3 11.847296999999998 0 808228 0.22970000000000002 0.00043023255813956496
1645253705311 3 11.83747600000001 0 1014212 0.2887 0.00043023255813956496
1645253709312 3 11.833297000000016 0 845218 0.24 0.00043023255813956496
1645253713508 3 11.571118000000013 0 910767 0.2589 0.00043023255813956496
1645253717169 3 11.810614000000015 0 901777 0.2561 0.00043023255813956496
1645253721518 3 11.55295799999999 0 967347 0.2751 0.00043023255813956496
1645253725283 3 11.795052999999996 0 935273 0.2663 0.00043023255813956496
1645253729490 3 11.537824999999998 0 916928 0.261 0.00043023255813956496
1645253733276 3 11.784385000000015 0 940743 0.2678 0.00043023255813956496
1645253737399 3 11.780282 0 877888 0.2501 0.00043023255813956496
1645253741388 3 11.768517000000003 0 839766 0.23889999999999997 0.00043023255813956496
1645253745264 3 11.763881999999995 0 976062 0.2779 0.00043023255813956496
1645253749598 3 11.500786000000005 0 958353 0.27290000000000003 0.00043023255813956496
1645253753077 3 11.989082999999994 0 836268 0.238 0.00043023255813956496
1645253757436 3 11.733487999999994 0 968967 0.27559999999999996 0.00043023255813956496
1645253761379 3 11.72429600000001 0 825839 0.23479999999999998 0.00043023255813956496
1645253765249 3 11.716059000000001 0 974212 0.2768 0.00043023255813956496
1645253769325 3 11.705649999999991 0 867483 0.24689999999999998 0.00043023255813956496
1645253773247 3 11.94136499999999 0 987232 0.2807 0.00043023255813956496
1645253777480 3 11.673541 0 921956 0.2622 0.00043023255813956496
1645253781191 3 11.916913999999991 0 913803 0.2601 0.00043023255813956496
1645253785512 3 11.659369999999996 0 958215 0.2722 0.00043023255813956496
1645253789489 3 11.652804000000003 0 832934 0.23679999999999998 0.00043023255813956496
1645253795533 3 9.434271999999993 0 1005593 0.5923 0.00043023255813956496
1645253797421 1 11.632000000000005 0 390582 0.1159 0.00043023255813956496
1645253801312 3 11.872656000000006 0 802415 0.2274 0.000174418604651283
1645253805298 3 11.861263000000008 0 999009 0.2878 0.00043023255813956496
1645253809373 3 11.605599000000012 0 869418 0.24700000000000003 0.00043023255813956496
1645253813535 3 11.600297000000012 0 897686 0.25579999999999997 0.00043023255813956496
1645253817377 3 11.838556000000011 0 960141 0.273 0.00043023255813956496
1645253821606 3 11.575918999999999 0 914618 0.2596 0.00043023255813956496
1645253825406 3 11.561013000000003 0 949031 0.2684 0.00043023255813956496
1645253829633 3 11.54823300000001 0 919929 0.2621 0.00043023255813956496
1645253833376 3 11.788545 0 930570 0.2647 0.00043023255813956496
1645253837513 3 11.529584999999997 0 894188 0.2541 0.00043023255813956496
1645253841493 3 11.524139999999989 0 835562 0.2378 0.00043023255813956496
1645253845395 3 11.770132999999987 0 986170 0.2803 0.00043023255813956496
1645253849228 3 11.763064999999983 0 955812 0.2722 0.00043023255813956496
1645253854424 3 10.544107999999994 0 837688 0.5092 0.00043023255813956496
1645253857371 1 11.744125999999994 0 416856 0.1248 0.00043023255813956496
1645253861312 3 11.739157999999975 0 807690 0.23349999999999999 0.000174418604651283
1645253865196 3 11.984630999999979 0 968173 0.2782 0.00043023255813956496
1645253869277 3 11.72162000000003 0 872734 0.2476 0.00043023255813956496
1645253873201 3 11.963697000000025 0 991679 0.2823 0.00043023255813956496
1645253877446 3 11.710471999999982 0 930061 0.2646 0.00043023255813956496
1645253881069 3 11.956965000000025 0 884740 0.2517 0.00043023255813956496
1645253885436 3 11.696955000000003 0 968599 0.2757 0.00043023255813956496
1645253889445 3 11.689922000000024 0 848189 0.2411 0.00043023255813956496
1645253893358 3 11.684301000000005 0 989262 0.2812 0.00043023255813956496
1645253897110 3 11.926587999999981 0 929927 0.265 0.00043023255813956496
1645253901118 3 11.921195000000012 0 845977 0.2407 0.00043023255813956496
1645253905092 3 11.912026000000026 0 1009703 0.2874 0.00043023255813956496
1645253909144 3 11.901327999999978 0 861836 0.2448 0.00043023255813956496

