1645238708850 1 3.999999 963 346799 0.0854 -4.140899999999999
1645238710668 1 6.2013679999999995 0 363755 0.0897 0.00017441860465117198
1645238711694 1 9.173888000000002 0 362842 0.0893 0.00017441860465117198
1645238714159 3 10.707997 0 908792 0.2231 0.000174418604651283
1645238717262 3 11.616919999999999 0 804438 0.1976 0.00043023255813956496
1645238721423 3 11.608417 0 828659 0.20350000000000001 0.00043023255813956496
1645238725356 3 11.603983 0 937332 0.23020000000000002 0.00043023255813956496
1645238729383 3 11.597024999999999 0 776416 0.1905 0.00043023255813956496
1645238733037 3 11.840187000000004 0 1025687 0.2525 0.00043023255813956496
1645238737165 3 11.831110000000002 0 815426 0.20070000000000002 0.00043023255813956496
1645238741464 3 11.568264 0 884625 0.21760000000000002 0.00043023255813956496
1645238745332 3 11.559662000000003 0 904952 0.2225 0.00043023255813956496
1645238749333 3 11.550526000000005 0 954418 0.2347 0.00043023255813956496
1645238753189 3 11.789725000000004 0 910446 0.2237 0.00043023255813956496
1645238757090 3 11.785713000000001 0 922454 0.2265 0.00043023255813956496
1645238761529 3 11.528365 0 942842 0.2312 0.00043023255813956496
1645238765327 3 11.764154000000005 0 884128 0.21669999999999998 0.00043023255813956496
1645238769004 3 11.942126000000002 0 828263 0.2037 0.00043023255813956496
1645238773038 3 11.987959000000004 0 981175 0.24089999999999998 0.00043023255813956496
1645238776984 3 11.982818000000009 0 939007 0.231 0.00043023255813956496
1645238781196 3 11.720591999999996 0 841370 0.2072 0.00043023255813956496
1645238785163 3 11.951892999999998 0 947658 0.2326 0.00043023255813956496
1645238789319 3 11.662610999999998 0 828958 0.20379999999999998 0.00043023255813956496
1645238793333 3 11.655901999999998 0 977791 0.24020000000000002 0.00043023255813956496
1645238797069 3 11.898437999999999 0 847215 0.2085 0.00043023255813956496
1645238801082 3 11.89150500000001 0 978032 0.2405 0.00043023255813956496
1645238805012 3 11.887696000000005 0 934237 0.2291 0.00043023255813956496
1645238809331 3 11.624412000000007 0 889600 0.219 0.00043023255813956496
1645238813394 3 11.618887999999998 0 988774 0.2427 0.00043023255813956496
1645238817012 3 11.856043999999997 0 808061 0.1982 0.00043023255813956496
1645238821076 3 11.846786000000009 0 995677 0.2447 0.00043023255813956496
1645238825482 3 11.586053000000007 0 924757 0.2273 0.00043023255813956496
1645238829101 3 11.827888000000002 0 808228 0.1985 0.00043023255813956496
1645238833245 3 11.822890999999998 0 1014212 0.2492 0.00043023255813956496
1645238837458 3 11.568920999999989 0 845218 0.20779999999999998 0.00043023255813956496
1645238841328 3 11.556939999999997 0 910767 0.2237 0.00043023255813956496
1645238845177 3 11.803151000000014 0 901777 0.22160000000000002 0.00043023255813956496
1645238849173 3 11.793652000000009 0 967347 0.2378 0.00043023255813956496
1645238853098 3 11.781765000000007 0 935273 0.2303 0.00043023255813956496
1645238857487 3 11.525193999999999 0 916928 0.22519999999999998 0.00043023255813956496
1645238861423 3 11.512034 0 940743 0.2312 0.00043023255813956496
1645238865192 3 11.750419999999991 0 877888 0.2152 0.00043023255813956496
1645238869375 3 11.739509999999996 0 839766 0.2065 0.00043023255813956496
1645238873409 3 11.707209000000006 0 976062 0.24020000000000002 0.00043023255813956496
1645238877395 3 11.669754000000012 0 958353 0.2359 0.00043023255813956496
1645238881085 3 11.90769800000001 0 836268 0.20590000000000003 0.00043023255813956496
1645238885090 3 11.894262999999995 0 968967 0.23820000000000002 0.00043023255813956496
1645238889239 3 11.876169000000004 0 825839 0.2023 0.00043023255813956496
1645238893258 3 11.837436999999994 0 974212 0.2395 0.00043023255813956496
1645238896913 0 11.965958999999998 0 128759 0.0325 0.00043023255813956496
1645238901014 0 11.958259999999996 0 199367 0.0487 0.00006976744186043549
1645238905172 0 11.702627000000007 0 220759 0.0539 0.00006976744186043549
1645238909261 0 11.69516200000001 0 149511 0.0418 0.00006976744186043549
1645238913230 0 11.687750999999992 0 118879 0.0355 0.00006976744186043549
1645238917156 0 11.929542999999995 0 85418 0.028000000000000004 0.00006976744186043549
1645238921002 0 11.916986000000009 0 68807 0.0228 0.00006976744186043549
1645238925010 0 11.909311000000002 0 132565 0.039 0.00006976744186043549
1645238928988 0 11.899442999999991 0 117262 0.035699999999999996 0.00006976744186043549
1645238933470 0 11.641581000000002 0 116418 0.035699999999999996 0.00006976744186043549
1645238937225 0 11.839252000000016 0 223024 0.0612 0.00006976744186043549
1645238941452 0 11.581447999999995 0 214538 0.0608 0.00006976744186043549
1645238945118 0 11.823185999999993 0 178191 0.0501 0.00006976744186043549
1645238949200 0 11.812905999999998 0 161454 0.0461 0.00006976744186043549
1645238953406 0 11.559823999999992 0 212225 0.058499999999999996 0.00006976744186043549
1645238957145 0 11.794730000000015 0 195858 0.054700000000000006 0.00006976744186043549
1645238961128 0 11.78835699999999 0 119665 0.0355 0.00006976744186043549
1645238965104 0 11.779802000000018 0 108667 0.0339 0.00006976744186043549
1645238969455 0 11.517534000000012 0 64782 0.0216 0.00006976744186043549
1645238973370 0 11.506303000000003 0 87523 0.027500000000000004 0.00006976744186043549
1645238976945 0 11.995424000000014 0 155607 0.0445 0.00006976744186043549
1645238981375 0 11.735228000000006 0 100404 0.0312 0.00006976744186043549
1645238985023 0 11.944057999999984 0 183614 0.051500000000000004 0.00006976744186043549
1645238989206 0 11.680740000000014 0 197686 0.055200000000000006 0.00006976744186043549
1645238993438 0 11.667873999999983 0 217520 0.059699999999999996 0.00006976744186043549
1645238997463 0 11.63868500000001 0 132353 0.039400000000000004 0.00006976744186043549
1645239001129 0 11.878592000000026 0 199853 0.05550000000000001 0.00006976744186043549
1645239005370 0 11.615816999999993 0 225614 0.0615 0.00006976744186043549
1645239008924 0 11.965972000000022 0 150477 0.0434 0.00006976744186043549
1645239013406 0 11.595214999999996 0 117995 0.0353 0.00006976744186043549
1645239017302 0 11.586212999999987 0 86503 0.0269 0.00006976744186043549
1645239021166 0 11.827748999999983 0 67335 0.0237 0.00006976744186043549
1645239025219 0 11.81436100000002 0 132169 0.0395 0.00006976744186043549
1645239029210 0 11.806254000000024 0 118800 0.035199999999999995 0.00006976744186043549
1645239033184 0 11.793678999999997 0 116618 0.0348 0.00006976744186043549

