1645248612021 1 3.999999 1060 346799 0.0948 -4.558
1645248613128 1 6.905251 0 363755 0.0999 0.00017441860465117198
1645248614216 1 9.816838 0 362842 0.0996 0.00017441860465117198
1645248616367 1 11.808046000000001 0 384791 0.1052 0.00017441860465117198
1645248620284 3 11.798634999999999 0 804438 0.2206 0.000174418604651283
1645248624666 3 11.542264999999999 0 828659 0.2274 0.00043023255813956496
1645248628337 3 11.779481999999998 0 937332 0.2571 0.00043023255813956496
1645248632579 3 11.520008 0 776416 0.2133 0.00043023255813956496
1645248636504 3 11.763705000000002 0 1025687 0.2822 0.00043023255813956496
1645248640353 3 11.754409000000003 0 815426 0.22410000000000002 0.00043023255813956496
1645248644409 3 11.749920000000003 0 884625 0.2432 0.00043023255813956496
1645248648502 3 11.74436 0 904952 0.24889999999999998 0.00043023255813956496
1645248652237 3 11.985370000000003 0 954418 0.26230000000000003 0.00043023255813956496
1645248656336 3 11.72849 0 910446 0.25 0.00043023255813956496
1645248660471 3 11.719773000000004 0 922454 0.25329999999999997 0.00043023255813956496
1645248664170 3 11.961348000000001 0 942842 0.25880000000000003 0.00043023255813956496
1645248668199 3 11.952690000000004 0 884128 0.24289999999999998 0.00043023255813956496
1645248672579 3 11.694396000000005 0 828263 0.22719999999999999 0.00043023255813956496
1645248676377 3 11.684477999999999 0 981175 0.2694 0.00043023255813956496
1645248682111 3 9.922719 0 939007 0.5631 0.00043023255813956496
1645248684353 1 11.918463000000003 0 362131 0.10469999999999999 0.00043023255813956496
1645248688562 3 11.662185000000008 0 947658 0.2601 0.000174418604651283
1645248692479 3 11.652194000000009 0 828958 0.23020000000000002 0.00043023255813956496
1645248696267 3 11.897406000000004 0 977791 0.26880000000000004 0.00043023255813956496
1645248700199 3 11.889665000000008 0 847215 0.23290000000000002 0.00043023255813956496
1645248704492 3 11.631077000000005 0 978032 0.269 0.00043023255813956496
1645248708659 3 11.620745 0 934237 0.2565 0.00043023255813956496
1645248712199 3 11.864204999999998 0 889600 0.2445 0.00043023255813956496
1645248716526 3 11.602654000000001 0 988774 0.2722 0.00043023255813956496
1645248720349 3 11.845799999999997 0 808061 0.2222 0.00043023255813956496
1645248724685 3 11.586463000000009 0 995677 0.273 0.00043023255813956496
1645248728328 3 11.828642000000002 0 924757 0.2539 0.00043023255813956496
1645248732662 3 11.565707000000003 0 808228 0.22269999999999998 0.00043023255813956496
1645248736548 3 11.532699000000008 0 1014212 0.27749999999999997 0.00043023255813956496
1645248740477 3 11.773945999999995 0 845218 0.2326 0.00043023255813956496
1645248744575 3 11.518270999999999 0 910767 0.24969999999999998 0.00043023255813956496
1645248748147 3 11.998593 0 901777 0.2475 0.00043023255813956496
1645248752402 3 11.738410000000016 0 967347 0.2658 0.00043023255813956496
1645248756079 3 11.983812 0 935273 0.2566 0.00043023255813956496
1645248760208 3 11.969139000000013 0 916928 0.2517 0.00043023255813956496
1645248766266 3 9.769396999999998 0 940743 0.5959 0.00043023255813956496
1645248768559 1 11.689382999999992 0 372824 0.1076 0.00043023255813956496
1645248772466 3 11.68029899999999 0 839766 0.2306 0.000174418604651283
1645248776288 3 11.925025000000005 0 976062 0.27149999999999996 0.00043023255813956496
1645248780526 3 11.668521999999996 0 958353 0.263 0.00043023255813956496
1645248784423 3 11.658632000000011 0 836268 0.2299 0.00043023255813956496
1645248788191 3 11.894802999999996 0 968967 0.2664 0.00043023255813956496
1645248792557 3 11.639462000000009 0 825839 0.22559999999999997 0.00043023255813956496
1645248796331 3 11.882267000000013 0 974212 0.2676 0.00043023255813956496
1645248800323 3 11.870079000000004 0 867483 0.2387 0.00043023255813956496
1645248804640 3 11.60591500000001 0 987232 0.2705 0.00043023255813956496
1645248808267 3 11.852249 0 921956 0.2529 0.00043023255813956496
1645248812383 3 11.844289000000003 0 913803 0.25070000000000003 0.00043023255813956496
1645248816617 3 11.589693000000011 0 958215 0.2631 0.00043023255813956496
1645248820505 3 11.579886000000016 0 832934 0.2284 0.00043023255813956496
1645248824369 3 11.823627000000016 0 1005593 0.2764 0.00043023255813956496
1645248828561 3 11.569269999999989 0 935985 0.2578 0.00043023255813956496
1645248832371 3 11.806266999999991 0 802415 0.2205 0.00043023255813956496
1645248836725 3 11.550781999999998 0 999009 0.2745 0.00043023255813956496
1645248840224 3 11.981225999999992 0 869418 0.2391 0.00043023255813956496
1645248844291 3 11.973400999999996 0 897686 0.2466 0.00043023255813956496
1645248848533 3 11.708051000000012 0 960141 0.2638 0.00043023255813956496
1645248852194 3 11.937409000000002 0 914618 0.2515 0.00043023255813956496
1645248856414 3 11.673969999999997 0 949031 0.2606 0.00043023255813956496
1645248860547 3 11.663680999999997 0 919929 0.2524 0.00043023255813956496
1645248864207 3 11.908716999999996 0 930570 0.25539999999999996 0.00043023255813956496
1645248868272 3 11.901706999999988 0 894188 0.2454 0.00043023255813956496
1645248872177 3 11.891949000000011 0 835562 0.22970000000000002 0.00043023255813956496
1645248876503 3 11.636956999999995 0 986170 0.2707 0.00043023255813956496
1645248880231 3 11.874625999999978 0 955812 0.2625 0.00043023255813956496
1645248884642 3 11.613563 0 837688 0.23020000000000002 0.00043023255813956496
1645248888418 3 11.857506 0 972932 0.26739999999999997 0.00043023255813956496
1645248892237 3 11.846378000000016 0 807690 0.22139999999999999 0.00043023255813956496
1645248896492 3 11.589282000000026 0 968173 0.2658 0.00043023255813956496
1645248900489 3 11.573605999999984 0 872734 0.23969999999999997 0.00043023255813956496
1645248904323 3 11.816679000000022 0 991679 0.27280000000000004 0.00043023255813956496
1645248908490 3 11.559510999999986 0 930061 0.256 0.00043023255813956496
1645248912521 3 11.549818000000016 0 884740 0.2428 0.00043023255813956496
1645248916295 3 11.791833999999994 0 968599 0.2663 0.00043023255813956496
1645248920725 3 11.533076999999992 0 848189 0.2325 0.00043023255813956496
1645248924540 3 11.525328000000002 0 989262 0.27149999999999996 0.00043023255813956496
1645248928696 3 11.516930000000002 0 929927 0.2556 0.00043023255813956496
1645248932626 3 11.507460999999978 0 845977 0.2325 0.00043023255813956496
1645248936503 3 11.748130000000003 0 1009703 0.2773 0.00043023255813956496
1645248940469 3 11.742520000000013 0 861836 0.23650000000000002 0.00043023255813956496

