1645232244923 1 3.999999 1279 346799 0.11339999999999999 -5.4997
1645232247644 3 5.2795559999999995 0 755039 0.24860000000000002 0.000174418604651283
1645232250505 3 6.413387000000001 0 835161 0.2746 0.00043023255813956496
1645232253591 3 7.326684 0 908792 0.2987 0.00043023255813956496
1645232256330 3 8.587539 0 804438 0.2638 0.00043023255813956496
1645232259155 3 9.762649 0 828659 0.2723 0.00043023255813956496
1645232262339 3 10.580314999999999 0 937332 0.3077 0.00043023255813956496
1645232264999 3 11.924653 0 776416 0.255 0.00043023255813956496
1645232269476 3 11.643600000000003 0 1025687 0.3372 0.00043023255813956496
1645232273285 3 11.876191000000002 0 815426 0.2694 0.00043023255813956496
1645232277316 3 11.855846 0 884625 0.29169999999999996 0.00043023255813956496
1645232282905 3 10.012183 0 904952 0.5487 0.00043023255813956496
1645232286281 3 10.642035 0 954418 0.3181 0.00043023255813956496
1645232289381 3 11.542083000000005 0 910446 0.2983 0.00043023255813956496
1645232293521 3 11.506018000000005 0 922454 0.3032 0.00043023255813956496
1645232297223 3 11.74673 0 942842 0.30979999999999996 0.00043023255813956496
1645232301235 3 11.716739000000004 0 884128 0.2906 0.00043023255813956496
1645232305068 3 11.943947000000001 0 828263 0.273 0.00043023255813956496
1645232309394 3 11.646509000000009 0 981175 0.3224 0.00043023255813956496
1645232313075 3 11.878515000000007 0 939007 0.308 0.00043023255813956496
1645232317445 3 11.613354000000001 0 841370 0.2764 0.00043023255813956496
1645232321161 3 11.846934000000005 0 947658 0.3117 0.00043023255813956496
1645232325496 3 11.581857999999997 0 828958 0.2718 0.00043023255813956496
1645232329310 3 11.810400000000001 0 977791 0.3218 0.00043023255813956496
1645232333208 3 11.782731999999996 0 847215 0.2787 0.00043023255813956496
1645232337523 3 11.515065000000007 0 978032 0.3216 0.00043023255813956496
1645232341284 3 11.750556000000003 0 934237 0.3064 0.00043023255813956496
1645232345322 3 11.733824999999996 0 889600 0.2926 0.00043023255813956496
1645232349184 3 11.967961000000003 0 988774 0.32480000000000003 0.00043023255813956496
1645232353440 3 11.699866999999998 0 808061 0.2646 0.00043023255813956496
1645232357329 3 11.685321000000002 0 995677 0.32730000000000004 0.00043023255813956496
1645232361474 3 11.657150999999999 0 924757 0.30379999999999996 0.00043023255813956496
1645232365232 3 11.898544999999999 0 808228 0.266 0.00043023255813956496
1645232369174 3 11.885042999999996 0 1014212 0.3332 0.00043023255813956496
1645232373050 3 11.86954 0 845218 0.2777 0.00043023255813956496
1645232377152 3 11.850420000000014 0 910767 0.2993 0.00043023255813956496
1645232381222 3 11.838606999999996 0 901777 0.2959 0.00043023255813956496
1645232385517 3 11.579668999999996 0 967347 0.3184 0.00043023255813956496
1645232389197 3 11.812868000000009 0 935273 0.3073 0.00043023255813956496
1645232393331 3 11.795240000000007 0 916928 0.3016 0.00043023255813956496
1645232397523 3 11.533512000000002 0 940743 0.3086 0.00043023255813956496
1645232401517 3 11.522008999999997 0 877888 0.2889 0.00043023255813956496
1645232405383 3 11.762203999999997 0 839766 0.2758 0.00043023255813956496
1645232409199 3 11.750887000000006 0 976062 0.3207 0.00043023255813956496
1645232412951 3 11.995922000000007 0 958353 0.3151 0.00043023255813956496
1645232417303 3 11.736730999999992 0 836268 0.2745 0.00043023255813956496
1645232421094 3 11.974156999999991 0 968967 0.3185 0.00043023255813956496
1645232425415 3 11.70899 0 825839 0.27149999999999996 0.00043023255813956496
1645232429218 3 11.942799000000008 0 974212 0.3196 0.00043023255813956496
1645232433166 3 11.928382999999997 0 867483 0.2848 0.00043023255813956496
1645232437511 3 11.655274999999989 0 987232 0.3242 0.00043023255813956496
1645232441149 3 11.889949000000001 0 921956 0.30310000000000004 0.00043023255813956496
1645232445257 3 11.879104000000012 0 913803 0.3004 0.00043023255813956496
1645232449522 3 11.614214000000004 0 958215 0.3145 0.00043023255813956496
1645232453353 3 11.600347 0 832934 0.2736 0.00043023255813956496
1645232457251 3 11.84191100000001 0 1005593 0.3302 0.00043023255813956496
1645232461448 3 11.582460999999995 0 935985 0.3075 0.00043023255813956496
1645232465183 3 11.821674999999999 0 802415 0.2638 0.00043023255813956496
1645232469567 3 11.55614 0 999009 0.3281 0.00043023255813956496
1645232473518 3 11.543589999999995 0 869418 0.2854 0.00043023255813956496
1645232477568 3 11.537337000000008 0 897686 0.29500000000000004 0.00043023255813956496
1645232481319 3 11.77693099999999 0 960141 0.3154 0.00043023255813956496
1645232485422 3 11.519980000000004 0 914618 0.3003 0.00043023255813956496
1645232489648 3 11.510185000000007 0 949031 0.3127 0.00043023255813956496
1645232493267 3 11.753958000000011 0 919929 0.3021 0.00043023255813956496
1645232496923 3 11.99296799999999 0 930570 0.30579999999999996 0.00043023255813956496
1645232500962 3 11.98145599999998 0 894188 0.2933 0.00043023255813956496
1645232505310 3 11.717737 0 835562 0.2745 0.00043023255813956496
1645232509148 3 11.954883999999993 0 986170 0.3243 0.00043023255813956496
1645232513388 3 11.698058000000003 0 955812 0.31389999999999996 0.00043023255813956496
1645232517232 3 11.688998000000026 0 837688 0.2751 0.00043023255813956496
1645232521040 3 11.93073800000002 0 972932 0.3197 0.00043023255813956496
1645232525297 3 11.668247000000008 0 807690 0.2658 0.00043023255813956496
1645232529079 3 11.909947999999986 0 968173 0.31829999999999997 0.00043023255813956496
1645232533049 3 11.900547000000017 0 872734 0.2867 0.00043023255813956496
1645232537414 3 11.638995000000023 0 991679 0.32599999999999996 0.00043023255813956496
1645232541064 3 11.883016999999995 0 930061 0.3055 0.00043023255813956496
1645232545076 3 11.876813000000027 0 884740 0.2908 0.00043023255813956496
1645232549360 3 11.617892999999981 0 968599 0.3185 0.00043023255813956496
1645232553245 3 11.858498999999995 0 848189 0.2782 0.00043023255813956496
1645232557094 3 11.854520999999977 0 989262 0.325 0.00043023255813956496
1645232561255 3 11.828024000000028 0 929927 0.3054 0.00043023255813956496
1645232565141 3 11.819945000000018 0 845977 0.2779 0.00043023255813956496
1645232569562 3 11.556050000000027 0 1009703 0.3319 0.00043023255813956496
1645232573495 3 11.545862999999997 0 861836 0.2832 0.00043023255813956496

