1645237187495 1 3.999999 1732 346799 0.1502 -7.4475999999999996
1645237188627 0 6.896141999999999 0 213385 0.0926 0.00017441860465117198
1645237189357 0 10.167345000000001 0 141806 0.0626 0.00006976744186043549
1645237191948 0 11.73881 0 112578 0.0477 0.00006976744186043549
1645237195900 0 11.729225999999999 0 80671 0.034100000000000005 0.00006976744186043549
1645237199822 0 11.722510999999999 0 68729 0.0325 0.00006976744186043549
1645237204054 0 11.709337999999999 0 137895 0.0621 0.00006976744186043549
1645237207695 0 11.935880999999998 0 114138 0.052500000000000005 0.00006976744186043549
1645237211873 0 11.673183000000002 0 126013 0.057199999999999994 0.00006976744186043549
1645237215944 0 11.663083000000004 0 217236 0.09659999999999999 0.00006976744186043549
1645237220027 0 11.652159000000005 0 219398 0.09809999999999999 0.00006976744186043549
1645237223922 0 11.635925 0 177648 0.0785 0.00006976744186043549
1645237227785 0 11.840685 0 166856 0.075 0.00006976744186043549
1645237231893 0 11.829868000000005 0 223685 0.0997 0.00006976744186043549
1645237235920 0 11.821594000000005 0 206455 0.09190000000000001 0.00006976744186043549
1645237240072 0 11.555778000000004 0 121534 0.054400000000000004 0.00006976744186043549
1645237244162 0 11.544360000000005 0 105092 0.047099999999999996 0.00006976744186043549
1645237248059 0 11.537218000000003 0 63086 0.0298 0.00006976744186043549
1645237252072 0 11.525928000000008 0 87739 0.0407 0.00006976744186043549
1645237255864 0 11.771173000000005 0 152905 0.06889999999999999 0.00006976744186043549
1645237259919 0 11.767960000000002 0 100587 0.046 0.00006976744186043549
1645237263867 0 11.750129999999999 0 186001 0.08299999999999999 0.00006976744186043549
1645237267887 0 11.743603000000007 0 201620 0.09040000000000001 0.00006976744186043549
1645237271958 0 11.735189000000005 0 218012 0.09609999999999999 0.00006976744186043549
1645237275624 0 11.976593000000008 0 123058 0.0566 0.00006976744186043549
1645237279611 0 11.96843100000001 0 198856 0.0881 0.00006976744186043549
1645237283746 0 11.961606000000003 0 223061 0.0993 0.00006976744186043549
1645237287996 0 11.697755999999998 0 143385 0.06420000000000001 0.00006976744186043549
1645237291628 0 11.938294999999997 0 117021 0.0523 0.00006976744186043549
1645237295664 0 11.926479 0 83595 0.0385 0.00006976744186043549
1645237299987 0 11.587947999999997 0 68011 0.0595 0.00006976744186043549
1645237304184 0 11.575952000000001 0 134264 0.0596 0.00006976744186043549
1645237307794 0 11.821795000000009 0 113722 0.0513 0.00006976744186043549
1645237311946 0 11.812506999999997 0 122694 0.05500000000000001 0.00006976744186043549
1645237316006 0 11.807637999999997 0 215146 0.096 0.00006976744186043549
1645237320057 0 11.54652200000001 0 213339 0.09519999999999999 0.00006976744186043549
1645237323951 0 11.784186000000005 0 176949 0.0792 0.00006976744186043549
1645237328259 0 11.528906000000006 0 158356 0.0706 0.00006976744186043549
1645237331851 0 11.774390000000011 0 219852 0.0985 0.00006976744186043549
1645237335837 0 11.767714000000012 0 196864 0.0884 0.00006976744186043549
1645237339956 0 11.763746999999995 0 116610 0.0518 0.00006976744186043549
1645237344041 0 11.758059000000003 0 107223 0.0486 0.00006976744186043549
1645237347937 0 11.751048999999995 0 64332 0.0298 0.00006976744186043549
1645237351957 0 11.741144999999989 0 88753 0.0417 0.00006976744186043549
1645237355744 0 11.981679000000014 0 153489 0.06870000000000001 0.00006976744186043549
1645237359805 0 11.977789000000001 0 101805 0.0461 0.00006976744186043549
1645237363748 0 11.974382999999989 0 186822 0.0836 0.00006976744186043549
1645237367738 0 11.965699999999998 0 200149 0.0887 0.00006976744186043549
1645237371793 0 11.959932000000009 0 215305 0.0953 0.00006976744186043549
1645237375984 0 11.702474999999993 0 128759 0.058199999999999995 0.00006976744186043549
1645237379966 0 11.697799000000003 0 199367 0.088 0.00006976744186043549
1645237384055 0 11.692932000000013 0 220759 0.0983 0.00006976744186043549
1645237387829 0 11.934325999999999 0 149511 0.0668 0.00006976744186043549
1645237391966 0 11.67928599999999 0 118879 0.0539 0.00006976744186043549
1645237395965 0 11.669724000000002 0 85418 0.039400000000000004 0.00006976744186043549
1645237399888 0 11.913677000000007 0 68807 0.032100000000000004 0.00006976744186043549
1645237404082 0 11.657996999999995 0 132565 0.0591 0.00006976744186043549
1645237407717 0 11.903563999999989 0 117262 0.0531 0.00006976744186043549
1645237411847 0 11.898539 0 116418 0.0524 0.00006976744186043549
1645237415937 0 11.642264000000011 0 223024 0.0992 0.00006976744186043549
1645237420001 0 11.634661999999992 0 214538 0.0954 0.00006976744186043549
1645237423938 0 11.876036 0 178191 0.079 0.00006976744186043549
1645237427765 0 11.864263999999991 0 161454 0.0725 0.00006976744186043549
1645237431818 0 11.859624999999994 0 212225 0.095 0.00006976744186043549
1645237435787 0 11.846713999999992 0 195858 0.0868 0.00006976744186043549
1645237439928 0 11.838768000000016 0 119665 0.0538 0.00006976744186043549
1645237444028 0 11.582822000000021 0 108667 0.0494 0.00006976744186043549
1645237447933 0 11.828657000000021 0 64782 0.0305 0.00006976744186043549
1645237451927 0 11.818893000000003 0 87523 0.039400000000000004 0.00006976744186043549
1645237456218 0 11.448238000000003 0 155607 0.0693 0.00006976744186043549
1645237459772 0 11.805219000000022 0 100404 0.0455 0.00006976744186043549
1645237464182 0 11.54643500000003 0 183614 0.0811 0.00006976744186043549
1645237468165 0 11.535074000000009 0 197686 0.0879 0.00006976744186043549
1645237472243 0 11.526561000000015 0 217520 0.0973 0.00006976744186043549
1645237475943 0 11.768873999999983 0 132353 0.0596 0.00006976744186043549
1645237479932 0 11.761007000000006 0 199853 0.0888 0.00006976744186043549
1645237484033 0 11.751193 0 225614 0.0995 0.00006976744186043549
1645237487806 0 11.992229000000009 0 150477 0.0675 0.00006976744186043549
1645237491949 0 11.73163199999999 0 117995 0.0534 0.00006976744186043549
1645237495939 0 11.723381000000018 0 86503 0.039 0.00006976744186043549
1645237499863 0 11.718500000000006 0 67335 0.0317 0.00006976744186043549
1645237504063 0 11.710647999999992 0 132169 0.059399999999999994 0.00006976744186043549
1645237507694 0 11.953553 0 118800 0.053200000000000004 0.00006976744186043549
1645237511819 0 11.944756999999981 0 116618 0.0524 0.00006976744186043549

