1645238306594 1 3.999999 1145 346799 0.1018 -4.9235
1645238307778 1 6.800871 0 363755 0.1045 0.00017441860465117198
1645238308947 1 9.632815 0 362842 0.10640000000000001 0.00017441860465117198
1645238310698 1 11.880741 0 384791 0.1132 0.00017441860465117198
1645238314771 3 11.875081 0 804438 0.23559999999999998 0.000174418604651283
1645238318811 3 11.864927 0 828659 0.24300000000000002 0.00043023255813956496
1645238323181 3 11.609735999999998 0 937332 0.2752 0.00043023255813956496
1645238327075 3 11.602463 0 776416 0.22810000000000002 0.00043023255813956496
1645238331185 3 11.589020000000001 0 1025687 0.3014 0.00043023255813956496
1645238335185 3 11.581407000000002 0 815426 0.24 0.00043023255813956496
1645238338888 3 11.826857000000004 0 884625 0.26030000000000003 0.00043023255813956496
1645238344919 3 9.662827 0 904952 0.5927 0.00043023255813956496
1645238347250 1 11.562454000000002 0 371605 0.1132 0.00043023255813956496
1645238351026 3 11.552077000000004 0 910446 0.2663 0.000174418604651283
1645238354847 3 11.798521000000001 0 922454 0.2705 0.00043023255813956496
1645238359224 3 11.537661 0 942842 0.277 0.00043023255813956496
1645238362920 3 11.780798000000004 0 884128 0.2591 0.00043023255813956496
1645238366945 3 11.769225000000006 0 828263 0.2432 0.00043023255813956496
1645238370931 3 11.763545000000008 0 981175 0.2882 0.00043023255813956496
1645238374790 3 11.998702000000009 0 939007 0.2759 0.00043023255813956496
1645238378865 3 11.744478 0 841370 0.24700000000000003 0.00043023255813956496
1645238382748 3 11.984504999999999 0 947658 0.27799999999999997 0.00043023255813956496
1645238386823 3 11.98101100000001 0 828958 0.2434 0.00043023255813956496
1645238390794 3 11.96820600000001 0 977791 0.2874 0.00043023255813956496
1645238395093 3 11.681663 0 847215 0.27 0.00043023255813956496
1645238399062 3 11.671433000000007 0 978032 0.28700000000000003 0.00043023255813956496
1645238404928 3 9.651128999999997 0 934237 0.5751999999999999 0.00043023255813956496
1645238406742 1 11.898671000000007 0 367179 0.11180000000000001 0.00043023255813956496
1645238410766 3 11.886926000000003 0 988774 0.2907 0.000174418604651283
1645238414739 3 11.869259 0 808061 0.23700000000000002 0.00043023255813956496
1645238418796 3 11.861884000000003 0 995677 0.2945 0.00043023255813956496
1645238423124 3 11.603080000000006 0 924757 0.2718 0.00043023255813956496
1645238427092 3 11.586961000000002 0 808228 0.2374 0.00043023255813956496
1645238431177 3 11.575082000000009 0 1014212 0.2978 0.00043023255813956496
1645238435260 3 11.561950999999993 0 845218 0.2484 0.00043023255813956496
1645238439042 3 11.55177599999999 0 910767 0.26749999999999996 0.00043023255813956496
1645238442795 3 11.790735000000012 0 901777 0.2649 0.00043023255813956496
1645238447241 3 11.535015000000016 0 967347 0.2843 0.00043023255813956496
1645238452981 3 9.597871999999995 0 935273 0.5636 0.00043023255813956496
1645238454812 1 11.996273000000002 0 372578 0.1137 0.00043023255813956496
1645238458683 3 11.969990999999993 0 940743 0.2758 0.000174418604651283
1645238462865 3 11.959699 0 877888 0.2579 0.00043023255813956496
1645238466928 3 11.697228999999993 0 839766 0.24609999999999999 0.00043023255813956496
1645238470903 3 11.68768399999999 0 976062 0.28690000000000004 0.00043023255813956496
1645238474827 3 11.926536999999996 0 958353 0.2822 0.00043023255813956496
1645238478886 3 11.914737000000002 0 836268 0.2455 0.00043023255813956496
1645238482828 3 11.89950300000001 0 968967 0.2842 0.00043023255813956496
1645238486856 3 11.884737000000001 0 825839 0.24289999999999998 0.00043023255813956496
1645238490817 3 11.874283999999989 0 974212 0.2859 0.00043023255813956496
1645238494965 3 11.862892000000016 0 867483 0.2546 0.00043023255813956496
1645238498964 3 11.853309999999993 0 987232 0.28969999999999996 0.00043023255813956496
1645238502774 3 11.841892999999999 0 921956 0.2707 0.00043023255813956496
1645238508577 3 10.002218 0 913803 0.5690000000000001 0.00043023255813956496
1645238510987 1 11.823916999999994 0 392579 0.1204 0.00043023255813956496
1645238515041 3 11.558854999999994 0 832934 0.2451 0.000174418604651283
1645238519092 3 11.543565999999998 0 1005593 0.2947 0.00043023255813956496
1645238522954 3 11.784951000000007 0 935985 0.2742 0.00043023255813956496
1645238526917 3 11.771339000000012 0 802415 0.236 0.00043023255813956496
1645238530947 3 11.749416999999994 0 999009 0.2935 0.00043023255813956496
1645238534611 3 11.990002000000004 0 869418 0.2564 0.00043023255813956496
1645238538858 3 11.732517000000001 0 897686 0.2641 0.00043023255813956496
1645238542785 3 11.972126000000003 0 960141 0.282 0.00043023255813956496
1645238547068 3 11.706005000000005 0 914618 0.2685 0.00043023255813956496
1645238550966 3 11.701129000000009 0 949031 0.2787 0.00043023255813956496
1645238554767 3 11.94104200000001 0 919929 0.2703 0.00043023255813956496
1645238559109 3 11.686259000000007 0 930570 0.2734 0.00043023255813956496
1645238562837 3 11.929744000000028 0 894188 0.2622 0.00043023255813956496
1645238566894 3 11.921213000000023 0 835562 0.2454 0.00043023255813956496
1645238570892 3 11.908861000000002 0 986170 0.2894 0.00043023255813956496
1645238574805 3 11.897775000000024 0 955812 0.2808 0.00043023255813956496
1645238578858 3 11.892927999999984 0 837688 0.24569999999999997 0.00043023255813956496
1645238584578 3 10.004447000000027 0 972932 0.5609 0.00043023255813956496
1645238586809 1 11.877755999999977 0 335171 0.1035 0.00043023255813956496
1645238590757 3 11.866312999999991 0 968173 0.2842 0.000174418604651283
1645238594920 3 11.854890000000012 0 872734 0.25630000000000003 0.00043023255813956496
1645238598952 3 11.843519000000015 0 991679 0.29100000000000004 0.00043023255813956496
1645238602791 3 11.826728000000003 0 930061 0.2734 0.00043023255813956496
1645238607072 3 11.548843999999974 0 884740 0.26280000000000003 0.00043023255813956496
1645238611051 3 11.536997999999983 0 968599 0.28490000000000004 0.00043023255813956496
1645238615147 3 11.532835999999975 0 848189 0.2485 0.00043023255813956496
1645238619154 3 11.521659 0 989262 0.29100000000000004 0.00043023255813956496
1645238625285 3 9.301828999999998 0 929927 0.6007 0.00043023255813956496
1645238627070 1 11.687472000000014 0 347396 0.1068 0.00043023255813956496
1645238630660 3 11.986801000000014 0 1009703 0.2959 0.000174418604651283
1645238634793 3 11.981133999999997 0 861836 0.2529 0.00043023255813956496

