1645234009999 1 3.999999 2824 346799 0.2711 -12.143199999999998
1645234012951 1 5.063506 0 363755 0.284 0.00017441860465117198
1645234015891 1 6.1260270000000006 0 362842 0.2831 0.00017441860465117198
1645234019011 1 7.005517000000001 0 384791 0.30110000000000003 0.00017441860465117198
1645234021769 1 8.248033999999999 0 339137 0.265 0.00017441860465117198
1645234024938 1 9.079016999999999 0 393219 0.3068 0.00017441860465117198
1645234028224 1 9.791359 0 406206 0.31789999999999996 0.00017441860465117198
1645234030702 1 11.313731 0 303135 0.2364 0.00017441860465117198
1645234034047 1 11.967679000000004 0 414092 0.3241 0.00017441860465117198
1645234038298 1 11.760834000000003 0 337705 0.264 0.00017441860465117198
1645234042268 1 11.748088000000003 0 366374 0.2867 0.00017441860465117198
1645234046139 1 11.990337000000004 0 352030 0.2765 0.00017441860465117198
1645234050146 1 11.978519000000006 0 371605 0.2905 0.00017441860465117198
1645234054261 1 11.969088 0 385670 0.3015 0.00017441860465117198
1645234058294 1 11.961609000000003 0 374050 0.2926 0.00017441860465117198
1645234062275 1 11.953518000000003 0 367058 0.2854 0.00017441860465117198
1645234066345 1 11.691684000000002 0 377983 0.2961 0.00017441860465117198
1645234070500 1 11.679655000000004 0 326924 0.2551 0.00017441860465117198
1645234074132 1 11.92365000000001 0 388939 0.3034 0.00017441860465117198
1645234078311 1 11.909576999999999 0 392939 0.3069 0.00017441860465117198
1645234082248 1 11.891827000000006 0 362131 0.2833 0.00017441860465117198
1645234086503 1 11.633009999999999 0 402712 0.3155 0.00017441860465117198
1645234090174 1 11.874919000000006 0 327400 0.25680000000000003 0.00017441860465117198
1645234094422 1 11.615792999999996 0 401133 0.314 0.00017441860465117198
1645234098500 1 11.60725500000001 0 317452 0.24710000000000001 0.00017441860465117198
1645234102165 1 11.849592999999999 0 391753 0.3059 0.00017441860465117198
1645234106281 1 11.838120000000004 0 384934 0.30110000000000003 0.00017441860465117198
1645234110249 1 11.831809000000007 0 367179 0.2868 0.00017441860465117198
1645234114391 1 11.819850000000002 0 387965 0.30369999999999997 0.00017441860465117198
1645234118600 1 11.562635999999998 0 333821 0.2602 0.00017441860465117198
1645234122291 1 11.802388000000008 0 394452 0.3083 0.00017441860465117198
1645234126581 1 11.544700000000006 0 409513 0.31930000000000003 0.00017441860465117198
1645234130584 1 11.536363000000009 0 307174 0.2398 0.00017441860465117198
1645234134472 1 11.779486000000006 0 420407 0.3287 0.00017441860465117198
1645234138735 1 11.520770999999996 0 340231 0.2666 0.00017441860465117198
1645234142267 1 11.766516999999993 0 374730 0.2928 0.00017441860465117198
1645234146619 1 11.509326000000016 0 353022 0.2746 0.00017441860465117198
1645234150298 1 11.747949000000006 0 393253 0.307 0.00017441860465117198
1645234154283 1 11.737133999999998 0 368813 0.2879 0.00017441860465117198
1645234158296 1 11.732519999999994 0 372578 0.2914 0.00017441860465117198
1645234162331 1 11.722316000000006 0 374507 0.2927 0.00017441860465117198
1645234166344 1 11.716197999999991 0 372824 0.2903 0.00017441860465117198
1645234170502 1 11.708740000000006 0 326437 0.2544 0.00017441860465117198
1645234174093 1 11.950563000000017 0 383127 0.29860000000000003 0.00017441860465117198
1645234178330 1 11.691431999999992 0 400632 0.3134 0.00017441860465117198
1645234182107 1 11.933614000000006 0 342596 0.2677 0.00017441860465117198
1645234186392 1 11.671748000000008 0 407655 0.31779999999999997 0.00017441860465117198
1645234190131 1 11.914096 0 337450 0.264 0.00017441860465117198
1645234194413 1 11.655919000000011 0 404220 0.3168 0.00017441860465117198
1645234198130 1 11.895792 0 331794 0.2606 0.00017441860465117198
1645234202277 1 11.888571000000013 0 390086 0.3049 0.00017441860465117198
1645234206410 1 11.631001999999995 0 387516 0.3024 0.00017441860465117198
1645234210367 1 11.874246999999997 0 365827 0.2852 0.00017441860465117198
1645234214542 1 11.617537999999996 0 392579 0.30720000000000003 0.00017441860465117198
1645234218283 1 11.859924000000007 0 337939 0.2638 0.00017441860465117198
1645234222579 1 11.602776000000006 0 406896 0.319 0.00017441860465117198
1645234226234 1 11.843781000000007 0 390582 0.3047 0.00017441860465117198
1645234230412 1 11.832796000000002 0 328479 0.2579 0.00017441860465117198
1645234234649 1 11.570881000000014 0 399016 0.3121 0.00017441860465117198
1645234238661 1 11.563603999999998 0 370990 0.2903 0.00017441860465117198
1645234242673 1 11.556875999999988 0 371149 0.2905 0.00017441860465117198
1645234246689 1 11.549026999999995 0 372261 0.2912 0.00017441860465117198
1645234250378 1 11.793027999999993 0 394237 0.3084 0.00017441860465117198
1645234254358 1 11.784653999999989 0 368311 0.2879 0.00017441860465117198
1645234258443 1 11.774988000000008 0 381418 0.29769999999999996 0.00017441860465117198
1645234262440 1 11.766444000000007 0 368451 0.28769999999999996 0.00017441860465117198
1645234266460 1 11.75296800000001 0 371908 0.292 0.00017441860465117198
1645234270123 1 11.993675999999994 0 328352 0.25680000000000003 0.00017441860465117198
1645234274185 1 11.984809999999982 0 379027 0.2964 0.00017441860465117198
1645234278476 1 11.724905999999976 0 407465 0.3191 0.00017441860465117198
1645234282192 1 11.967224999999985 0 333046 0.2602 0.00017441860465117198
1645234286067 1 11.959720000000004 0 416856 0.32639999999999997 0.00017441860465117198
1645234290291 1 11.95155299999999 0 335171 0.2616 0.00017441860465117198
1645234294539 1 11.688675999999987 0 401613 0.3142 0.00017441860465117198
1645234298277 1 11.933024999999986 0 337330 0.26349999999999996 0.00017441860465117198
1645234302441 1 11.673752999999977 0 391244 0.3059 0.00017441860465117198
1645234306583 1 11.665302999999994 0 387864 0.3035 0.00017441860465117198
1645234310528 1 11.65747399999998 0 363813 0.2841 0.00017441860465117198
1645234314194 1 11.896509999999978 0 391839 0.3061 0.00017441860465117198
1645234318419 1 11.631060999999988 0 336898 0.26280000000000003 0.00017441860465117198
1645234322491 1 11.614750000000015 0 381135 0.2973 0.00017441860465117198
1645234326658 1 11.604214000000013 0 386654 0.3034 0.00017441860465117198
1645234330485 1 11.596622000000025 0 347396 0.27240000000000003 0.00017441860465117198
1645234334661 1 11.592761999999993 0 392538 0.30710000000000004 0.00017441860465117198

