1645242218286 1 3.999999 812 346799 0.0698 -3.4916
1645242219121 1 7.18698 0 363755 0.0733 0.00017441860465117198
1645242219944 1 10.364101000000002 0 362842 0.07289999999999999 0.00017441860465117198
1645242222820 1 11.578648000000001 0 384791 0.0771 0.00017441860465117198
1645242226722 3 11.815983999999998 0 804438 0.1699 0.000174418604651283
1645242230579 3 11.812057 0 828659 0.17529999999999998 0.00043023255813956496
1645242234645 3 11.800785999999999 0 937332 0.1965 0.00043023255813956496
1645242238824 3 11.546609999999998 0 776416 0.158 0.00043023255813956496
1645242242986 3 11.533034000000004 0 1025687 0.2061 0.00043023255813956496
1645242246729 3 11.773702000000004 0 815426 0.16399999999999998 0.00043023255813956496
1645242250605 3 11.765151000000003 0 884625 0.1779 0.00043023255813956496
1645242255023 3 11.505411000000002 0 904952 0.1822 0.00043023255813956496
1645242258540 3 11.995987 0 954418 0.1921 0.00043023255813956496
1645242262494 3 11.984043 0 910446 0.183 0.00043023255813956496
1645242266453 3 11.977760000000004 0 922454 0.18560000000000001 0.00043023255813956496
1645242270450 3 11.969866000000003 0 942842 0.18939999999999999 0.00043023255813956496
1645242274821 3 11.714301000000006 0 884128 0.1777 0.00043023255813956496
1645242278614 3 11.703020000000002 0 828263 0.1674 0.00043023255813956496
1645242282689 3 11.698256999999998 0 981175 0.1973 0.00043023255813956496
1645242286676 3 11.685603999999998 0 939007 0.1887 0.00043023255813956496
1645242290472 3 11.930259000000007 0 841370 0.16970000000000002 0.00043023255813956496
1645242294475 3 11.918920999999997 0 947658 0.1906 0.00043023255813956496
1645242298740 3 11.662655999999998 0 828958 0.16670000000000001 0.00043023255813956496
1645242302805 3 11.652489000000003 0 977791 0.1963 0.00043023255813956496
1645242306605 3 11.88719900000001 0 847215 0.1699 0.00043023255813956496
1645242310668 3 11.875899000000004 0 978032 0.196 0.00043023255813956496
1645242314701 3 11.613166000000007 0 934237 0.1875 0.00043023255813956496
1645242318586 3 11.855018999999999 0 889600 0.1783 0.00043023255813956496
1645242322676 3 11.837668000000008 0 988774 0.1988 0.00043023255813956496
1645242326905 3 11.581727 0 808061 0.1626 0.00043023255813956496
1645242330508 3 11.823172999999997 0 995677 0.2 0.00043023255813956496
1645242334965 3 11.563271999999998 0 924757 0.186 0.00043023255813956496
1645242338685 3 11.804986999999997 0 808228 0.16240000000000002 0.00043023255813956496
1645242342820 3 11.548113999999998 0 1014212 0.20350000000000001 0.00043023255813956496
1645242346622 3 11.788532000000004 0 845218 0.1698 0.00043023255813956496
1645242350566 3 11.774924999999996 0 910767 0.1836 0.00043023255813956496
1645242354973 3 11.519619000000006 0 901777 0.1802 0.00043023255813956496
1645242359021 3 11.51315600000001 0 967347 0.19490000000000002 0.00043023255813956496
1645242363004 3 11.506461999999999 0 935273 0.18839999999999998 0.00043023255813956496
1645242366952 3 11.498947000000015 0 916928 0.1843 0.00043023255813956496
1645242370437 3 11.98383100000001 0 940743 0.1888 0.00043023255813956496
1645242374804 3 11.719108000000006 0 877888 0.17629999999999998 0.00043023255813956496
1645242378595 3 11.962795999999997 0 839766 0.1685 0.00043023255813956496
1645242382653 3 11.70228499999999 0 976062 0.1963 0.00043023255813956496
1645242386685 3 11.695907000000005 0 958353 0.193 0.00043023255813956496
1645242390470 3 11.93714 0 836268 0.1681 0.00043023255813956496
1645242394520 3 11.924220999999989 0 968967 0.1948 0.00043023255813956496
1645242398786 3 11.668165000000016 0 825839 0.1661 0.00043023255813956496
1645242402842 3 11.66032100000001 0 974212 0.1956 0.00043023255813956496
1645242406686 3 11.65166099999999 0 867483 0.17450000000000002 0.00043023255813956496
1645242410769 3 11.638765000000006 0 987232 0.1982 0.00043023255813956496
1645242414738 3 11.629376000000008 0 921956 0.1847 0.00043023255813956496
1645242418674 3 11.873942 0 913803 0.1836 0.00043023255813956496
1645242422701 3 11.60955100000001 0 958215 0.1928 0.00043023255813956496
1645242426479 3 11.853219999999993 0 832934 0.1674 0.00043023255813956496
1645242430599 3 11.842317000000008 0 1005593 0.2021 0.00043023255813956496
1645242434579 3 11.835623999999996 0 935985 0.1881 0.00043023255813956496
1645242438787 3 11.571886000000006 0 802415 0.1612 0.00043023255813956496
1645242442898 3 11.560828000000015 0 999009 0.20139999999999997 0.00043023255813956496
1645242446750 3 11.807099999999991 0 869418 0.1744 0.00043023255813956496
1645242450660 3 11.78988000000001 0 897686 0.1806 0.00043023255813956496
1645242454698 3 11.772549999999995 0 960141 0.1931 0.00043023255813956496
1645242458664 3 11.767696 0 914618 0.18409999999999999 0.00043023255813956496
1645242462669 3 11.755870000000016 0 949031 0.1908 0.00043023255813956496
1645242466619 3 11.749603000000008 0 919929 0.185 0.00043023255813956496
1645242470584 3 11.743888999999996 0 930570 0.18660000000000002 0.00043023255813956496
1645242474477 3 11.987004000000013 0 894188 0.1795 0.00043023255813956496
1645242478753 3 11.726703999999984 0 835562 0.1679 0.00043023255813956496
1645242482340 3 11.966007999999988 0 986170 0.1982 0.00043023255813956496
1645242486366 3 11.95677999999998 0 955812 0.1924 0.00043023255813956496
1645242490653 3 11.692772999999988 0 837688 0.1682 0.00043023255813956496
1645242494717 3 11.679959999999994 0 972932 0.1957 0.00043023255813956496
1645242498449 3 11.924679000000026 0 807690 0.1621 0.00043023255813956496
1645242502499 3 11.918241000000023 0 968173 0.1948 0.00043023255813956496
1645242506860 3 11.661460999999974 0 872734 0.1752 0.00043023255813956496
1645242510458 3 11.899204999999995 0 991679 0.1991 0.00043023255813956496
1645242514430 3 11.89411899999999 0 930061 0.1865 0.00043023255813956496
1645242518821 3 11.569364000000007 0 884740 0.1777 0.00043023255813956496
1645242522871 3 11.558492000000001 0 968599 0.1946 0.00043023255813956496
1645242526693 3 11.794917999999996 0 848189 0.1696 0.00043023255813956496
1645242530785 3 11.534296999999981 0 989262 0.1988 0.00043023255813956496
1645242534760 3 11.777404999999987 0 929927 0.1874 0.00043023255813956496
1645242538560 3 11.769664999999975 0 845977 0.1699 0.00043023255813956496
1645242542698 3 11.760175000000004 0 1009703 0.2032 0.00043023255813956496
1645242547049 3 11.497829000000024 0 861836 0.17350000000000002 0.00043023255813956496

