1645252667253 1 3.999999 934 346799 0.074 -4.0161999999999995
1645252669099 1 6.165222 0 363755 0.078 0.00017441860465117198
1645252670017 1 9.243061 0 362842 0.0777 0.00017441860465117198
1645252672188 3 11.072627 0 908792 0.1941 0.000174418604651283
1645252675542 3 11.768445999999999 0 804438 0.1721 0.00043023255813956496
1645252679937 3 11.509704999999999 0 828659 0.1772 0.00043023255813956496
1645252683595 3 11.744167999999998 0 937332 0.2032 0.00043023255813956496
1645252687421 3 11.986113 0 776416 0.1659 0.00043023255813956496
1645252691769 3 11.723602000000003 0 1025687 0.22000000000000003 0.00043023255813956496
1645252695657 3 11.694246000000003 0 815426 0.17470000000000002 0.00043023255813956496
1645252699675 3 11.687057000000003 0 884625 0.1897 0.00043023255813956496
1645252703729 3 11.679918 0 904952 0.194 0.00043023255813956496
1645252707405 3 11.916109000000006 0 954418 0.2048 0.00043023255813956496
1645252711490 3 11.901837 0 910446 0.19519999999999998 0.00043023255813956496
1645252715638 3 11.636293000000002 0 922454 0.1978 0.00043023255813956496
1645252719807 3 11.625391 0 942842 0.2023 0.00043023255813956496
1645252723840 3 11.617200000000004 0 884128 0.1899 0.00043023255813956496
1645252727741 3 11.607154000000001 0 828263 0.177 0.00043023255813956496
1645252731455 3 11.850144999999998 0 981175 0.21030000000000001 0.00043023255813956496
1645252735586 3 11.840097 0 939007 0.2011 0.00043023255813956496
1645252739516 3 11.835060999999996 0 841370 0.1805 0.00043023255813956496
1645252743776 3 11.573532 0 947658 0.2031 0.00043023255813956496
1645252747688 3 11.818277000000009 0 828958 0.1778 0.00043023255813956496
1645252751913 3 11.539287000000002 0 977791 0.21000000000000002 0.00043023255813956496
1645252755855 3 11.531103000000002 0 847215 0.1815 0.00043023255813956496
1645252759577 3 11.771299999999997 0 978032 0.2096 0.00043023255813956496
1645252763713 3 11.762692000000001 0 934237 0.20049999999999998 0.00043023255813956496
1645252767742 3 11.756720000000001 0 889600 0.1906 0.00043023255813956496
1645252771485 3 11.989947 0 988774 0.2116 0.00043023255813956496
1645252775336 3 11.980648000000002 0 808061 0.17350000000000002 0.00043023255813956496
1645252779606 3 11.722293000000008 0 995677 0.2117 0.00043023255813956496
1645252783701 3 11.714724000000004 0 924757 0.1982 0.00043023255813956496
1645252787552 3 11.731159000000005 0 808228 0.1729 0.00043023255813956496
1645252791357 3 11.919488999999999 0 1014212 0.2177 0.00043023255813956496
1645252795788 3 11.656405000000007 0 845218 0.1812 0.00043023255813956496
1645252799373 3 11.897449999999992 0 910767 0.1953 0.00043023255813956496
1645252803435 3 11.890563000000014 0 901777 0.19319999999999998 0.00043023255813956496
1645252807638 3 11.628413999999992 0 967347 0.20800000000000002 0.00043023255813956496
1645252811770 3 11.621786000000014 0 935273 0.20059999999999997 0.00043023255813956496
1645252815847 3 11.613801999999993 0 916928 0.1966 0.00043023255813956496
1645252819483 3 11.858981 0 940743 0.20129999999999998 0.00043023255813956496
1645252823484 3 11.847910000000013 0 877888 0.1881 0.00043023255813956496
1645252827540 3 11.833911 0 839766 0.18 0.00043023255813956496
1645252831754 3 11.57769300000001 0 976062 0.209 0.00043023255813956496
1645252835935 3 11.569941999999998 0 958353 0.2056 0.00043023255813956496
1645252839844 3 11.532108999999991 0 836268 0.1792 0.00043023255813956496
1645252843559 3 11.775857000000002 0 968967 0.20779999999999998 0.00043023255813956496
1645252847949 3 11.513673000000011 0 825839 0.177 0.00043023255813956496
1645252851668 3 11.758227000000005 0 974212 0.2083 0.00043023255813956496
1645252855691 0 11.749247999999994 0 128759 0.027500000000000004 0.00043023255813956496
1645252859742 0 11.745038999999991 0 199367 0.042499999999999996 0.00006976744186043549
1645252863406 0 11.970112 0 220759 0.0543 0.00006976744186043549
1645252867461 0 11.964901999999995 0 149511 0.0397 0.00006976744186043549
1645252871597 0 11.813121999999993 0 118879 0.033100000000000004 0.00006976744186043549
1645252875483 0 11.803968999999995 0 85418 0.0258 0.00006976744186043549
1645252879835 0 11.548699999999997 0 68807 0.0228 0.00006976744186043549
1645252883823 0 11.539840999999996 0 132565 0.0356 0.00006976744186043549
1645252887780 0 11.528716000000003 0 117262 0.0332 0.00006976744186043549
1645252891727 0 11.773995000000014 0 116418 0.0324 0.00006976744186043549
1645252895414 0 11.990340000000003 0 223024 0.0553 0.00006976744186043549
1645252899575 0 11.732447000000008 0 214538 0.0541 0.00006976744186043549
1645252903655 0 11.726428999999996 0 178191 0.0459 0.00006976744186043549
1645252907696 0 11.596587 0 161454 0.0427 0.00006976744186043549
1645252911354 0 11.962516999999991 0 212225 0.0531 0.00006976744186043549
1645252915472 0 11.952557000000013 0 195858 0.0497 0.00006976744186043549
1645252919433 0 11.946548000000007 0 119665 0.0335 0.00006976744186043549
1645252923364 0 11.941210000000012 0 108667 0.0309 0.00006976744186043549
1645252927712 0 11.683797000000027 0 64782 0.0214 0.00006976744186043549
1645252931596 0 11.677067000000022 0 87523 0.026000000000000002 0.00006976744186043549
1645252935646 0 11.671599000000015 0 155607 0.0411 0.00006976744186043549
1645252939551 0 11.916316999999992 0 100404 0.0288 0.00006976744186043549
1645252943639 0 11.654946999999993 0 183614 0.047 0.00006976744186043549
1645252947754 0 11.65016700000001 0 197686 0.0499 0.00006976744186043549
1645252951427 0 11.895834999999977 0 217520 0.054200000000000005 0.00006976744186043549
1645252955414 0 11.887957000000029 0 132353 0.0361 0.00006976744186043549
1645252959535 0 11.87678900000003 0 199853 0.0504 0.00006976744186043549
1645252963722 0 11.617958999999985 0 225614 0.056499999999999995 0.00006976744186043549
1645252967745 0 11.61128100000002 0 150477 0.040100000000000004 0.00006976744186043549
1645252971691 0 11.60553299999998 0 117995 0.0328 0.00006976744186043549
1645252975579 0 11.849739999999997 0 86503 0.0262 0.00006976744186043549
1645252979428 0 11.843762000000027 0 67335 0.0221 0.00006976744186043549
1645252983919 0 11.587216000000012 0 132169 0.035699999999999996 0.00006976744186043549
1645252987867 0 11.556501000000026 0 118800 0.0327 0.00006976744186043549
1645252991822 0 11.549939999999992 0 116618 0.032600000000000004 0.00006976744186043549

