1645242128267 1 3.999999 811 346799 0.06949999999999999 -3.4873
1645242128877 0 7.40606 0 213385 0.0421 0.00017441860465117198
1645242129260 0 11.025448 0 141806 0.028499999999999998 0.00006976744186043549
1645242132581 0 11.809422000000001 0 112578 0.0219 0.00006976744186043549
1645242136931 0 11.554343999999999 0 80671 0.024399999999999998 0.00006976744186043549
1645242140763 0 11.549218999999999 0 68729 0.0229 0.00006976744186043549
1645242144726 0 11.792945 0 137895 0.0369 0.00006976744186043549
1645242148645 0 11.787467 0 114138 0.0319 0.00006976744186043549
1645242152584 0 11.784069000000002 0 126013 0.0339 0.00006976744186043549
1645242156703 0 11.776635000000002 0 217236 0.0519 0.00006976744186043549
1645242160825 0 11.521712 0 219398 0.0524 0.00006976744186043549
1645242164865 0 11.513462000000004 0 177648 0.044 0.00006976744186043549
1645242168899 0 11.507903000000006 0 166856 0.0422 0.00006976744186043549
1645242172542 0 11.753968 0 223685 0.0536 0.00006976744186043549
1645242176628 0 11.744346 0 206455 0.0493 0.00006976744186043549
1645242180562 0 11.737410000000004 0 121534 0.0334 0.00006976744186043549
1645242184459 0 11.980581 0 105092 0.029199999999999997 0.00006976744186043549
1645242188760 0 11.723533000000003 0 63086 0.020300000000000002 0.00006976744186043549
1645242192631 0 11.713388000000009 0 87739 0.0262 0.00006976744186043549
1645242196634 0 11.706523000000004 0 152905 0.0393 0.00006976744186043549
1645242200516 0 11.950952000000001 0 100587 0.027800000000000002 0.00006976744186043549
1645242204568 0 11.941664000000003 0 186001 0.045200000000000004 0.00006976744186043549
1645242208655 0 11.682007999999996 0 201620 0.0489 0.00006976744186043549
1645242212777 0 11.677452000000002 0 218012 0.0511 0.00006976744186043549
1645242216695 0 11.668678 0 123058 0.0324 0.00006976744186043549
1645242220790 0 11.659772000000004 0 198856 0.0493 0.00006976744186043549
1645242224440 0 11.902898000000008 0 223061 0.0531 0.00006976744186043549
1645242228408 0 11.894390000000001 0 143385 0.0371 0.00006976744186043549
1645242232825 0 11.637150000000005 0 117021 0.0319 0.00006976744186043549
1645242236682 0 11.625633000000008 0 83595 0.0254 0.00006976744186043549
1645242240491 0 11.87163600000001 0 68011 0.0216 0.00006976744186043549
1645242244449 0 11.868025000000003 0 134264 0.0355 0.00006976744186043549
1645242248852 0 11.609451000000007 0 113722 0.030699999999999998 0.00006976744186043549
1645242252783 0 11.605192000000002 0 122694 0.0332 0.00006976744186043549
1645242256890 0 11.596311000000014 0 215146 0.0511 0.00006976744186043549
1645242260506 0 11.840756999999996 0 213339 0.0519 0.00006976744186043549
1645242264546 0 11.833800999999994 0 176949 0.0438 0.00006976744186043549
1645242268550 0 11.824984 0 158356 0.0398 0.00006976744186043549
1645242272681 0 11.81872899999999 0 219852 0.0523 0.00006976744186043549
1645242276766 0 11.557817999999997 0 196864 0.048 0.00006976744186043549
1645242280700 0 11.801837000000006 0 116610 0.0332 0.00006976744186043549
1645242284600 0 11.792546000000016 0 107223 0.030199999999999998 0.00006976744186043549
1645242288909 0 11.534679000000011 0 64332 0.0211 0.00006976744186043549
1645242292770 0 11.528838000000007 0 88753 0.0262 0.00006976744186043549
1645242296758 0 11.771892000000008 0 153489 0.0392 0.00006976744186043549
1645242300639 0 11.763441 0 101805 0.0283 0.00006976744186043549
1645242304699 0 11.757452999999998 0 186822 0.0459 0.00006976744186043549
1645242308782 0 11.749876999999998 0 200149 0.0484 0.00006976744186043549
1645242312402 0 11.980871000000008 0 215305 0.0522 0.00006976744186043549
1645242316348 0 11.974740999999995 0 128759 0.0346 0.00006976744186043549
1645242320438 0 11.96774400000001 0 199367 0.0484 0.00006976744186043549
1645242324572 0 11.957651999999996 0 220759 0.0528 0.00006976744186043549
1645242328555 0 11.947053000000011 0 149511 0.0381 0.00006976744186043549
1645242332470 0 11.942476999999997 0 118879 0.0319 0.00006976744186043549
1645242336819 0 11.68524099999999 0 85418 0.0254 0.00006976744186043549
1645242340634 0 11.677838000000008 0 68807 0.0217 0.00006976744186043549
1645242344578 0 11.923411000000016 0 132565 0.0346 0.00006976744186043549
1645242348493 0 11.910102999999992 0 117262 0.0314 0.00006976744186043549
1645242352418 0 11.902676000000014 0 116418 0.0322 0.00006976744186043549
1645242356554 0 11.891806000000003 0 223024 0.0531 0.00006976744186043549
1645242360674 0 11.63472999999999 0 214538 0.0516 0.00006976744186043549
1645242364715 0 11.629976 0 178191 0.0439 0.00006976744186043549
1645242368718 0 11.623908 0 161454 0.0409 0.00006976744186043549
1645242372818 0 11.615060999999997 0 212225 0.0505 0.00006976744186043549
1645242376897 0 11.611021999999991 0 195858 0.048 0.00006976744186043549
1645242380817 0 11.603651000000013 0 119665 0.032100000000000004 0.00006976744186043549
1645242384716 0 11.599309000000005 0 108667 0.0304 0.00006976744186043549
1645242388532 0 11.839289000000008 0 64782 0.0215 0.00006976744186043549
1645242392886 0 11.581278999999995 0 87523 0.0257 0.00006976744186043549
1645242396883 0 11.572952999999984 0 155607 0.0393 0.00006976744186043549
1645242400768 0 11.565292 0 100404 0.028100000000000003 0.00006976744186043549
1645242404822 0 11.560694000000012 0 183614 0.0456 0.00006976744186043549
1645242408905 0 11.551487000000009 0 197686 0.048299999999999996 0.00006976744186043549
1645242412517 0 11.797304999999994 0 217520 0.0516 0.00006976744186043549
1645242416963 0 11.539147000000014 0 132353 0.0346 0.00006976744186043549
1645242420548 0 11.777623000000006 0 199853 0.0487 0.00006976744186043549
1645242424688 0 11.765806999999995 0 225614 0.0533 0.00006976744186043549
1645242428670 0 11.758375999999998 0 150477 0.0385 0.00006976744186043549
1645242432588 0 11.748043999999993 0 117995 0.0317 0.00006976744186043549
1645242436448 0 11.993645000000015 0 86503 0.0256 0.00006976744186043549
1645242440767 0 11.730380000000025 0 67335 0.0221 0.00006976744186043549
1645242444720 0 11.721384 0 132169 0.0354 0.00006976744186043549
1645242448642 0 11.717701999999974 0 118800 0.0319 0.00006976744186043549
1645242452567 0 11.96087399999999 0 116618 0.032100000000000004 0.00006976744186043549
1645242456700 0 11.696146999999996 0 222296 0.052700000000000004 0.00006976744186043549

