1645255900914 1 3.999999 937 346799 0.0837 -4.0291
1645255901624 0 7.298851 0 213385 0.051500000000000004 0.00017441860465117198
1645255902061 0 10.862721 0 141806 0.0342 0.00006976744186043549
1645255905432 0 11.681314 0 112578 0.0269 0.00006976744186043549
1645255909303 0 11.673989999999998 0 80671 0.0268 0.00006976744186043549
1645255913150 0 11.916599999999999 0 68729 0.023799999999999998 0.00006976744186043549
1645255917160 0 11.90924 0 137895 0.040799999999999996 0.00006976744186043549
1645255921116 0 11.902697999999997 0 114138 0.0355 0.00006976744186043549
1645255925095 0 11.893973000000003 0 126013 0.0376 0.00006976744186043549
1645255929297 0 11.635551000000003 0 217236 0.060399999999999995 0.00006976744186043549
1645255933494 0 11.630526000000003 0 219398 0.0596 0.00006976744186043549
1645255937085 0 11.874303000000005 0 177648 0.0491 0.00006976744186043549
1645255941158 0 11.859971999999999 0 166856 0.0465 0.00006976744186043549
1645255945368 0 11.574577000000005 0 223685 0.059899999999999995 0.00006976744186043549
1645255949556 0 11.523767 0 206455 0.05739999999999999 0.00006976744186043549
1645255953033 0 11.997194 0 121534 0.0365 0.00006976744186043549
1645255956984 0 11.981174000000003 0 105092 0.0327 0.00006976744186043549
1645255961307 0 11.718500000000006 0 63086 0.022 0.00006976744186043549
1645255965203 0 11.950204 0 87739 0.0279 0.00006976744186043549
1645255969265 0 11.676704 0 152905 0.044700000000000004 0.00006976744186043549
1645255973173 0 11.911071000000007 0 100587 0.031 0.00006976744186043549
1645255977299 0 11.636381999999998 0 186001 0.052700000000000004 0.00006976744186043549
1645255981453 0 11.622714000000002 0 201620 0.055900000000000005 0.00006976744186043549
1645255985148 0 11.843450000000004 0 218012 0.0596 0.00006976744186043549
1645255989118 0 11.816775000000007 0 123058 0.036699999999999997 0.00006976744186043549
1645255993270 0 11.801044000000005 0 198856 0.054700000000000006 0.00006976744186043549
1645255997498 0 11.536682999999996 0 223061 0.062 0.00006976744186043549
1645256001521 0 11.527437000000006 0 143385 0.0418 0.00006976744186043549
1645256005475 0 11.519035000000002 0 117021 0.0353 0.00006976744186043549
1645256009342 0 11.759894000000003 0 83595 0.026600000000000002 0.00006976744186043549
1645256013177 0 11.991691000000003 0 68011 0.023200000000000002 0.00006976744186043549
1645256017166 0 11.978434000000007 0 134264 0.0387 0.00006976744186043549
1645256021108 0 11.967505000000003 0 113722 0.0346 0.00006976744186043549
1645256025070 0 11.957281000000009 0 122694 0.0364 0.00006976744186043549
1645256029262 0 11.695302999999996 0 215146 0.058899999999999994 0.00006976744186043549
1645256033455 0 11.680328000000003 0 213339 0.0591 0.00006976744186043549
1645256037057 0 11.92322200000001 0 176949 0.0497 0.00006976744186043549
1645256041111 0 11.914164 0 158356 0.045200000000000004 0.00006976744186043549
1645256045309 0 11.648879999999991 0 219852 0.059899999999999995 0.00006976744186043549
1645256049459 0 11.641347999999994 0 196864 0.0546 0.00006976744186043549
1645256053410 0 11.620612999999992 0 116610 0.0353 0.00006976744186043549
1645256057357 0 11.610928999999999 0 107223 0.034100000000000005 0.00006976744186043549
1645256061190 0 11.853036000000003 0 64332 0.0222 0.00006976744186043549
1645256065086 0 11.848804999999999 0 88753 0.028000000000000004 0.00006976744186043549
1645256069127 0 11.832263000000012 0 153489 0.0433 0.00006976744186043549
1645256073544 0 11.573241999999993 0 101805 0.0311 0.00006976744186043549
1645256077158 0 11.815366000000012 0 186822 0.0517 0.00006976744186043549
1645256081305 0 11.800956000000014 0 200149 0.054400000000000004 0.00006976744186043549
1645256085492 0 11.544229000000001 0 215305 0.058899999999999994 0.00006976744186043549
1645256089468 0 11.538634000000002 0 128759 0.0377 0.00006976744186043549
1645256093619 0 11.529962000000012 0 199367 0.0551 0.00006976744186043549
1645256097322 0 11.772481999999997 0 220759 0.0605 0.00006976744186043549
1645256101349 0 11.765643000000011 0 149511 0.0424 0.00006976744186043549
1645256105301 0 11.757998000000015 0 118879 0.035199999999999995 0.00006976744186043549
1645256109170 0 11.754404999999991 0 85418 0.0269 0.00006976744186043549
1645256113002 0 11.995378000000017 0 68807 0.023200000000000002 0.00006976744186043549
1645256116987 0 11.98816500000001 0 132565 0.0388 0.00006976744186043549
1645256121442 0 11.733495000000005 0 117262 0.035199999999999995 0.00006976744186043549
1645256125394 0 11.718748000000005 0 116418 0.035199999999999995 0.00006976744186043549
1645256129096 0 11.95930100000001 0 223024 0.060899999999999996 0.00006976744186043549
1645256133279 0 11.704459000000014 0 214538 0.0588 0.00006976744186043549
1645256137370 0 11.694265999999999 0 178191 0.0495 0.00006976744186043549
1645256141427 0 11.684111000000001 0 161454 0.045700000000000005 0.00006976744186043549
1645256145105 0 11.924273999999997 0 212225 0.0578 0.00006976744186043549
1645256149244 0 11.919033000000013 0 195858 0.053700000000000005 0.00006976744186043549
1645256153193 0 11.913882000000001 0 119665 0.035199999999999995 0.00006976744186043549
1645256157117 0 11.906280999999979 0 108667 0.033100000000000004 0.00006976744186043549
1645256161432 0 11.650616000000014 0 64782 0.0215 0.00006976744186043549
1645256165302 0 11.639747999999997 0 87523 0.027700000000000002 0.00006976744186043549
1645256169337 0 11.632818999999984 0 155607 0.0441 0.00006976744186043549
1645256173244 0 11.87420400000002 0 100404 0.0304 0.00006976744186043549
1645256177349 0 11.619542000000024 0 183614 0.0508 0.00006976744186043549
1645256181496 0 11.612414000000001 0 197686 0.0546 0.00006976744186043549
1645256185189 0 11.854326000000015 0 217520 0.0595 0.00006976744186043549
1645256189171 0 11.845122000000003 0 132353 0.0383 0.00006976744186043549
1645256193320 0 11.840513999999985 0 199853 0.055400000000000005 0.00006976744186043549
1645256197521 0 11.58320500000002 0 225614 0.0606 0.00006976744186043549
1645256201546 0 11.574685999999986 0 150477 0.0429 0.00006976744186043549
1645256205502 0 11.564400999999975 0 117995 0.036 0.00006976744186043549
1645256209366 0 11.560513000000014 0 86503 0.027000000000000003 0.00006976744186043549
1645256213197 0 11.800988000000018 0 67335 0.0229 0.00006976744186043549
1645256217181 0 11.790186000000006 0 132169 0.0386 0.00006976744186043549
1645256221635 0 11.519092 0 118800 0.0355 0.00006976744186043549
1645256225599 0 11.510213000000022 0 116618 0.0354 0.00006976744186043549
1645256229298 0 11.753286000000003 0 222296 0.0601 0.00006976744186043549

