1645254646908 1 3.999999 1008 346799 0.0879 -4.3344
1645254647956 1 6.968972 0 363755 0.09330000000000001 0.00017441860465117198
1645254648995 1 9.9212 0 362842 0.093 0.00017441860465117198
1645254651077 1 11.984318000000002 0 384791 0.0985 0.00017441860465117198
1645254655346 3 11.720362999999999 0 804438 0.20659999999999998 0.000174418604651283
1645254659114 3 11.965482999999999 0 828659 0.2163 0.00043023255813956496
1645254663139 3 11.956294 0 937332 0.24100000000000002 0.00043023255813956496
1645254667231 3 11.933257999999999 0 776416 0.1994 0.00043023255813956496
1645254671463 3 11.67218 0 1025687 0.2632 0.00043023255813956496
1645254675162 3 11.918291000000004 0 815426 0.2097 0.00043023255813956496
1645254679040 3 11.907184 0 884625 0.2278 0.00043023255813956496
1645254683459 3 11.649511000000004 0 904952 0.2324 0.00043023255813956496
1645254687515 3 11.639164000000001 0 954418 0.2454 0.00043023255813956496
1645254691455 3 11.627434000000001 0 910446 0.23359999999999997 0.00043023255813956496
1645254695427 3 11.620738000000003 0 922454 0.23679999999999998 0.00043023255813956496
1645254699453 3 11.612947000000005 0 942842 0.2424 0.00043023255813956496
1645254703324 3 11.602064000000006 0 884128 0.2273 0.00043023255813956496
1645254707556 3 11.591629000000005 0 828263 0.21280000000000002 0.00043023255813956496
1645254711173 3 11.83544400000001 0 981175 0.2517 0.00043023255813956496
1645254715185 3 11.823497000000003 0 939007 0.2413 0.00043023255813956496
1645254719444 3 11.563907 0 841370 0.2162 0.00043023255813956496
1645254723477 3 11.560327000000001 0 947658 0.2433 0.00043023255813956496
1645254727210 3 11.807398000000006 0 828958 0.21280000000000002 0.00043023255813956496
1645254731324 3 11.801067000000003 0 977791 0.25139999999999996 0.00043023255813956496
1645254735608 3 11.545838000000003 0 847215 0.21669999999999998 0.00043023255813956496
1645254739221 3 11.785468000000009 0 978032 0.25129999999999997 0.00043023255813956496
1645254743244 3 11.779893000000001 0 934237 0.24009999999999998 0.00043023255813956496
1645254747632 3 11.521865000000005 0 889600 0.2284 0.00043023255813956496
1645254751276 3 11.762071000000006 0 988774 0.2546 0.00043023255813956496
1645254755460 3 11.500117000000003 0 808061 0.20800000000000002 0.00043023255813956496
1645254759118 3 11.984600999999998 0 995677 0.2556 0.00043023255813956496
1645254764674 3 10.242264000000006 0 924757 0.5456000000000001 0.00043023255813956496
1645254767242 1 11.708290000000005 0 307174 0.08549999999999999 0.00043023255813956496
1645254770998 3 11.945087999999998 0 1014212 0.2652 0.000174418604651283
1645254775273 3 11.68736899999999 0 845218 0.21680000000000002 0.00043023255813956496
1645254779241 3 11.677515999999997 0 910767 0.23679999999999998 0.00043023255813956496
1645254783161 3 11.913306000000006 0 901777 0.23170000000000002 0.00043023255813956496
1645254787243 3 11.909584999999993 0 967347 0.24820000000000003 0.00043023255813956496
1645254791247 3 11.89704900000001 0 935273 0.2404 0.00043023255813956496
1645254795203 3 11.894301000000013 0 916928 0.2358 0.00043023255813956496
1645254799233 3 11.888242999999989 0 940743 0.2415 0.00043023255813956496
1645254803114 3 11.877792 0 877888 0.2262 0.00043023255813956496
1645254807390 3 11.61667700000001 0 839766 0.2163 0.00043023255813956496
1645254811507 3 11.61120600000001 0 976062 0.251 0.00043023255813956496
1645254815071 3 11.857061000000016 0 958353 0.2459 0.00043023255813956496
1645254819313 3 11.842218000000003 0 836268 0.21400000000000002 0.00043023255813956496
1645254823403 3 11.583481000000006 0 968967 0.24889999999999998 0.00043023255813956496
1645254827121 3 11.824522000000002 0 825839 0.2121 0.00043023255813956496
1645254831223 3 11.817136000000005 0 974212 0.2504 0.00043023255813956496
1645254835556 3 11.55874 0 867483 0.22240000000000001 0.00043023255813956496
1645254839191 3 11.800235000000015 0 987232 0.25329999999999997 0.00043023255813956496
1645254843197 3 11.785945999999996 0 921956 0.23900000000000002 0.00043023255813956496
1645254847164 3 11.77184299999999 0 913803 0.23479999999999998 0.00043023255813956496
1645254851235 3 11.750428999999997 0 958215 0.24630000000000002 0.00043023255813956496
1645254854993 3 11.995494000000008 0 832934 0.2137 0.00043023255813956496
1645254859220 3 11.724756000000014 0 1005593 0.2584 0.00043023255813956496
1645254863235 3 11.713040000000007 0 935985 0.2403 0.00043023255813956496
1645254867396 3 11.704701 0 802415 0.20529999999999998 0.00043023255813956496
1645254871067 3 11.944373000000013 0 999009 0.256 0.00043023255813956496
1645254875400 3 11.68221299999999 0 869418 0.2232 0.00043023255813956496
1645254879303 3 11.675387999999998 0 897686 0.23010000000000003 0.00043023255813956496
1645254883029 3 11.899113999999997 0 960141 0.26030000000000003 0.00043023255813956496
1645254887547 3 11.617007999999998 0 914618 0.23479999999999998 0.00043023255813956496
1645254891098 3 11.859677000000005 0 949031 0.24359999999999998 0.00043023255813956496
1645254895560 3 11.600937000000016 0 919929 0.2359 0.00043023255813956496
1645254899549 3 11.592545000000001 0 930570 0.23900000000000002 0.00043023255813956496
1645254903441 3 11.581482999999992 0 894188 0.2293 0.00043023255813956496
1645254907188 3 11.825423 0 835562 0.21509999999999999 0.00043023255813956496
1645254911317 3 11.81722000000002 0 986170 0.25329999999999997 0.00043023255813956496
1645254915377 3 11.560854000000006 0 955812 0.24559999999999998 0.00043023255813956496
1645254919128 3 11.800843999999984 0 837688 0.21469999999999997 0.00043023255813956496
1645254923235 3 11.794558999999992 0 972932 0.2499 0.00043023255813956496
1645254927409 3 11.533363000000008 0 807690 0.20750000000000002 0.00043023255813956496
1645254931502 3 11.52878800000002 0 968173 0.24889999999999998 0.00043023255813956496
1645254935347 3 11.770757000000003 0 872734 0.22400000000000003 0.00043023255813956496
1645254939497 3 11.509918000000027 0 991679 0.2549 0.00043023255813956496
1645254943482 3 11.501111999999978 0 930061 0.23879999999999998 0.00043023255813956496
1645254947353 3 11.742766000000017 0 884740 0.22719999999999999 0.00043023255813956496
1645254950946 3 11.984487000000001 0 968599 0.24860000000000002 0.00043023255813956496
1645254955218 3 11.72411900000003 0 848189 0.21760000000000002 0.00043023255813956496
1645254959369 3 11.716011999999978 0 989262 0.2544 0.00043023255813956496
1645254963366 3 11.705714 0 929927 0.2391 0.00043023255813956496
1645254967141 3 11.940673000000004 0 845977 0.2169 0.00043023255813956496
1645254971333 3 11.681718999999987 0 1009703 0.2592 0.00043023255813956496
1645254975146 3 11.927352999999982 0 861836 0.2213 0.00043023255813956496

