1645241858757 1 3.999999 849 346799 0.0731 -3.6506999999999996
1645241859623 1 7.1485009999999996 0 363755 0.0767 0.00017441860465117198
1645241860489 1 10.281493000000001 0 362842 0.0765 0.00017441860465117198
1645241863402 1 11.59617 0 384791 0.08120000000000001 0.00017441860465117198
1645241867343 3 11.582132999999999 0 804438 0.1741 0.000174418604651283
1645241871289 3 11.571316999999999 0 828659 0.1843 0.00043023255813956496
1645241874964 3 11.809272999999997 0 937332 0.2056 0.00043023255813956496
1645241879210 3 11.801624 0 776416 0.1634 0.00043023255813956496
1645241882983 3 11.791513000000002 0 1025687 0.217 0.00043023255813956496
1645241887317 3 11.532950000000003 0 815426 0.1726 0.00043023255813956496
1645241891290 3 11.525780000000005 0 884625 0.18680000000000002 0.00043023255813956496
1645241895305 3 11.516252000000001 0 904952 0.191 0.00043023255813956496
1645241899423 3 11.510987 0 954418 0.2016 0.00043023255813956496
1645241902951 3 11.998306 0 910446 0.1925 0.00043023255813956496
1645241907004 3 11.993030000000005 0 922454 0.1947 0.00043023255813956496
1645241911099 3 11.729267 0 942842 0.1991 0.00043023255813956496
1645241915069 3 11.721239000000004 0 884128 0.1867 0.00043023255813956496
1645241918947 3 11.962685 0 828263 0.1752 0.00043023255813956496
1645241923124 3 11.701406000000006 0 981175 0.2062 0.00043023255813956496
1645241927208 3 11.696373000000008 0 939007 0.1981 0.00043023255813956496
1645241931086 3 11.682915000000008 0 841370 0.1777 0.00043023255813956496
1645241935185 3 11.677261000000001 0 947658 0.2003 0.00043023255813956496
1645241939037 3 11.916176000000007 0 828958 0.1752 0.00043023255813956496
1645241943204 3 11.648040000000009 0 977791 0.20600000000000002 0.00043023255813956496
1645241947092 3 11.887226999999996 0 847215 0.1793 0.00043023255813956496
1645241951256 3 11.621037999999999 0 978032 0.20659999999999998 0.00043023255813956496
1645241955344 3 11.615879000000007 0 934237 0.1975 0.00043023255813956496
1645241959334 3 11.608731000000006 0 889600 0.1879 0.00043023255813956496
1645241963021 3 11.849995000000007 0 988774 0.20859999999999998 0.00043023255813956496
1645241967331 3 11.591873000000007 0 808061 0.1709 0.00043023255813956496
1645241971041 3 11.831620999999998 0 995677 0.21150000000000002 0.00043023255813956496
1645241975095 3 11.823762000000002 0 924757 0.19490000000000002 0.00043023255813956496
1645241979398 3 11.564231000000007 0 808228 0.1706 0.00043023255813956496
1645241983147 3 11.799316000000005 0 1014212 0.2141 0.00043023255813956496
1645241987034 3 11.790547000000004 0 845218 0.1783 0.00043023255813956496
1645241991063 3 11.783411999999998 0 910767 0.1921 0.00043023255813956496
1645241995071 3 11.769743000000005 0 901777 0.1897 0.00043023255813956496
1645241999217 3 11.76626300000001 0 967347 0.20459999999999998 0.00043023255813956496
1645242003301 3 11.507689 0 935273 0.1973 0.00043023255813956496
1645242007334 3 11.501424000000014 0 916928 0.1935 0.00043023255813956496
1645242010918 3 11.99724599999999 0 940743 0.1983 0.00043023255813956496
1645242014870 3 11.988945000000001 0 877888 0.1852 0.00043023255813956496
1645242019249 3 11.726511000000016 0 839766 0.1775 0.00043023255813956496
1645242022914 3 11.968945999999988 0 976062 0.20670000000000002 0.00043023255813956496
1645242027038 3 11.958308000000017 0 958353 0.2024 0.00043023255813956496
1645242030903 3 11.95150799999999 0 836268 0.1767 0.00043023255813956496
1645242035060 3 11.940976000000006 0 968967 0.2052 0.00043023255813956496
1645242038915 3 11.933602000000008 0 825839 0.1741 0.00043023255813956496
1645242043065 3 11.929279000000008 0 974212 0.2051 0.00043023255813956496
1645242047007 3 11.920788000000016 0 867483 0.1832 0.00043023255813956496
1645242051189 3 11.66369499999999 0 987232 0.2082 0.00043023255813956496
1645242055233 3 11.652452000000011 0 921956 0.1945 0.00043023255813956496
1645242059266 3 11.640233999999992 0 913803 0.1927 0.00043023255813956496
1645242062891 3 11.883014000000003 0 958215 0.2022 0.00043023255813956496
1645242067254 3 11.62097 0 832934 0.1764 0.00043023255813956496
1645242070983 3 11.863057999999995 0 1005593 0.21259999999999998 0.00043023255813956496
1645242075062 3 11.855717999999996 0 935985 0.1976 0.00043023255813956496
1645242079356 3 11.59597500000001 0 802415 0.1695 0.00043023255813956496
1645242083066 3 11.839956999999998 0 999009 0.2112 0.00043023255813956496
1645242087001 3 11.834716000000014 0 869418 0.183 0.00043023255813956496
1645242091001 3 11.82639900000001 0 897686 0.1887 0.00043023255813956496
1645242095128 3 11.817718000000013 0 960141 0.20259999999999997 0.00043023255813956496
1645242099178 3 11.809759000000014 0 914618 0.19319999999999998 0.00043023255813956496
1645242103288 3 11.551206000000008 0 949031 0.1975 0.00043023255813956496
1645242107331 3 11.538443999999998 0 919929 0.1943 0.00043023255813956496
1645242111396 3 11.530266000000012 0 930570 0.1964 0.00043023255813956496
1645242115386 3 11.524857999999995 0 894188 0.189 0.00043023255813956496
1645242119250 3 11.756867999999997 0 835562 0.1762 0.00043023255813956496
1645242122937 3 11.997704999999996 0 986170 0.2085 0.00043023255813956496
1645242127055 3 11.740102999999976 0 955812 0.202 0.00043023255813956496
1645242130927 3 11.983910999999978 0 837688 0.17709999999999998 0.00043023255813956496
1645242135084 3 11.723962000000029 0 972932 0.2057 0.00043023255813956496
1645242138894 3 11.965258000000006 0 807690 0.1699 0.00043023255813956496
1645242143050 3 11.959875000000011 0 968173 0.20459999999999998 0.00043023255813956496
1645242147005 3 11.946707000000004 0 872734 0.1844 0.00043023255813956496
1645242151212 3 11.688267999999994 0 991679 0.2091 0.00043023255813956496
1645242155292 3 11.677760999999975 0 930061 0.1963 0.00043023255813956496
1645242159263 3 11.598268000000019 0 884740 0.18680000000000002 0.00043023255813956496
1645242162943 3 11.839216000000022 0 968599 0.2042 0.00043023255813956496
1645242167345 3 11.577715000000012 0 848189 0.1789 0.00043023255813956496
1645242171047 3 11.818685000000016 0 989262 0.20950000000000002 0.00043023255813956496
1645242175116 3 11.811800000000005 0 929927 0.19619999999999999 0.00043023255813956496
1645242179026 3 11.803913000000023 0 845977 0.1789 0.00043023255813956496
1645242183273 3 11.542108999999982 0 1009703 0.21309999999999998 0.00043023255813956496
1645242187194 3 11.781502999999987 0 861836 0.18180000000000002 0.00043023255813956496

