1645228714715 1 3.999999 1164 346799 0.1056 -5.005199999999999
1645228717207 3 5.519223 0 755039 0.22959999999999997 0.000174418604651283
1645228719899 3 6.934448000000001 0 835161 0.2537 0.00043023255813956496
1645228722778 3 8.04787 0 908792 0.2764 0.00043023255813956496
1645228725364 3 9.471687999999999 0 804438 0.2448 0.00043023255813956496
1645228727993 3 10.832315999999999 0 828659 0.25179999999999997 0.00043023255813956496
1645228730952 3 11.874873999999998 0 937332 0.28500000000000003 0.00043023255813956496
1645228736540 3 10.290095999999998 0 776416 0.5481 0.00043023255813956496
1645228738861 2 11.963416000000002 0 653153 0.2029 0.00043023255813956496
1645228743079 2 11.746108000000003 0 531618 0.16160000000000002 0.00027906976744174194
1645228747000 2 11.991304 0 588952 0.1814 0.00027906976744174194
1645228750883 2 11.984556000000005 0 575427 0.17809999999999998 0.00027906976744174194
1645228755270 2 11.730942000000006 0 582800 0.1779 0.00027906976744174194
1645228759150 3 11.724633000000004 0 910446 0.27749999999999997 0.000279069767441964
1645228763075 3 11.961889 0 922454 0.2815 0.00043023255813956496
1645228767061 3 11.957081000000002 0 942842 0.2872 0.00043023255813956496
1645228771369 3 11.693820000000002 0 884128 0.2692 0.00043023255813956496
1645228774992 3 11.939805 0 828263 0.2526 0.00043023255813956496
1645228779096 3 11.930104 0 981175 0.2992 0.00043023255813956496
1645228783072 3 11.914955000000006 0 939007 0.286 0.00043023255813956496
1645228788771 3 10.061881 0 841370 0.5589000000000001 0.00043023255813956496
1645228791897 3 10.927405000000007 0 947658 0.2933 0.00043023255813956496
1645228795208 3 11.625233000000009 0 828958 0.252 0.00043023255813956496
1645228799294 3 11.611283 0 977791 0.29769999999999996 0.00043023255813956496
1645228802983 3 11.846283999999997 0 847215 0.25739999999999996 0.00043023255813956496
1645228807296 3 11.578230000000005 0 978032 0.3023 0.00043023255813956496
1645228811263 3 11.565753 0 934237 0.2848 0.00043023255813956496
1645228815073 3 11.803157999999996 0 889600 0.27 0.00043023255813956496
1645228819198 3 11.797581000000008 0 988774 0.3006 0.00043023255813956496
1645228823266 3 11.782817000000009 0 808061 0.24569999999999997 0.00043023255813956496
1645228827408 3 11.514629999999997 0 995677 0.30310000000000004 0.00043023255813956496
1645228831319 3 11.748130000000003 0 924757 0.2812 0.00043023255813956496
1645228837022 3 9.802996000000007 0 808228 0.5599000000000001 0.00043023255813956496
1645228839278 2 11.547674 0 661250 0.2062 0.00043023255813956496
1645228843044 2 11.970178000000004 0 547682 0.16599999999999998 0.00027906976744174194
1645228846973 2 11.95322999999999 0 594286 0.18280000000000002 0.00027906976744174194
1645228850925 2 11.946095000000014 0 599508 0.1855 0.00027906976744174194
1645228855362 2 11.686149999999998 0 599347 0.1832 0.00027906976744174194
1645228859326 3 11.666890999999993 0 935273 0.2855 0.000279069767441964
1645228863212 3 11.660381000000001 0 916928 0.2785 0.00043023255813956496
1645228867173 3 11.899361999999996 0 940743 0.2864 0.00043023255813956496
1645228870948 3 11.883486000000005 0 877888 0.26739999999999997 0.00043023255813956496
1645228875127 3 11.875777 0 839766 0.2561 0.00043023255813956496
1645228879196 3 11.866765000000015 0 976062 0.29660000000000003 0.00043023255813956496
1645228883229 3 11.844519999999989 0 958353 0.2924 0.00043023255813956496
1645228887375 3 11.585785000000016 0 836268 0.2549 0.00043023255813956496
1645228891444 3 11.580934000000013 0 968967 0.29510000000000003 0.00043023255813956496
1645228897060 3 9.764398 0 825839 0.5511999999999999 0.00043023255813956496
1645228900260 3 10.566806000000014 0 974212 0.301 0.00043023255813956496
1645228903006 3 11.819921999999991 0 867483 0.2633 0.00043023255813956496
1645228907110 3 11.787346000000014 0 987232 0.3003 0.00043023255813956496
1645228911519 3 11.527455000000003 0 921956 0.2803 0.00043023255813956496
1645228915406 3 11.514099000000016 0 913803 0.2786 0.00043023255813956496
1645228919415 3 11.501934000000006 0 958215 0.2911 0.00043023255813956496
1645228923053 3 11.990446999999989 0 832934 0.254 0.00043023255813956496
1645228927211 3 11.733024999999998 0 1005593 0.306 0.00043023255813956496
1645228931156 3 11.724219000000005 0 935985 0.2846 0.00043023255813956496
1645228935208 3 11.719521000000015 0 802415 0.244 0.00043023255813956496
1645228939353 3 11.711300999999992 0 999009 0.3045 0.00043023255813956496
1645228943106 3 11.955041999999992 0 869418 0.2649 0.00043023255813956496
1645228946950 3 11.948707000000013 0 897686 0.2739 0.00043023255813956496
1645228950973 3 11.941913999999997 0 960141 0.2927 0.00043023255813956496
1645228955355 3 11.685148999999996 0 914618 0.2785 0.00043023255813956496
1645228959339 3 11.676715000000002 0 949031 0.2888 0.00043023255813956496
1645228963238 3 11.667588999999992 0 919929 0.2799 0.00043023255813956496
1645228967168 3 11.661111000000005 0 930570 0.2832 0.00043023255813956496
1645228970989 3 11.907141000000024 0 894188 0.2718 0.00043023255813956496
1645228975136 3 11.894244000000015 0 835562 0.2546 0.00043023255813956496
1645228979245 3 11.634359000000018 0 986170 0.3009 0.00043023255813956496
1645228983261 3 11.626304000000005 0 955812 0.2914 0.00043023255813956496
1645228987406 3 11.618980000000022 0 837688 0.25529999999999997 0.00043023255813956496
1645228991467 3 11.600862000000006 0 972932 0.2963 0.00043023255813956496
1645228995022 3 11.834001999999998 0 807690 0.2454 0.00043023255813956496
1645228999071 3 11.828483000000006 0 968173 0.2949 0.00043023255813956496
1645229003323 3 11.569266000000027 0 872734 0.2653 0.00043023255813956496
1645229007447 3 11.559774000000004 0 991679 0.30219999999999997 0.00043023255813956496
1645229011383 3 11.554594000000009 0 930061 0.28300000000000003 0.00043023255813956496
1645229017064 3 9.759951999999998 0 884740 0.558 0.00043023255813956496
1645229020254 3 10.571001000000024 0 968599 0.2998 0.00043023255813956496
1645229022932 3 11.892033000000026 0 848189 0.2579 0.00043023255813956496
1645229027549 3 11.524659999999983 0 989262 0.30110000000000003 0.00043023255813956496
1645229031480 3 11.51219900000001 0 929927 0.2827 0.00043023255813956496
1645229035151 3 11.757540000000006 0 845977 0.2577 0.00043023255813956496
1645229039324 3 11.74865299999999 0 1009703 0.3077 0.00043023255813956496
1645229043053 3 11.986899999999991 0 861836 0.2626 0.00043023255813956496

