1645240841361 1 3.999999 872 346799 0.0758 -3.7496
1645240843106 1 6.281759 0 363755 0.08 0.00017441860465117198
1645240844035 1 9.347314 0 362842 0.0799 0.00017441860465117198
1645240846290 3 11.101437 0 908792 0.2 0.000174418604651283
1645240849683 3 11.886211 0 804438 0.1764 0.00043023255813956496
1645240853631 3 11.880334 0 828659 0.1826 0.00043023255813956496
1645240857901 3 11.618513999999998 0 937332 0.2071 0.00043023255813956496
1645240861733 3 11.862502 0 776416 0.1712 0.00043023255813956496
1645240865637 3 11.852191000000001 0 1025687 0.22599999999999998 0.00043023255813956496
1645240869557 3 11.838731000000003 0 815426 0.1793 0.00043023255813956496
1645240873632 3 11.834332000000003 0 884625 0.1948 0.00043023255813956496
1645240877751 3 11.823343000000001 0 904952 0.19870000000000002 0.00043023255813956496
1645240881987 3 11.564894000000002 0 954418 0.2102 0.00043023255813956496
1645240885630 3 11.797672000000006 0 910446 0.2004 0.00043023255813956496
1645240889796 3 11.783161 0 922454 0.2032 0.00043023255813956496
1645240894005 3 11.521895 0 942842 0.20779999999999998 0.00043023255813956496
1645240898087 3 11.511650000000003 0 884128 0.1947 0.00043023255813956496
1645240901539 3 11.924730000000004 0 828263 0.1825 0.00043023255813956496
1645240905812 3 11.746747999999997 0 981175 0.2152 0.00043023255813956496
1645240909497 3 11.990909000000002 0 939007 0.2064 0.00043023255813956496
1645240913479 3 11.986619000000005 0 841370 0.1852 0.00043023255813956496
1645240917695 3 11.727458999999996 0 947658 0.20790000000000003 0.00043023255813956496
1645240921649 3 11.971184000000008 0 828958 0.1829 0.00043023255813956496
1645240925920 3 11.701715000000007 0 977791 0.2152 0.00043023255813956496
1645240929941 3 11.668945000000008 0 847215 0.187 0.00043023255813956496
1645240933712 3 11.912592000000004 0 978032 0.21549999999999997 0.00043023255813956496
1645240937890 3 11.639386000000002 0 934237 0.20579999999999998 0.00043023255813956496
1645240941984 3 11.631956000000002 0 889600 0.1957 0.00043023255813956496
1645240945778 3 11.625445 0 988774 0.2184 0.00043023255813956496
1645240949673 3 11.869735000000006 0 808061 0.1779 0.00043023255813956496
1645240953977 3 11.611289 0 995677 0.2193 0.00043023255813956496
1645240957623 3 11.857397000000006 0 924757 0.2031 0.00043023255813956496
1645240961525 3 11.956438000000006 0 808228 0.178 0.00043023255813956496
1645240965873 3 11.574106 0 1014212 0.22269999999999998 0.00043023255813956496
1645240969846 3 11.56380200000001 0 845218 0.1857 0.00043023255813956496
1645240973970 3 11.555194 0 910767 0.20059999999999997 0.00043023255813956496
1645240978078 3 11.544895999999994 0 901777 0.1982 0.00043023255813956496
1645240981836 3 11.775341999999995 0 967347 0.21339999999999998 0.00043023255813956496
1645240986022 3 11.512293999999997 0 935273 0.2062 0.00043023255813956496
1645240989675 3 11.754429000000016 0 916928 0.20249999999999999 0.00043023255813956496
1645240993881 3 11.742711000000014 0 940743 0.20670000000000002 0.00043023255813956496
1645240997453 3 11.939893000000012 0 877888 0.1933 0.00043023255813956496
1645241001924 3 11.682366000000002 0 839766 0.1851 0.00043023255813956496
1645241005684 3 11.923363999999992 0 976062 0.2141 0.00043023255813956496
1645241009910 3 11.658233999999993 0 958353 0.2101 0.00043023255813956496
1645241013878 3 11.65326300000001 0 836268 0.1835 0.00043023255813956496
1645241017621 3 11.878800000000012 0 968967 0.21339999999999998 0.00043023255813956496
1645241021553 3 11.873997000000003 0 825839 0.1812 0.00043023255813956496
1645241025816 3 11.609657999999996 0 974212 0.21459999999999999 0.00043023255813956496
1645241029871 0 11.604453000000007 0 128759 0.028599999999999997 0.00043023255813956496
1645241033920 0 11.598641000000015 0 199367 0.0434 0.00006976744186043549
1645241038026 0 11.592150000000004 0 220759 0.0486 0.00006976744186043549
1645241042075 0 11.553919000000008 0 149511 0.040400000000000005 0.00006976744186043549
1645241046029 0 11.520487000000003 0 118879 0.0334 0.00006976744186043549
1645241049916 0 11.513340999999997 0 85418 0.026600000000000002 0.00006976744186043549
1645241053767 0 11.75917100000001 0 68807 0.0222 0.00006976744186043549
1645241057747 0 11.752216000000004 0 132565 0.0365 0.00006976744186043549
1645241061712 0 11.745473000000004 0 117262 0.033 0.00006976744186043549
1645241065666 0 11.737096000000008 0 116418 0.0327 0.00006976744186043549
1645241069863 0 11.73001099999999 0 223024 0.056799999999999996 0.00006976744186043549
1645241073538 0 11.975268999999997 0 214538 0.05500000000000001 0.00006976744186043549
1645241077614 0 11.96936199999999 0 178191 0.0463 0.00006976744186043549
1645241081672 0 11.902944999999988 0 161454 0.0428 0.00006976744186043549
1645241085906 0 11.611182000000014 0 212225 0.05450000000000001 0.00006976744186043549
1645241089571 0 11.853383000000008 0 195858 0.0508 0.00006976744186043549
1645241093546 0 11.845621999999992 0 119665 0.0337 0.00006976744186043549
1645241098000 0 11.587368000000026 0 108667 0.0316 0.00006976744186043549
1645241101841 0 11.576678000000015 0 64782 0.0215 0.00006976744186043549
1645241105740 0 11.815399000000014 0 87523 0.0264 0.00006976744186043549
1645241109816 0 11.807851000000028 0 155607 0.041999999999999996 0.00006976744186043549
1645241113745 0 11.767471 0 100404 0.0293 0.00006976744186043549
1645241117891 0 11.507998999999984 0 183614 0.0477 0.00006976744186043549
1645241122033 0 11.500768999999991 0 197686 0.0506 0.00006976744186043549
1645241125731 0 11.744125999999994 0 217520 0.05550000000000001 0.00006976744186043549
1645241129717 0 11.734915 0 132353 0.0363 0.00006976744186043549
1645241133857 0 11.711817999999994 0 199853 0.051000000000000004 0.00006976744186043549
1645241137552 0 11.953069000000028 0 225614 0.056999999999999995 0.00006976744186043549
1645241141577 0 11.940562999999997 0 150477 0.0405 0.00006976744186043549
1645241145587 0 11.937459999999987 0 117995 0.033600000000000005 0.00006976744186043549
1645241149476 0 11.930930999999987 0 86503 0.0263 0.00006976744186043549
1645241153875 0 11.672592000000009 0 67335 0.022 0.00006976744186043549
1645241157881 0 11.666420000000016 0 132169 0.036699999999999997 0.00006976744186043549
1645241161865 0 11.657384999999977 0 118800 0.0339 0.00006976744186043549
1645241165818 0 11.651074999999992 0 116618 0.033100000000000004 0.00006976744186043549

