1645230135570 1 3.999999 3455 346799 0.3345 -14.8565
1645230139191 1 4.442334 59 363755 0.351 -0.2535255813953488
1645230142793 1 4.840953000000001 0 362842 0.34950000000000003 0.00017441860465117198
1645230146605 1 5.026727000000001 0 384791 0.3705 0.00017441860465117198
1645230149976 1 5.654786 0 339137 0.3272 0.00017441860465117198
1645230153874 1 5.757035999999999 0 393219 0.3794 0.00017441860465117198
1645230157894 1 5.737285999999997 0 406206 0.3914 0.00017441860465117198
1645230160923 1 6.708273999999999 0 303135 0.2924 0.00017441860465117198
1645230165029 1 6.604784000000002 0 414092 0.39940000000000003 0.00017441860465117198
1645230168395 1 7.237423 0 337705 0.3256 0.00017441860465117198
1645230172039 1 7.592187000000003 0 366374 0.3539 0.00017441860465117198
1645230175536 1 8.095054000000005 0 352030 0.339 0.00017441860465117198
1645230179223 1 8.408003 0 371605 0.3584 0.00017441860465117198
1645230183070 1 8.564712 0 385670 0.3735 0.00017441860465117198
1645230186790 1 8.843838000000005 0 374050 0.3614 0.00017441860465117198
1645230190433 1 9.201159000000004 0 367058 0.35409999999999997 0.00017441860465117198
1645230194196 1 9.438513 0 377983 0.3659 0.00017441860465117198
1645230197450 1 10.182453000000002 0 326924 0.3148 0.00017441860465117198
1645230201303 1 10.329132999999999 0 388939 0.375 0.00017441860465117198
1645230205205 1 10.425973999999997 0 392939 0.3795 0.00017441860465117198
1645230208804 1 10.826948999999999 0 362131 0.34950000000000003 0.00017441860465117198
1645230212797 1 10.834919 0 402712 0.38849999999999996 0.00017441860465117198
1645230216049 1 11.581131 0 327400 0.3146 0.00017441860465117198
1645230220041 1 11.591242000000008 0 401133 0.3886 0.00017441860465117198
1645230224203 1 11.561825999999996 0 317452 0.306 0.00017441860465117198
1645230228081 1 11.550178000000002 0 391753 0.3779 0.00017441860465117198
1645230231906 1 11.727035 0 384934 0.37170000000000003 0.00017441860465117198
1645230236079 1 11.78349 0 367179 0.3556 0.00017441860465117198
1645230239935 1 11.696131000000008 0 387965 0.3751 0.00017441860465117198
1645230244263 1 11.513501000000005 0 333821 0.3223 0.00017441860465117198
1645230248182 1 11.453089000000006 0 394452 0.381 0.00017441860465117198
1645230252232 1 11.399455000000003 0 409513 0.3947 0.00017441860465117198
1645230255803 1 11.980302000000009 0 307174 0.2969 0.00017441860465117198
1645230259952 1 11.679776000000004 0 420407 0.40469999999999995 0.00017441860465117198
1645230263844 1 11.961648999999994 0 340231 0.32839999999999997 0.00017441860465117198
1645230268061 1 11.700696999999991 0 374730 0.3614 0.00017441860465117198
1645230272067 1 11.686388999999991 0 353022 0.34049999999999997 0.00017441860465117198
1645230275959 1 11.672456000000011 0 393253 0.3791 0.00017441860465117198
1645230280117 1 11.66640799999999 0 368813 0.355 0.00017441860465117198
1645230283817 1 11.814570000000003 0 372578 0.3599 0.00017441860465117198
1645230288041 1 11.640906999999999 0 374507 0.36150000000000004 0.00017441860465117198
1645230291753 1 11.878453000000007 0 372824 0.36 0.00017441860465117198
1645230296019 1 11.623638999999997 0 326437 0.3149 0.00017441860465117198
1645230299825 1 11.807861000000003 0 383127 0.3705 0.00017441860465117198
1645230303803 1 11.829927999999995 0 400632 0.3867 0.00017441860465117198
1645230308207 1 11.592457999999993 0 342596 0.32999999999999996 0.00017441860465117198
1645230312251 1 11.38638800000001 0 407655 0.3931 0.00017441860465117198
1645230316103 1 11.577052000000009 0 337450 0.3255 0.00017441860465117198
1645230320104 1 11.527553000000012 0 404220 0.3899 0.00017441860465117198
1645230323904 1 11.806146000000012 0 331794 0.3195 0.00017441860465117198
1645230327767 1 11.863624000000016 0 390086 0.37629999999999997 0.00017441860465117198
1645230332112 1 11.535028000000011 0 387516 0.37370000000000003 0.00017441860465117198
1645230335749 1 11.884051999999997 0 365827 0.3536 0.00017441860465117198
1645230339651 1 11.981414999999998 0 392579 0.3793 0.00017441860465117198
1645230344031 1 11.756412000000012 0 337939 0.3272 0.00017441860465117198
1645230348067 1 11.565348999999998 0 406896 0.393 0.00017441860465117198
1645230351936 1 11.696463999999992 0 390582 0.3765 0.00017441860465117198
1645230355719 1 11.976729000000006 0 328479 0.318 0.00017441860465117198
1645230359675 1 11.956578000000007 0 399016 0.38530000000000003 0.00017441860465117198
1645230363866 1 11.922416999999996 0 370990 0.3583 0.00017441860465117198
1645230368050 1 11.700792000000007 0 371149 0.3586 0.00017441860465117198
1645230371749 1 11.882457000000016 0 372261 0.3601 0.00017441860465117198
1645230375648 1 11.98417599999999 0 394237 0.3795 0.00017441860465117198
1645230379813 1 11.917776000000003 0 368311 0.35550000000000004 0.00017441860465117198
1645230384100 1 11.654261999999989 0 381418 0.3689 0.00017441860465117198
1645230387757 1 11.875327999999996 0 368451 0.3556 0.00017441860465117198
1645230391961 1 11.873145000000022 0 371908 0.3598 0.00017441860465117198
1645230396230 1 11.624442999999985 0 328352 0.3165 0.00017441860465117198
1645230399993 1 11.637673000000007 0 379027 0.3659 0.00017441860465117198
1645230404026 1 11.603977999999984 0 407465 0.39289999999999997 0.00017441860465117198
1645230407862 1 11.84199799999999 0 333046 0.3226 0.00017441860465117198
1645230411980 1 11.653006000000005 0 416856 0.4016 0.00017441860465117198
1645230415823 1 11.830968999999982 0 335171 0.324 0.00017441860465117198
1645230419798 1 11.837086 0 401613 0.3869 0.00017441860465117198
1645230424159 1 11.564778999999987 0 337330 0.3255 0.00017441860465117198
1645230428046 1 11.586043000000018 0 391244 0.3779 0.00017441860465117198
1645230431898 1 11.733209999999985 0 387864 0.375 0.00017441860465117198
1645230436014 1 11.78860000000003 0 363813 0.3509 0.00017441860465117198
1645230439913 1 11.719442000000015 0 391839 0.3782 0.00017441860465117198
1645230444272 1 11.52419100000003 0 336898 0.3255 0.00017441860465117198
1645230448068 1 11.563452999999981 0 381135 0.3689 0.00017441860465117198
1645230451906 1 11.725116000000014 0 386654 0.3733 0.00017441860465117198
1645230455889 1 11.756453000000022 0 347396 0.33599999999999997 0.00017441860465117198
1645230459786 1 11.845150999999987 0 392538 0.3794 0.00017441860465117198

