1645247414058 1 3.999999 1789 346799 0.16770000000000002 -7.692699999999999
1645247415286 0 6.783308 0 213385 0.10300000000000001 0.00017441860465117198
1645247416081 0 9.988157000000001 0 141806 0.06860000000000001 0.00006976744186043549
1645247418722 0 11.535530000000001 0 112578 0.0541 0.00006976744186043549
1645247422722 0 11.527498999999999 0 80671 0.0391 0.00006976744186043549
1645247426669 0 11.522464999999999 0 68729 0.0348 0.00006976744186043549
1645247430457 0 11.764937999999997 0 137895 0.06810000000000001 0.00006976744186043549
1645247434632 0 11.508060999999998 0 114138 0.0573 0.00006976744186043549
1645247438361 0 11.752670000000002 0 126013 0.0624 0.00006976744186043549
1645247442524 0 11.743083000000002 0 217236 0.1065 0.00006976744186043549
1645247446201 0 11.987678000000002 0 219398 0.1072 0.00006976744186043549
1645247450155 0 11.977278000000005 0 177648 0.0856 0.00006976744186043549
1645247454576 0 11.716687 0 166856 0.0817 0.00006976744186043549
1645247458275 0 11.958728 0 223685 0.1091 0.00006976744186043549
1645247462371 0 11.700426 0 206455 0.0993 0.00006976744186043549
1645247466582 0 11.691494000000006 0 121534 0.06 0.00006976744186043549
1645247470206 0 11.931763000000004 0 105092 0.0522 0.00006976744186043549
1645247474628 0 11.673156000000006 0 63086 0.0315 0.00006976744186043549
1645247478158 0 11.913547000000008 0 87739 0.0435 0.00006976744186043549
1645247482514 0 11.654284000000004 0 152905 0.0757 0.00006976744186043549
1645247486620 0 11.642052000000007 0 100587 0.0501 0.00006976744186043549
1645247490623 0 11.627047000000005 0 186001 0.09040000000000001 0.00006976744186043549
1645247494215 0 11.868654000000006 0 201620 0.0987 0.00006976744186043549
1645247498357 0 11.861722999999998 0 218012 0.10429999999999999 0.00006976744186043549
1645247502561 0 11.599257000000009 0 123058 0.060899999999999996 0.00006976744186043549
1645247506647 0 11.591673 0 198856 0.09809999999999999 0.00006976744186043549
1645247510358 0 11.836039999999997 0 223061 0.10940000000000001 0.00006976744186043549
1645247514659 0 11.579405000000008 0 143385 0.06939999999999999 0.00006976744186043549
1645247518343 0 11.822217000000009 0 117021 0.057699999999999994 0.00006976744186043549
1645247522365 0 11.817536000000004 0 83595 0.0419 0.00006976744186043549
1645247526325 0 11.804230000000004 0 68011 0.0348 0.00006976744186043549
1645247530584 0 11.546757999999997 0 134264 0.06570000000000001 0.00006976744186043549
1645247534762 0 11.54222200000001 0 113722 0.05669999999999999 0.00006976744186043549
1645247538475 0 11.785319000000001 0 122694 0.0606 0.00006976744186043549
1645247542632 0 11.530665999999997 0 215146 0.1051 0.00006976744186043549
1645247546783 0 11.524318999999991 0 213339 0.10429999999999999 0.00006976744186043549
1645247550755 0 11.514623999999998 0 176949 0.087 0.00006976744186043549
1645247554632 0 11.505157999999994 0 158356 0.0774 0.00006976744186043549
1645247558322 0 11.994316999999995 0 219852 0.10869999999999999 0.00006976744186043549
1645247562376 0 11.734363000000002 0 196864 0.09469999999999999 0.00006976744186043549
1645247566558 0 11.727891 0 116610 0.057999999999999996 0.00006976744186043549
1645247570193 0 11.968333000000001 0 107223 0.0531 0.00006976744186043549
1645247574123 0 11.957864999999998 0 64332 0.0318 0.00006976744186043549
1645247578183 0 11.95137600000001 0 88753 0.0448 0.00006976744186043549
1645247582562 0 11.689841000000001 0 153489 0.07680000000000001 0.00006976744186043549
1645247586173 0 11.93337600000001 0 101805 0.0509 0.00006976744186043549
1645247590193 0 11.927362000000016 0 186822 0.09190000000000001 0.00006976744186043549
1645247594283 0 11.919879000000009 0 200149 0.0986 0.00006976744186043549
1645247598439 0 11.65900400000001 0 215305 0.1051 0.00006976744186043549
1645247602188 0 11.902860000000004 0 128759 0.0637 0.00006976744186043549
1645247606273 0 11.896267999999992 0 199367 0.0979 0.00006976744186043549
1645247610462 0 11.64013 0 220759 0.1081 0.00006976744186043549
1645247614309 0 11.87932699999999 0 149511 0.074 0.00006976744186043549
1645247618504 0 11.623155999999994 0 118879 0.0596 0.00006976744186043549
1645247622528 0 11.615131999999988 0 85418 0.0427 0.00006976744186043549
1645247626483 0 11.60910899999999 0 68807 0.034999999999999996 0.00006976744186043549
1645247630235 0 11.850948000000017 0 132565 0.06520000000000001 0.00006976744186043549
1645247634425 0 11.845202999999998 0 117262 0.058699999999999995 0.00006976744186043549
1645247638610 0 11.584361999999999 0 116418 0.05789999999999999 0.00006976744186043549
1645247642309 0 11.825237000000016 0 223024 0.10940000000000001 0.00006976744186043549
1645247646454 0 11.812970000000007 0 214538 0.1036 0.00006976744186043549
1645247650433 0 11.806010000000015 0 178191 0.0876 0.00006976744186043549
1645247654325 0 11.798649000000012 0 161454 0.0789 0.00006976744186043549
1645247658474 0 11.783487000000008 0 212225 0.1042 0.00006976744186043549
1645247662556 0 11.760294000000016 0 195858 0.0957 0.00006976744186043549
1645247666751 0 11.499139000000014 0 119665 0.0586 0.00006976744186043549
1645247670391 0 11.744812000000024 0 108667 0.0543 0.00006976744186043549
1645247674323 0 11.987598999999989 0 64782 0.0328 0.00006976744186043549
1645247678364 0 11.730819999999994 0 87523 0.0434 0.00006976744186043549
1645247682233 0 11.870229999999992 0 155607 0.07680000000000001 0.00006976744186043549
1645247686337 0 11.967186000000027 0 100404 0.0498 0.00006976744186043549
1645247690338 0 11.957527000000027 0 183614 0.0898 0.00006976744186043549
1645247694416 0 11.697834999999998 0 197686 0.09709999999999999 0.00006976744186043549
1645247698584 0 11.689321000000007 0 217520 0.1066 0.00006976744186043549
1645247702343 0 11.928851000000009 0 132353 0.0653 0.00006976744186043549
1645247706427 0 11.673226 0 199853 0.098 0.00006976744186043549
1645247710639 0 11.664638000000025 0 225614 0.1101 0.00006976744186043549
1645247714497 0 11.659327000000019 0 150477 0.0753 0.00006976744186043549
1645247718178 0 11.898625999999979 0 117995 0.05789999999999999 0.00006976744186043549
1645247722211 0 11.89056800000003 0 86503 0.042499999999999996 0.00006976744186043549
1645247726656 0 11.626412000000016 0 67335 0.0344 0.00006976744186043549
1645247730406 0 11.87044400000002 0 132169 0.0651 0.00006976744186043549
1645247734602 0 11.610322999999994 0 118800 0.058899999999999994 0.00006976744186043549
1645247738279 0 11.850811000000022 0 116618 0.056999999999999995 0.00006976744186043549
1645247742462 0 11.73497100000003 0 222296 0.1086 0.00006976744186043549

