1645250172777 1 3.999999 1038 346799 0.0916 -4.4634
1645250174602 1 6.201737 0 363755 0.0963 0.00017441860465117198
1645250175705 1 9.095855 0 362842 0.096 0.00017441860465117198
1645250178345 3 10.457933 0 908792 0.2413 0.000174418604651283
1645250181105 3 11.741617 0 804438 0.21400000000000002 0.00043023255813956496
1645250184942 3 11.979130999999999 0 828659 0.22010000000000002 0.00043023255813956496
1645250189077 3 11.963814 0 937332 0.2488 0.00043023255813956496
1645250193249 3 11.679340999999997 0 776416 0.20579999999999998 0.00043023255813956496
1645250197096 3 11.917077000000003 0 1025687 0.2714 0.00043023255813956496
1645250201387 3 11.658690000000004 0 815426 0.2162 0.00043023255813956496
1645250205359 3 11.62845 0 884625 0.2352 0.00043023255813956496
1645250209393 3 11.616354000000001 0 904952 0.24020000000000002 0.00043023255813956496
1645250213055 3 11.861852000000006 0 954418 0.2528 0.00043023255813956496
1645250217107 3 11.854110000000006 0 910446 0.2412 0.00043023255813956496
1645250221172 3 11.845255000000002 0 922454 0.2444 0.00043023255813956496
1645250225297 3 11.583231000000005 0 942842 0.2505 0.00043023255813956496
1645250229264 3 11.57909 0 884128 0.23450000000000001 0.00043023255813956496
1645250233087 3 11.819194000000003 0 828263 0.22000000000000003 0.00043023255813956496
1645250237404 3 11.56368400000001 0 981175 0.2604 0.00043023255813956496
1645250241026 3 11.808059 0 939007 0.2495 0.00043023255813956496
1645250245378 3 11.549633999999998 0 841370 0.2231 0.00043023255813956496
1645250249018 3 11.787061000000008 0 947658 0.2519 0.00043023255813956496
1645250253399 3 11.530765000000002 0 828958 0.21989999999999998 0.00043023255813956496
1645250257126 3 11.774060000000006 0 977791 0.2596 0.00043023255813956496
1645250261053 3 11.763976 0 847215 0.225 0.00043023255813956496
1645250265289 3 11.664364000000006 0 978032 0.2595 0.00043023255813956496
1645250269420 3 11.654736 0 934237 0.24780000000000002 0.00043023255813956496
1645250273423 3 11.644484000000006 0 889600 0.2358 0.00043023255813956496
1645250277172 3 11.888802999999996 0 988774 0.2626 0.00043023255813956496
1645250281482 3 11.632677999999999 0 808061 0.2142 0.00043023255813956496
1645250285254 3 11.876045000000005 0 995677 0.2641 0.00043023255813956496
1645250289330 3 11.611558000000002 0 924757 0.2448 0.00043023255813956496
1645250293102 3 11.853572 0 808228 0.215 0.00043023255813956496
1645250297421 3 11.600198000000006 0 1014212 0.2692 0.00043023255813956496
1645250301279 3 11.845427 0 845218 0.2238 0.00043023255813956496
1645250305328 3 11.81901400000001 0 910767 0.2413 0.00043023255813956496
1645250309349 3 11.78391400000001 0 901777 0.238 0.00043023255813956496
1645250313221 3 11.828608000000003 0 967347 0.257 0.00043023255813956496
1645250317421 3 11.569237000000015 0 935273 0.2564 0.00043023255813956496
1645250321482 3 11.562608000000012 0 916928 0.24359999999999998 0.00043023255813956496
1645250325604 3 11.543688000000003 0 940743 0.2492 0.00043023255813956496
1645250329564 3 11.50843900000001 0 877888 0.23290000000000002 0.00043023255813956496
1645250333437 3 11.500529999999998 0 839766 0.223 0.00043023255813956496
1645250337153 3 11.996516000000014 0 976062 0.2577 0.00043023255813956496
1645250341334 3 11.696989000000002 0 958353 0.2545 0.00043023255813956496
1645250345183 3 11.937973999999997 0 836268 0.2218 0.00043023255813956496
1645250349379 3 11.681112000000013 0 968967 0.2572 0.00043023255813956496
1645250353185 3 11.87544299999999 0 825839 0.21880000000000002 0.00043023255813956496
1645250357399 3 11.663227000000006 0 974212 0.258 0.00043023255813956496
1645250361024 0 11.90473399999999 0 128759 0.034300000000000004 0.00043023255813956496
1645250365182 0 11.900258000000008 0 199367 0.0524 0.00006976744186043549
1645250369394 0 11.645147000000009 0 220759 0.058399999999999994 0.00006976744186043549
1645250373446 0 11.638909000000012 0 149511 0.044 0.00006976744186043549
1645250377428 0 11.620629000000008 0 118879 0.0369 0.00006976744186043549
1645250381347 0 11.606912999999992 0 85418 0.028199999999999996 0.00006976744186043549
1645250385237 0 11.843205000000012 0 68807 0.023899999999999998 0.00006976744186043549
1645250389277 0 11.835935000000006 0 132565 0.040799999999999996 0.00006976744186043549
1645250393284 0 11.825481999999994 0 117262 0.037 0.00006976744186043549
1645250397270 0 11.819440000000014 0 116418 0.0361 0.00006976744186043549
1645250401557 0 11.560010000000005 0 223024 0.0645 0.00006976744186043549
1645250405293 0 11.80589900000001 0 214538 0.0623 0.00006976744186043549
1645250409459 0 11.546375000000012 0 178191 0.0531 0.00006976744186043549
1645250413063 0 11.908038000000005 0 161454 0.0484 0.00006976744186043549
1645250417299 0 11.774711999999994 0 212225 0.0619 0.00006976744186043549
1645250421498 0 11.515042999999991 0 195858 0.056999999999999995 0.00006976744186043549
1645250425499 0 11.506613000000016 0 119665 0.0376 0.00006976744186043549
1645250429474 0 11.500838999999985 0 108667 0.034499999999999996 0.00006976744186043549
1645250433329 0 11.741255000000024 0 64782 0.0227 0.00006976744186043549
1645250437227 0 11.734968999999978 0 87523 0.028000000000000004 0.00006976744186043549
1645250441306 0 11.722550000000012 0 155607 0.046200000000000005 0.00006976744186043549
1645250445249 0 11.717106000000001 0 100404 0.0318 0.00006976744186043549
1645250449413 0 11.705376000000001 0 183614 0.0539 0.00006976744186043549
1645250453111 0 11.949570999999992 0 197686 0.0576 0.00006976744186043549
1645250457383 0 11.688938000000007 0 217520 0.0628 0.00006976744186043549
1645250461410 0 11.682405000000017 0 132353 0.0405 0.00006976744186043549
1645250465130 0 11.922100999999998 0 199853 0.0591 0.00006976744186043549
1645250469447 0 11.65841899999998 0 225614 0.0655 0.00006976744186043549
1645250473031 0 11.902897999999993 0 150477 0.0454 0.00006976744186043549
1645250477030 0 11.893357999999978 0 117995 0.037 0.00006976744186043549
1645250481458 0 11.635306000000014 0 86503 0.029099999999999997 0.00006976744186043549
1645250485315 0 11.62295499999999 0 67335 0.0234 0.00006976744186043549
1645250489346 0 11.616537999999991 0 132169 0.040100000000000004 0.00006976744186043549
1645250493342 0 11.607609000000025 0 118800 0.0374 0.00006976744186043549
1645250497326 0 11.59842100000003 0 116618 0.0365 0.00006976744186043549

