1645238597051 1 3.999999 964 346799 0.0852 -4.1452
1645238599154 3 5.902825999999999 0 755039 0.18580000000000002 0.000174418604651283
1645238601317 3 7.7377720000000005 0 835161 0.205 0.00043023255813956496
1645238603654 3 9.399773 0 908792 0.2233 0.00043023255813956496
1645238605730 3 11.323707999999998 0 804438 0.1975 0.00043023255813956496
1645238609368 3 11.684683 0 828659 0.20329999999999998 0.00043023255813956496
1645238613265 3 11.929078 0 937332 0.22999999999999998 0.00043023255813956496
1645238617288 3 11.921212 0 776416 0.1923 0.00043023255813956496
1645238621406 3 11.667996000000002 0 1025687 0.2519 0.00043023255813956496
1645238625515 3 11.655837000000002 0 815426 0.2004 0.00043023255813956496
1645238629291 3 11.901136000000001 0 884625 0.2177 0.00043023255813956496
1645238633612 3 11.647325000000002 0 904952 0.2225 0.00043023255813956496
1645238637560 3 11.636105 0 954418 0.23479999999999998 0.00043023255813956496
1645238641391 3 11.879734 0 910446 0.2234 0.00043023255813956496
1645238645262 3 11.870791000000004 0 922454 0.22690000000000002 0.00043023255813956496
1645238649685 3 11.616750000000003 0 942842 0.23210000000000003 0.00043023255813956496
1645238653459 3 11.604021000000003 0 884128 0.2171 0.00043023255813956496
1645238657599 3 11.596291 0 828263 0.20379999999999998 0.00043023255813956496
1645238661607 3 11.589777999999995 0 981175 0.2407 0.00043023255813956496
1645238665525 3 11.585723999999999 0 939007 0.2312 0.00043023255813956496
1645238669716 3 11.578907000000001 0 841370 0.207 0.00043023255813956496
1645238673643 3 11.572506000000004 0 947658 0.2323 0.00043023255813956496
1645238677286 3 11.816800999999998 0 828958 0.2037 0.00043023255813956496
1645238681292 3 11.807584000000006 0 977791 0.2403 0.00043023255813956496
1645238685470 3 11.801949000000008 0 847215 0.20800000000000002 0.00043023255813956496
1645238689476 3 11.758435000000006 0 978032 0.2403 0.00043023255813956496
1645238693378 3 11.750397000000007 0 934237 0.2298 0.00043023255813956496
1645238697161 3 11.991258000000002 0 889600 0.2186 0.00043023255813956496
1645238701196 3 11.985056999999998 0 988774 0.2432 0.00043023255813956496
1645238705287 3 11.960861000000008 0 808061 0.19890000000000002 0.00043023255813956496
1645238709361 3 11.705465000000004 0 995677 0.24359999999999998 0.00043023255813956496
1645238713234 3 11.951807000000002 0 924757 0.22719999999999999 0.00043023255813956496
1645238717322 3 11.943196 0 808228 0.1986 0.00043023255813956496
1645238721421 3 11.687522000000001 0 1014212 0.24910000000000002 0.00043023255813956496
1645238725611 3 11.680274999999995 0 845218 0.2082 0.00043023255813956496
1645238729452 3 11.667709000000002 0 910767 0.2237 0.00043023255813956496
1645238733273 3 11.907596000000012 0 901777 0.22139999999999999 0.00043023255813956496
1645238737265 3 11.894335000000012 0 967347 0.23809999999999998 0.00043023255813956496
1645238741173 3 11.884072000000003 0 935273 0.23010000000000003 0.00043023255813956496
1645238745530 3 11.619624000000016 0 916928 0.22490000000000002 0.00043023255813956496
1645238749446 3 11.610410000000002 0 940743 0.2313 0.00043023255813956496
1645238753202 3 11.852958999999998 0 877888 0.2152 0.00043023255813956496
1645238757377 3 11.840912000000003 0 839766 0.20670000000000002 0.00043023255813956496
1645238761383 3 11.835229999999996 0 976062 0.23959999999999998 0.00043023255813956496
1645238765345 3 11.82220000000001 0 958353 0.23559999999999998 0.00043023255813956496
1645238769506 3 11.558450999999991 0 836268 0.20539999999999997 0.00043023255813956496
1645238773494 3 11.795917000000003 0 968967 0.238 0.00043023255813956496
1645238777629 3 11.534821999999991 0 825839 0.20259999999999997 0.00043023255813956496
1645238781620 3 11.520102000000009 0 974212 0.2385 0.00043023255813956496
1645238785361 3 11.759804000000003 0 867483 0.21339999999999998 0.00043023255813956496
1645238789390 3 11.748828000000003 0 987232 0.24230000000000002 0.00043023255813956496
1645238793263 3 11.991402999999991 0 921956 0.2262 0.00043023255813956496
1645238797114 3 11.983293000000003 0 913803 0.22519999999999998 0.00043023255813956496
1645238801570 3 11.723205000000007 0 958215 0.23500000000000001 0.00043023255813956496
1645238805216 3 11.967669999999998 0 832934 0.20459999999999998 0.00043023255813956496
1645238809288 3 11.963460999999995 0 1005593 0.24700000000000003 0.00043023255813956496
1645238813193 3 11.951686999999993 0 935985 0.2298 0.00043023255813956496
1645238817262 3 11.945253000000008 0 802415 0.1968 0.00043023255813956496
1645238821328 3 11.94016400000001 0 999009 0.2459 0.00043023255813956496
1645238825566 3 11.679516000000007 0 869418 0.213 0.00043023255813956496
1645238829376 3 11.922393 0 897686 0.22080000000000002 0.00043023255813956496
1645238833330 3 11.910222000000005 0 960141 0.2352 0.00043023255813956496
1645238837178 3 11.905235000000005 0 914618 0.2242 0.00043023255813956496
1645238841614 3 11.640895999999998 0 949031 0.2332 0.00043023255813956496
1645238845483 3 11.627591999999993 0 919929 0.22669999999999998 0.00043023255813956496
1645238849361 3 11.869554999999991 0 930570 0.2283 0.00043023255813956496
1645238853656 3 11.612009999999998 0 894188 0.2192 0.00043023255813956496
1645238857309 3 11.847811999999976 0 835562 0.2049 0.00043023255813956496
1645238861336 3 11.84069900000003 0 986170 0.242 0.00043023255813956496
1645238865285 3 11.827611999999988 0 955812 0.2347 0.00043023255813956496
1645238869444 3 11.815371000000027 0 837688 0.20600000000000002 0.00043023255813956496
1645238873446 3 11.808814999999981 0 972932 0.2391 0.00043023255813956496
1645238877524 3 11.547537999999975 0 807690 0.1981 0.00043023255813956496
1645238881524 3 11.54075499999999 0 968173 0.2375 0.00043023255813956496
1645238885770 3 11.529854999999998 0 872734 0.2143 0.00043023255813956496
1645238889309 3 11.759006999999997 0 991679 0.244 0.00043023255813956496
1645238893705 3 11.501161000000025 0 930061 0.2283 0.00043023255813956496
1645238897477 3 11.744731000000002 0 884740 0.2169 0.00043023255813956496
1645238901461 3 11.731310000000008 0 968599 0.23820000000000002 0.00043023255813956496
1645238905162 3 11.97457300000002 0 848189 0.2077 0.00043023255813956496
1645238909233 3 11.961896000000024 0 989262 0.2466 0.00043023255813956496
1645238913117 3 11.949452000000008 0 929927 0.2283 0.00043023255813956496
1645238917289 3 11.943623000000002 0 845977 0.20750000000000002 0.00043023255813956496
1645238921382 3 11.675411999999994 0 1009703 0.2484 0.00043023255813956496
1645238925608 3 11.666643000000022 0 861836 0.2118 0.00043023255813956496

