1645249812957 1 3.999999 1288 346799 0.1165 -5.538399999999999
1645249815084 1 5.882996 0 363755 0.12210000000000001 0.00017441860465117198
1645249816421 1 8.545724 0 362842 0.12150000000000001 0.00017441860465117198
1645249817844 1 11.125388000000001 0 384791 0.1293 0.00017441860465117198
1645249821103 1 11.926103999999999 0 339137 0.1137 0.00017441860465117198
1645249825070 1 11.918562 0 393219 0.1335 0.00017441860465117198
1645249829059 1 11.913826 0 406206 0.13640000000000002 0.00017441860465117198
1645249833203 1 11.909375 0 303135 0.1021 0.00017441860465117198
1645249837253 1 11.898454000000001 0 414092 0.14250000000000002 0.00017441860465117198
1645249841516 1 11.641758000000003 0 337705 0.1133 0.00017441860465117198
1645249845369 1 11.621684000000002 0 366374 0.12390000000000001 0.00017441860465117198
1645249849168 1 11.865753000000005 0 352030 0.1183 0.00017441860465117198
1645249853574 1 11.610753000000003 0 371605 0.12490000000000001 0.00017441860465117198
1645249857497 1 11.601930000000003 0 385670 0.13 0.00017441860465117198
1645249861371 1 11.844143000000003 0 374050 0.1253 0.00017441860465117198
1645249865239 1 11.788160000000005 0 367058 0.1217 0.00017441860465117198
1645249869638 1 11.530499000000006 0 377983 0.1274 0.00017441860465117198
1645249873382 1 11.759748000000002 0 326924 0.1093 0.00017441860465117198
1645249877313 1 11.752434000000008 0 388939 0.1309 0.00017441860465117198
1645249881252 1 11.746583999999999 0 392939 0.1318 0.00017441860465117198
1645249885085 1 11.989927000000009 0 362131 0.1217 0.00017441860465117198
1645249889077 1 11.983131 0 402712 0.13540000000000002 0.00017441860465117198
1645249893290 1 11.721832000000006 0 327400 0.1101 0.00017441860465117198
1645249897267 1 11.714964000000009 0 401133 0.1348 0.00017441860465117198
1645249901500 1 11.705127000000005 0 317452 0.10640000000000001 0.00017441860465117198
1645249905472 1 11.659683000000001 0 391753 0.1315 0.00017441860465117198
1645249909433 1 11.652285000000006 0 384934 0.1285 0.00017441860465117198
1645249913301 1 11.896815000000004 0 367179 0.1237 0.00017441860465117198
1645249917237 1 11.872945999999999 0 387965 0.1305 0.00017441860465117198
1645249921481 1 11.613523 0 333821 0.1119 0.00017441860465117198
1645249925428 1 11.60552700000001 0 394452 0.1325 0.00017441860465117198
1645249929435 1 11.599862000000002 0 409513 0.13720000000000002 0.00017441860465117198
1645249933584 1 11.593359000000007 0 307174 0.1032 0.00017441860465117198
1645249937621 1 11.583630999999997 0 420407 0.1417 0.00017441860465117198
1645249941398 1 11.812497000000008 0 340231 0.1142 0.00017441860465117198
1645249945273 1 11.787171999999998 0 374730 0.1258 0.00017441860465117198
1645249949590 1 11.527059000000008 0 353022 0.11839999999999999 0.00017441860465117198
1645249953533 1 11.516245999999995 0 393253 0.1323 0.00017441860465117198
1645249957384 1 11.756554999999992 0 368813 0.1234 0.00017441860465117198
1645249961264 1 11.75031100000001 0 372578 0.1252 0.00017441860465117198
1645249965149 1 11.989371000000006 0 374507 0.1262 0.00017441860465117198
1645249969027 1 11.982113999999996 0 372824 0.125 0.00017441860465117198
1645249973250 1 11.723253 0 326437 0.1099 0.00017441860465117198
1645249977180 1 11.969006000000007 0 383127 0.1293 0.00017441860465117198
1645249981283 1 11.858125999999999 0 400632 0.13440000000000002 0.00017441860465117198
1645249985566 1 11.601437000000004 0 342596 0.11499999999999999 0.00017441860465117198
1645249989569 1 11.590451000000002 0 407655 0.1373 0.00017441860465117198
1645249993328 1 11.831302999999991 0 337450 0.11399999999999999 0.00017441860465117198
1645249997313 1 11.823763000000014 0 404220 0.136 0.00017441860465117198
1645250001544 0 11.554485999999997 0 128759 0.0434 0.00017441860465117198
1645250005373 0 11.797724000000017 0 199367 0.07089999999999999 0.00006976744186043549
1645250009270 0 11.784821999999991 0 220759 0.0774 0.00006976744186043549
1645250013474 0 11.52997400000001 0 149511 0.054000000000000006 0.00006976744186043549
1645250017529 0 11.52275800000001 0 118879 0.0437 0.00006976744186043549
1645250021470 0 11.517964000000006 0 85418 0.0324 0.00006976744186043549
1645250025371 0 11.759859000000006 0 68807 0.027000000000000003 0.00006976744186043549
1645250029465 0 11.750179000000003 0 132565 0.0485 0.00006976744186043549
1645250033015 0 11.970855999999998 0 117262 0.0429 0.00006976744186043549
1645250037135 0 11.966053000000016 0 116418 0.0429 0.00006976744186043549
1645250041061 0 11.958466000000016 0 223024 0.0791 0.00006976744186043549
1645250045433 0 11.702103999999991 0 214538 0.0757 0.00006976744186043549
1645250049215 0 11.940405999999996 0 178191 0.0639 0.00006976744186043549
1645250053407 0 11.684091999999993 0 161454 0.0581 0.00006976744186043549
1645250057273 0 11.926439000000016 0 212225 0.0741 0.00006976744186043549
1645250061108 0 11.878482999999989 0 195858 0.06949999999999999 0.00006976744186043549
1645250065172 0 11.869091999999995 0 119665 0.0439 0.00006976744186043549
1645250069195 0 11.864238999999998 0 108667 0.039900000000000005 0.00006976744186043549
1645250073577 0 11.605795999999998 0 64782 0.0257 0.00006976744186043549
1645250077537 0 11.598439999999982 0 87523 0.0333 0.00006976744186043549
1645250081234 0 11.842114999999978 0 155607 0.056100000000000004 0.00006976744186043549
1645250085213 0 11.836170999999979 0 100404 0.0369 0.00006976744186043549
1645250089492 0 11.577341999999987 0 183614 0.06520000000000001 0.00006976744186043549
1645250093313 0 11.823615000000018 0 197686 0.06999999999999999 0.00006976744186043549
1645250097203 0 11.819970000000012 0 217520 0.0772 0.00006976744186043549
1645250101300 0 11.816124000000002 0 132353 0.0479 0.00006976744186043549
1645250105643 0 11.553908999999976 0 199853 0.07089999999999999 0.00006976744186043549
1645250109559 0 11.534973999999977 0 225614 0.0791 0.00006976744186043549
1645250113211 0 11.775975000000017 0 150477 0.0543 0.00006976744186043549
1645250117261 0 11.772506000000021 0 117995 0.0429 0.00006976744186043549
1645250121211 0 11.76905499999998 0 86503 0.0325 0.00006976744186043549
1645250125622 0 11.508293999999978 0 67335 0.0262 0.00006976744186043549
1645250129224 0 11.754520000000014 0 132169 0.048 0.00006976744186043549
1645250133272 0 11.74641600000001 0 118800 0.0435 0.00006976744186043549
1645250137329 0 11.74236400000001 0 116618 0.0429 0.00006976744186043549

