1645255897711 1 3.999999 943 346799 0.08349999999999999 -4.0549
1645255899735 3 5.997565 0 755039 0.1827 0.000174418604651283
1645255901858 3 7.872059000000001 0 835161 0.2016 0.00043023255813956496
1645255904158 3 9.571715000000001 0 908792 0.22000000000000003 0.00043023255813956496
1645255906204 3 11.526012999999999 0 804438 0.1946 0.00043023255813956496
1645255910313 3 11.653046999999999 0 828659 0.20070000000000002 0.00043023255813956496
1645255914192 3 11.640811 0 937332 0.22719999999999999 0.00043023255813956496
1645255918178 3 11.631682999999999 0 776416 0.188 0.00043023255813956496
1645255922265 3 11.617699000000002 0 1025687 0.2481 0.00043023255813956496
1645255926342 3 11.607234000000002 0 815426 0.19770000000000001 0.00043023255813956496
1645255930095 3 11.851277000000003 0 884625 0.21400000000000002 0.00043023255813956496
1645255933899 3 11.844698000000001 0 904952 0.2193 0.00043023255813956496
1645255938315 3 11.585658000000002 0 954418 0.23149999999999998 0.00043023255813956496
1645255942140 3 11.806236000000006 0 910446 0.21960000000000002 0.00043023255813956496
1645255945985 3 11.778663000000002 0 922454 0.2232 0.00043023255813956496
1645255950373 3 11.579817000000006 0 942842 0.2278 0.00043023255813956496
1645255954131 3 11.813778 0 884128 0.2137 0.00043023255813956496
1645255958251 3 11.784417000000005 0 828263 0.2002 0.00043023255813956496
1645255962239 3 11.757272999999998 0 981175 0.2375 0.00043023255813956496
1645255966112 3 11.731769 0 939007 0.2273 0.00043023255813956496
1645255970258 3 11.718028000000004 0 841370 0.20400000000000001 0.00043023255813956496
1645255974163 3 11.703889000000004 0 947658 0.2293 0.00043023255813956496
1645255978292 3 11.688511000000005 0 828958 0.20099999999999998 0.00043023255813956496
1645255982265 3 11.666595000000001 0 977791 0.2366 0.00043023255813956496
1645255985930 3 11.900987 0 847215 0.20529999999999998 0.00043023255813956496
1645255990395 3 11.632068000000004 0 978032 0.2366 0.00043023255813956496
1645255994263 3 11.611012000000002 0 934237 0.2264 0.00043023255813956496
1645255998029 3 11.847853999999998 0 889600 0.215 0.00043023255813956496
1645256002030 3 11.832043999999996 0 988774 0.23959999999999998 0.00043023255813956496
1645256006096 3 11.818353000000002 0 808061 0.1958 0.00043023255813956496
1645256010108 3 11.785879000000008 0 995677 0.24100000000000002 0.00043023255813956496
1645256014454 3 11.522036 0 924757 0.2237 0.00043023255813956496
1645256018508 3 11.508255000000005 0 808228 0.1957 0.00043023255813956496
1645256022075 3 11.744019000000009 0 1014212 0.2468 0.00043023255813956496
1645256026228 3 11.730355000000003 0 845218 0.2049 0.00043023255813956496
1645256030038 3 11.970361999999994 0 910767 0.22080000000000002 0.00043023255813956496
1645256033829 3 11.964129000000014 0 901777 0.21789999999999998 0.00043023255813956496
1645256038276 3 11.709752000000009 0 967347 0.23420000000000002 0.00043023255813956496
1645256042146 3 11.699896999999993 0 935273 0.22669999999999998 0.00043023255813956496
1645256045970 3 11.945575999999988 0 916928 0.22240000000000001 0.00043023255813956496
1645256050355 3 11.67607000000001 0 940743 0.22749999999999998 0.00043023255813956496
1645256054081 3 11.906293000000005 0 877888 0.2121 0.00043023255813956496
1645256058221 3 11.649103999999994 0 839766 0.20350000000000001 0.00043023255813956496
1645256062213 3 11.63266999999999 0 976062 0.2364 0.00043023255813956496
1645256066141 3 11.875126999999992 0 958353 0.2324 0.00043023255813956496
1645256070271 3 11.600178999999997 0 836268 0.2024 0.00043023255813956496
1645256074230 3 11.594494999999995 0 968967 0.2353 0.00043023255813956496
1645256078331 3 11.579218999999995 0 825839 0.1998 0.00043023255813956496
1645256082287 3 11.570025000000015 0 974212 0.2358 0.00043023255813956496
1645256085993 3 11.815498999999988 0 867483 0.2104 0.00043023255813956496
1645256089988 3 11.80743799999999 0 987232 0.23879999999999998 0.00043023255813956496
1645256094325 3 11.535471999999999 0 921956 0.2233 0.00043023255813956496
1645256098140 3 11.778896000000003 0 913803 0.22139999999999999 0.00043023255813956496
1645256102063 3 11.765737999999999 0 958215 0.23210000000000003 0.00043023255813956496
1645256106176 3 11.748789000000016 0 832934 0.20129999999999998 0.00043023255813956496
1645256110213 3 11.738009000000005 0 1005593 0.2434 0.00043023255813956496
1645256114081 3 11.731842999999998 0 935985 0.2266 0.00043023255813956496
1645256118135 3 11.72342599999999 0 802415 0.1945 0.00043023255813956496
1645256122164 3 11.71912900000001 0 999009 0.24220000000000003 0.00043023255813956496
1645256125869 3 11.963202999999993 0 869418 0.2098 0.00043023255813956496
1645256130153 3 11.701485999999989 0 897686 0.21800000000000003 0.00043023255813956496
1645256134111 3 11.681595000000016 0 960141 0.2352 0.00043023255813956496
1645256137927 3 11.924225000000007 0 914618 0.2212 0.00043023255813956496
1645256142320 3 11.661581000000012 0 949031 0.22999999999999998 0.00043023255813956496
1645256146152 3 11.650867000000005 0 919929 0.223 0.00043023255813956496
1645256150018 3 11.895183000000003 0 930570 0.22549999999999998 0.00043023255813956496
1645256154290 3 11.633009000000015 0 894188 0.21669999999999998 0.00043023255813956496
1645256157916 3 11.871140000000025 0 835562 0.2023 0.00043023255813956496
1645256162402 3 11.617324999999994 0 986170 0.2384 0.00043023255813956496
1645256166317 3 11.605436999999995 0 955812 0.2313 0.00043023255813956496
1645256169947 3 11.84884900000003 0 837688 0.2022 0.00043023255813956496
1645256174399 3 11.592148000000009 0 972932 0.2355 0.00043023255813956496
1645256177951 3 11.837887000000023 0 807690 0.19519999999999998 0.00043023255813956496
1645256182399 3 11.581818999999996 0 968173 0.2339 0.00043023255813956496
1645256186112 3 11.822933999999975 0 872734 0.2109 0.00043023255813956496
1645256190117 3 11.817004999999995 0 991679 0.2403 0.00043023255813956496
1645256194473 3 11.556731000000013 0 930061 0.2253 0.00043023255813956496
1645256198223 3 11.802433000000008 0 884740 0.21469999999999997 0.00043023255813956496
1645256202180 3 11.79391800000002 0 968599 0.2347 0.00043023255813956496
1645256206332 3 11.536293999999998 0 848189 0.20470000000000002 0.00043023255813956496
1645256210333 3 11.523877000000027 0 989262 0.24 0.00043023255813956496
1645256214193 3 11.769097999999985 0 929927 0.22519999999999998 0.00043023255813956496
1645256218344 3 11.510183999999981 0 845977 0.2048 0.00043023255813956496
1645256221889 3 11.991721999999982 0 1009703 0.244 0.00043023255813956496
1645256226097 3 11.733940000000018 0 861836 0.209 0.00043023255813956496

