1645233992461 1 3.999999 2824 346799 0.27090000000000003 -12.143199999999998
1645233994329 0 6.153039 0 213385 0.1668 0.00017441860465117198
1645233995540 0 8.942172000000001 0 141806 0.1115 0.00006976744186043549
1645233996516 0 11.967962 0 112578 0.0876 0.00006976744186043549
1645234000754 0 11.812083999999999 0 80671 0.0625 0.00006976744186043549
1645234004887 0 11.808043 0 68729 0.0526 0.00006976744186043549
1645234009063 0 11.546917 0 137895 0.1069 0.00006976744186043549
1645234013067 0 11.541491999999998 0 114138 0.0897 0.00006976744186043549
1645234017157 0 11.535314000000003 0 126013 0.0984 0.00006976744186043549
1645234020967 0 11.521125000000001 0 217236 0.1702 0.00006976744186043549
1645234024770 0 11.764643 0 219398 0.1703 0.00006976744186043549
1645234028752 0 11.758773000000005 0 177648 0.1381 0.00006976744186043549
1645234032653 0 11.995743000000004 0 166856 0.1295 0.00006976744186043549
1645234036998 0 11.733335000000004 0 223685 0.174 0.00006976744186043549
1645234040708 0 11.976625000000006 0 206455 0.16060000000000002 0.00006976744186043549
1645234044763 0 11.96725 0 121534 0.09469999999999999 0.00006976744186043549
1645234048684 0 11.955018000000003 0 105092 0.0817 0.00006976744186043549
1645234052786 0 11.947279000000002 0 63086 0.0491 0.00006976744186043549
1645234056565 0 11.931757000000005 0 87739 0.0674 0.00006976744186043549
1645234060861 0 11.671666000000002 0 152905 0.1189 0.00006976744186043549
1645234064751 0 11.915762 0 100587 0.0781 0.00006976744186043549
1645234068814 0 11.908496 0 186001 0.14479999999999998 0.00006976744186043549
1645234073001 0 11.651211000000004 0 201620 0.1585 0.00006976744186043549
1645234076792 0 11.891552000000004 0 218012 0.1692 0.00006976744186043549
1645234080860 0 11.631794 0 123058 0.096 0.00006976744186043549
1645234085019 0 11.624994000000001 0 198856 0.1558 0.00006976744186043549
1645234088973 0 11.512679000000006 0 223061 0.174 0.00006976744186043549
1645234093200 0 11.503749 0 143385 0.1127 0.00006976744186043549
1645234096699 0 11.996127999999999 0 117021 0.08990000000000001 0.00006976744186043549
1645234100938 0 11.73972400000001 0 83595 0.0636 0.00006976744186043549
1645234104565 0 11.980142999999998 0 68011 0.0529 0.00006976744186043549
1645234108702 0 11.973014000000006 0 134264 0.1041 0.00006976744186043549
1645234112681 0 11.967304999999996 0 113722 0.0882 0.00006976744186043549
1645234116744 0 11.958195000000003 0 122694 0.096 0.00006976744186043549
1645234121019 0 11.70347000000001 0 215146 0.16799999999999998 0.00006976744186043549
1645234124790 0 11.694249000000013 0 213339 0.1665 0.00006976744186043549
1645234128773 0 11.937383000000011 0 176949 0.1379 0.00006976744186043549
1645234132612 0 11.925024000000008 0 158356 0.12350000000000001 0.00006976744186043549
1645234136932 0 11.668870999999996 0 219852 0.1715 0.00006976744186043549
1645234140583 0 11.908587000000011 0 196864 0.1547 0.00006976744186043549
1645234144595 0 11.897978999999992 0 116610 0.0912 0.00006976744186043549
1645234149034 0 11.640545000000003 0 107223 0.0839 0.00006976744186043549
1645234152650 0 11.885063000000002 0 64332 0.0499 0.00006976744186043549
1645234156954 0 11.628562000000016 0 88753 0.06949999999999999 0.00006976744186043549
1645234160754 0 11.86538999999999 0 153489 0.11979999999999999 0.00006976744186043549
1645234164650 0 11.857495999999998 0 101805 0.0791 0.00006976744186043549
1645234168719 0 11.851050000000015 0 186822 0.1464 0.00006976744186043549
1645234172884 0 11.841876000000013 0 200149 0.1558 0.00006976744186043549
1645234176667 0 11.831483999999989 0 215305 0.1679 0.00006976744186043549
1645234180775 0 11.821450999999996 0 128759 0.1008 0.00006976744186043549
1645234184932 0 11.563769000000008 0 199367 0.156 0.00006976744186043549
1645234188766 0 11.80896100000001 0 220759 0.17270000000000002 0.00006976744186043549
1645234193040 0 11.55322000000001 0 149511 0.1177 0.00006976744186043549
1645234197078 0 11.548090000000002 0 118879 0.0935 0.00006976744186043549
1645234200848 0 11.782455999999996 0 85418 0.0661 0.00006976744186043549
1645234204978 0 11.525115 0 68807 0.053000000000000005 0.00006976744186043549
1645234209111 0 11.517631999999992 0 132565 0.1032 0.00006976744186043549
1645234213127 0 11.505702000000014 0 117262 0.091 0.00006976744186043549
1645234217122 0 11.498575000000017 0 116418 0.0898 0.00006976744186043549
1645234220974 0 11.741172000000006 0 223024 0.1752 0.00006976744186043549
1645234224752 0 11.733487999999994 0 214538 0.1679 0.00006976744186043549
1645234228743 0 11.974958000000015 0 178191 0.1393 0.00006976744186043549
1645234232611 0 11.961693999999994 0 161454 0.1263 0.00006976744186043549
1645234236867 0 11.70366899999999 0 212225 0.16570000000000001 0.00006976744186043549
1645234241008 0 11.698577 0 195858 0.1535 0.00006976744186043549
1645234244548 0 11.940593000000007 0 119665 0.0936 0.00006976744186043549
1645234249015 0 11.683699999999988 0 108667 0.0852 0.00006976744186043549
1645234252608 0 11.923727999999983 0 64782 0.0491 0.00006976744186043549
1645234256903 0 11.665593000000001 0 87523 0.06810000000000001 0.00006976744186043549
1645234260713 0 11.90768700000001 0 155607 0.1212 0.00006976744186043549
1645234264596 0 11.897512000000006 0 100404 0.078 0.00006976744186043549
1645234268633 0 11.884518000000014 0 183614 0.1427 0.00006976744186043549
1645234272772 0 11.875765000000001 0 197686 0.1534 0.00006976744186043549
1645234277081 0 11.617167999999992 0 217520 0.1704 0.00006976744186043549
1645234280716 0 11.86051900000001 0 132353 0.1032 0.00006976744186043549
1645234284884 0 11.601236000000029 0 199853 0.15589999999999998 0.00006976744186043549
1645234288738 0 11.84278999999998 0 225614 0.1754 0.00006976744186043549
1645234293024 0 11.582583999999997 0 150477 0.11710000000000001 0.00006976744186043549
1645234297043 0 11.57182499999999 0 117995 0.09230000000000001 0.00006976744186043549
1645234300802 0 11.814274000000012 0 86503 0.066 0.00006976744186043549
1645234304924 0 11.805191999999977 0 67335 0.0516 0.00006976744186043549
1645234309055 0 11.547674000000029 0 132169 0.1031 0.00006976744186043549
1645234313076 0 11.539641000000017 0 118800 0.09230000000000001 0.00006976744186043549
1645234317085 0 11.53287899999998 0 116618 0.08990000000000001 0.00006976744186043549

