1645254853141 1 3.999999 1651 346799 0.1541 -7.0992999999999995
1645254855568 2 5.587028999999999 0 500350 0.22240000000000001 0.000174418604651283
1645254858088 2 7.066954000000001 0 545518 0.2426 0.00027906976744174194
1645254860787 2 8.368074 0 584100 0.2599 0.00027906976744174194
1645254863166 2 9.992472999999999 0 512169 0.2273 0.00027906976744174194
1645254865836 2 11.319982 0 578121 0.25739999999999996 0.00027906976744174194
1645254869770 2 11.620632999999998 0 636691 0.2831 0.00027906976744174194
1645254873683 2 11.614922999999997 0 519743 0.2313 0.00027906976744174194
1645254877691 2 11.605372000000003 0 653153 0.2914 0.00027906976744174194
1645254881657 2 11.601117000000002 0 531618 0.2367 0.00027906976744174194
1645254885378 2 11.844336000000006 0 588952 0.262 0.00027906976744174194
1645254889537 2 11.839302000000004 0 575427 0.2555 0.00027906976744174194
1645254893730 2 11.583043000000004 0 582800 0.2592 0.00027906976744174194
1645254897583 2 11.573440000000005 0 619183 0.2751 0.00027906976744174194
1645254901825 2 11.564785 0 592095 0.2643 0.00027906976744174194
1645254905542 2 11.802490000000006 0 588643 0.2615 0.00027906976744174194
1645254909836 2 11.542226 0 604781 0.2694 0.00027906976744174194
1645254913678 2 11.534511000000002 0 504428 0.2239 0.00027906976744174194
1645254917487 2 11.773008000000004 0 608117 0.2705 0.00027906976744174194
1645254921468 2 11.768726999999998 0 645520 0.2872 0.00027906976744174194
1645254925548 2 11.759774000000007 0 557793 0.2484 0.00027906976744174194
1645254929477 2 11.75344100000001 0 635530 0.2833 0.00027906976744174194
1645254933395 2 11.992843000000008 0 520041 0.2319 0.00027906976744174194
1645254937416 2 11.986829 0 656205 0.29159999999999997 0.00027906976744174194
1645254941310 2 11.967567000000003 0 516287 0.2292 0.00027906976744174194
1645254945201 2 11.952150000000003 0 627180 0.2794 0.00027906976744174194
1645254949517 2 11.692076999999998 0 603841 0.26880000000000004 0.00027906976744174194
1645254953712 2 11.682783 0 582703 0.259 0.00027906976744174194
1645254957596 2 11.675049999999999 0 626605 0.2785 0.00027906976744174194
1645254961579 2 11.670146000000003 0 535113 0.2383 0.00027906976744174194
1645254965516 2 11.658870000000007 0 638212 0.2838 0.00027906976744174194
1645254969350 2 11.897801000000001 0 615017 0.2734 0.00027906976744174194
1645254973326 2 11.892593000000005 0 533736 0.23769999999999997 0.00027906976744174194
1645254977360 2 11.872822999999997 0 661250 0.2938 0.00027906976744174194
1645254981395 2 11.860754000000014 0 547682 0.24369999999999997 0.00027906976744174194
1645254985636 2 11.605928000000006 0 594286 0.264 0.00027906976744174194
1645254989408 2 11.848998999999992 0 599508 0.2666 0.00027906976744174194
1645254993673 2 11.589715000000012 0 599347 0.2664 0.00027906976744174194
1645254997491 2 11.824973 0 609977 0.2719 0.00027906976744174194
1645255001792 2 11.510407000000015 0 604926 0.2692 0.00027906976744174194
1645255005537 2 11.811286999999993 0 594986 0.26480000000000004 0.00027906976744174194
1645255009762 2 11.54583199999999 0 588726 0.26230000000000003 0.00027906976744174194
1645255013684 2 11.539658000000003 0 523106 0.2323 0.00027906976744174194
1645255017536 2 11.781276999999989 0 618775 0.2751 0.00027906976744174194
1645255021498 2 11.773218000000014 0 642262 0.2861 0.00027906976744174194
1645255025573 2 11.759476000000006 0 553119 0.2466 0.00027906976744174194
1645255029526 2 11.747679000000005 0 640678 0.2855 0.00027906976744174194
1645255033507 2 11.74092300000001 0 535087 0.2378 0.00027906976744174194
1645255037476 2 11.729228000000006 0 645101 0.28690000000000004 0.00027906976744174194
1645255041497 2 11.724426999999991 0 542740 0.24209999999999998 0.00027906976744174194
1645255045423 2 11.965904999999992 0 635250 0.2824 0.00027906976744174194
1645255049225 2 11.958923999999996 0 607370 0.2697 0.00027906976744174194
1645255053495 2 11.699227000000008 0 601045 0.2667 0.00027906976744174194
1645255057302 2 11.939352000000014 0 605033 0.2701 0.00027906976744174194
1645255061262 2 11.93242699999999 0 530643 0.23610000000000003 0.00027906976744174194
1645255065269 2 11.928322000000009 0 652691 0.2906 0.00027906976744174194
1645255069594 2 11.672281999999996 0 609815 0.2721 0.00027906976744174194
1645255073623 2 11.66604000000001 0 544612 0.24300000000000002 0.00027906976744174194
1645255077544 2 11.658436999999992 0 632508 0.28159999999999996 0.00027906976744174194
1645255081745 2 11.645769999999999 0 583029 0.2596 0.00027906976744174194
1645255085553 2 11.640633000000008 0 609324 0.2711 0.00027906976744174194
1645255089296 2 11.881799999999998 0 593619 0.2645 0.00027906976744174194
1645255093637 2 11.623095000000006 0 613859 0.2742 0.00027906976744174194
1645255097443 2 11.86485300000001 0 608720 0.27040000000000003 0.00027906976744174194
1645255101749 2 11.608368000000013 0 606705 0.2707 0.00027906976744174194
1645255105489 2 11.851878 0 593343 0.264 0.00027906976744174194
1645255109706 2 11.58998200000002 0 587405 0.2613 0.00027906976744174194
1645255113579 2 11.580155999999988 0 509910 0.22719999999999999 0.00027906976744174194
1645255117457 2 11.821324000000004 0 624112 0.27799999999999997 0.00027906976744174194
1645255121371 2 11.813555000000008 0 631553 0.2815 0.00027906976744174194
1645255125450 2 11.807766000000015 0 558385 0.24780000000000002 0.00027906976744174194
1645255129409 2 11.79848800000002 0 642127 0.286 0.00027906976744174194
1645255133377 2 11.791243000000009 0 530123 0.2363 0.00027906976744174194
1645255137852 2 11.529757000000018 0 646460 0.2873 0.00027906976744174194
1645255141874 2 11.515734000000009 0 544018 0.242 0.00027906976744174194
1645255145821 2 11.508151999999995 0 639772 0.2852 0.00027906976744174194
1645255149664 2 11.499820999999997 0 616543 0.274 0.00027906976744174194
1645255153402 2 11.988853000000006 0 585544 0.2611 0.00027906976744174194
1645255157204 2 11.97390999999999 0 607252 0.27 0.00027906976744174194
1645255161684 2 11.71072700000002 0 534940 0.23759999999999998 0.00027906976744174194
1645255165621 2 11.702366999999981 0 638300 0.2839 0.00027906976744174194
1645255169506 2 11.69638100000003 0 626429 0.2782 0.00027906976744174194
1645255173502 2 11.68206600000002 0 538866 0.23959999999999998 0.00027906976744174194
1645255177439 2 11.904314 0 636237 0.2841 0.00027906976744174194

