1645236499369 1 3.999999 1029 346799 0.09 -4.4247
1645236503006 4 4.375559 0 1312552 0.3433 0.000174418604651283
1645236506733 4 4.648383000000001 0 1383123 0.36219999999999997 0.000662790697674609
1645236510646 4 4.740722 0 1451767 0.3794 0.000662790697674609
1645236514204 4 5.177963999999999 0 1308083 0.3411 0.000662790697674609
1645236517732 4 5.663121999999998 0 1299338 0.3404 0.000662790697674609
1645236521636 4 5.745301999999999 0 1453833 0.3807 0.000662790697674609
1645236525095 4 6.291422999999998 0 1280990 0.33540000000000003 0.000662790697674609
1645236529432 4 5.959227000000002 0 1612910 0.4224 0.000662790697674609
1645236532718 4 6.665064000000001 0 1213987 0.3173 0.000662790697674609
1645236536448 4 6.935621000000005 0 1380918 0.3609 0.000662790697674609
1645236540057 4 7.324448000000004 0 1334467 0.3488 0.000662790697674609
1645236544015 4 7.3666510000000045 0 1463126 0.3826 0.000662790697674609
1645236547843 4 7.543141000000006 0 1421742 0.3721 0.000662790697674609
1645236551707 4 7.675483 0 1436771 0.37629999999999997 0.000662790697674609
1645236555549 4 7.833258000000001 0 1425347 0.3734 0.000662790697674609
1645236559237 4 8.148253000000004 0 1366001 0.35760000000000003 0.000662790697674609
1645236562704 4 8.678214000000004 0 1281785 0.33599999999999997 0.000662790697674609
1645236566796 4 8.587085000000002 0 1514044 0.3968 0.000662790697674609
1645236570787 4 8.741689000000008 0 1432783 0.3658 0.000662790697674609
1645236574576 4 9.050089999999997 0 1401397 0.3661 0.000662790697674609
1645236578478 4 9.154404 0 1450362 0.3796 0.000662790697674609
1645236581901 4 9.726287999999997 0 1266375 0.33199999999999996 0.000662790697674609
1645236585945 4 9.693280000000001 0 1497932 0.3923 0.000662790697674609
1645236589485 4 10.141211999999996 0 1308773 0.3432 0.000662790697674609
1645236593572 4 10.055965999999998 0 1516715 0.3976 0.000662790697674609
1645236597382 4 10.244867999999997 0 1407805 0.3686 0.000662790697674609
1645236601147 4 10.478755000000007 0 1394624 0.3658 0.000662790697674609
1645236605198 4 10.437382 0 1502056 0.3942 0.000662790697674609
1645236608651 4 10.980349000000004 0 1276395 0.3339 0.000662790697674609
1645236612638 4 10.989258000000007 0 1480768 0.3875 0.000662790697674609
1645236616616 4 11.01115 0 1473992 0.3863 0.000662790697674609
1645236620167 4 11.467731 0 1306146 0.3408 0.000662790697674609
1645236624380 4 11.247022000000001 0 1565699 0.4093 0.000662790697674609
1645236627835 4 11.792416000000003 0 1268922 0.3316 0.000662790697674609
1645236631649 4 11.97727900000001 0 1406335 0.3684 0.000662790697674609
1645236635899 4 11.952104999999989 0 1381377 0.362 0.000662790697674609
1645236639907 4 11.727007000000015 0 1475162 0.3868 0.000662790697674609
1645236643824 4 11.809096000000011 0 1430482 0.3747 0.000662790697674609
1645236647724 4 11.908108999999996 0 1439994 0.37629999999999997 0.000662790697674609
1645236652001 4 11.81427500000001 0 1405476 0.3675 0.000662790697674609
1645236655747 4 11.88177300000001 0 1382866 0.36219999999999997 0.000662790697674609
1645236660282 4 11.558749000000006 0 1303196 0.3416 0.000662790697674609
1645236664467 4 11.16110900000001 0 1538814 0.40259999999999996 0.000662790697674609
1645236668334 4 11.301028000000002 0 1423261 0.37360000000000004 0.000662790697674609
1645236672069 4 11.559515000000005 0 1377859 0.3605 0.000662790697674609
1645236675867 4 11.774695000000008 0 1396488 0.3653 0.000662790697674609
1645236679809 4 11.981966999999997 0 1265878 0.3316 0.000662790697674609
1645236683779 4 11.858050999999989 0 1474721 0.3861 0.000662790697674609
1645236687947 4 11.710894999999994 0 1357016 0.3549 0.000662790697674609
1645236692014 4 11.618032 0 1508969 0.3951 0.000662790697674609
1645236695840 4 11.785792000000015 0 1420161 0.3715 0.000662790697674609
1645236700129 4 11.679141000000016 0 1394798 0.366 0.000662790697674609
1645236704171 4 11.46723399999999 0 1499654 0.3917 0.000662790697674609
1645236707754 4 11.874418999999989 0 1323592 0.34609999999999996 0.000662790697674609
1645236711737 4 11.89422300000001 0 1477260 0.3866 0.000662790697674609
1645236715722 4 11.911419999999993 0 1474833 0.3865 0.000662790697674609
1645236720225 4 11.616430000000008 0 1299401 0.3402 0.000662790697674609
1645236724561 4 11.073099000000013 0 1595638 0.4178 0.000662790697674609
1645236728074 4 11.558253000000008 0 1282380 0.3363 0.000662790697674609
1645236731877 4 11.76181600000001 0 1402228 0.3673 0.000662790697674609
1645236735682 4 11.944792000000007 0 1404885 0.3678 0.000662790697674609
1645236739686 4 11.948819000000015 0 1453425 0.3806 0.000662790697674609
1645236744123 4 11.522941000000003 0 1453998 0.3802 0.000662790697674609
1645236747961 4 11.671673999999996 0 1424197 0.3725 0.000662790697674609
1645236751773 4 11.853938999999997 0 1409895 0.3685 0.000662790697674609
1645236756016 4 11.744399999999985 0 1381516 0.36160000000000003 0.000662790697674609
1645236760013 4 11.738028999999983 0 1298461 0.3398 0.000662790697674609
1645236764127 4 11.499242999999979 0 1530017 0.40069999999999995 0.000662790697674609
1645236768000 4 11.628405999999984 0 1437352 0.3765 0.000662790697674609
1645236772125 4 11.708078999999998 0 1344879 0.3516 0.000662790697674609
1645236776124 4 11.502625000000023 0 1490910 0.3899 0.000662790697674609
1645236780037 4 11.689111000000025 0 1264017 0.3306 0.000662790697674609
1645236783971 4 11.65565700000002 0 1458446 0.3831 0.000662790697674609
1645236787642 4 11.98488500000002 0 1366050 0.3573 0.000662790697674609
1645236791769 4 11.856835999999987 0 1540108 0.40279999999999994 0.000662790697674609
1645236796113 4 11.647920999999997 0 1421303 0.3727 0.000662790697674609
1645236799776 4 11.851912000000027 0 1359213 0.356 0.000662790697674609
1645236803841 4 11.785361000000023 0 1514199 0.3964 0.000662790697674609
1645236807841 4 11.869140000000016 0 1296661 0.3395 0.000662790697674609
1645236811951 4 11.864192000000003 0 1340186 0.3505 0.000662790697674609
1645236815917 4 11.70882499999999 0 1478975 0.3869 0.000662790697674609
1645236820032 4 11.598738000000026 0 1342511 0.35150000000000003 0.000662790697674609
1645236824137 4 11.488747999999987 0 1527618 0.39990000000000003 0.000662790697674609
1645236827639 4 11.987994000000015 0 1297467 0.3393 0.000662790697674609

