1645246019270 1 3.999999 1381 346799 0.1264 -5.9383
1645246020241 0 7.034631 0 213385 0.0776 0.00017441860465117198
1645246020858 0 10.418135000000001 0 141806 0.0522 0.00006976744186043549
1645246023901 0 11.581374 0 112578 0.0397 0.00006976744186043549
1645246027830 0 11.570338999999999 0 80671 0.0319 0.00006976744186043549
1645246031714 0 11.562769999999999 0 68729 0.028399999999999998 0.00006976744186043549
1645246035845 0 11.553701 0 137895 0.053200000000000004 0.00006976744186043549
1645246039903 0 11.549543999999997 0 114138 0.0451 0.00006976744186043549
1645246043500 0 11.790977000000002 0 126013 0.0495 0.00006976744186043549
1645246047926 0 11.533111000000002 0 217236 0.0823 0.00006976744186043549
1645246051855 0 11.528420000000004 0 219398 0.0834 0.00006976744186043549
1645246055636 0 11.774074000000006 0 177648 0.0685 0.00006976744186043549
1645246059872 0 11.512365000000003 0 166856 0.064 0.00006976744186043549
1645246063819 0 11.505749999999999 0 223685 0.0847 0.00006976744186043549
1645246067702 0 11.74933 0 206455 0.0781 0.00006976744186043549
1645246071777 0 11.741717000000001 0 121534 0.0474 0.00006976744186043549
1645246075296 0 11.987061000000004 0 105092 0.0416 0.00006976744186043549
1645246079655 0 11.732294000000003 0 63086 0.0261 0.00006976744186043549
1645246083615 0 11.725380999999999 0 87739 0.035199999999999995 0.00006976744186043549
1645246087808 0 11.716366000000008 0 152905 0.058699999999999995 0.00006976744186043549
1645246091805 0 11.701642000000007 0 100587 0.0395 0.00006976744186043549
1645246095615 0 11.691794000000002 0 186001 0.0712 0.00006976744186043549
1645246099482 0 11.934994000000003 0 201620 0.0765 0.00006976744186043549
1645246103402 0 11.927829000000003 0 218012 0.0819 0.00006976744186043549
1645246107484 0 11.920855000000003 0 123058 0.0484 0.00006976744186043549
1645246111838 0 11.658945000000003 0 198856 0.0753 0.00006976744186043549
1645246115801 0 11.653627 0 223061 0.0848 0.00006976744186043549
1645246119473 0 11.895347999999998 0 143385 0.05620000000000001 0.00006976744186043549
1645246123539 0 11.888473000000005 0 117021 0.046 0.00006976744186043549
1645246127475 0 11.884442000000007 0 83595 0.033600000000000005 0.00006976744186043549
1645246131862 0 11.628984000000003 0 68011 0.028100000000000003 0.00006976744186043549
1645246135486 0 11.871378000000007 0 134264 0.052500000000000005 0.00006976744186043549
1645246139537 0 11.861253000000005 0 113722 0.045 0.00006976744186043549
1645246143615 0 11.855343000000005 0 122694 0.047599999999999996 0.00006976744186043549
1645246147526 0 11.847940999999992 0 215146 0.0813 0.00006976744186043549
1645246151940 0 11.589146 0 213339 0.08070000000000001 0.00006976744186043549
1645246155719 0 11.574275999999998 0 176949 0.0679 0.00006976744186043549
1645246159939 0 11.563085000000001 0 158356 0.061 0.00006976744186043549
1645246163876 0 11.556353999999999 0 219852 0.08349999999999999 0.00006976744186043549
1645246167734 0 11.548657999999989 0 196864 0.0753 0.00006976744186043549
1645246171794 0 11.541286000000014 0 116610 0.0456 0.00006976744186043549
1645246175814 0 11.535322000000008 0 107223 0.042499999999999996 0.00006976744186043549
1645246179690 0 11.775413000000015 0 64332 0.0268 0.00006976744186043549
1645246183651 0 11.767246 0 88753 0.036199999999999996 0.00006976744186043549
1645246187851 0 11.510554000000013 0 153489 0.058899999999999994 0.00006976744186043549
1645246191855 0 11.50349399999999 0 101805 0.040400000000000005 0.00006976744186043549
1645246195682 0 11.747152 0 186822 0.0717 0.00006976744186043549
1645246199546 0 11.736954999999995 0 200149 0.0765 0.00006976744186043549
1645246203459 0 11.97965099999999 0 215305 0.08159999999999999 0.00006976744186043549
1645246207565 0 11.719043 0 128759 0.0502 0.00006976744186043549
1645246211415 0 11.959597000000002 0 199367 0.0754 0.00006976744186043549
1645246215350 0 11.948915999999997 0 220759 0.0837 0.00006976744186043549
1645246219527 0 11.942315000000008 0 149511 0.058199999999999995 0.00006976744186043549
1645246223589 0 11.93390199999999 0 118879 0.0466 0.00006976744186043549
1645246227529 0 11.927370999999994 0 85418 0.0348 0.00006976744186043549
1645246231411 0 11.916968999999995 0 68807 0.028199999999999996 0.00006976744186043549
1645246235529 0 11.911345000000011 0 132565 0.051500000000000004 0.00006976744186043549
1645246239589 0 11.904983000000016 0 117262 0.0463 0.00006976744186043549
1645246243650 0 11.646561999999989 0 116418 0.046 0.00006976744186043549
1645246247600 0 11.892085000000009 0 223024 0.08449999999999999 0.00006976744186043549
1645246251520 0 11.88474500000001 0 214538 0.0818 0.00006976744186043549
1645246255813 0 11.625157000000002 0 178191 0.0683 0.00006976744186043549
1645246259538 0 11.867781000000008 0 161454 0.0621 0.00006976744186043549
1645246263446 0 11.863244000000009 0 212225 0.08120000000000001 0.00006976744186043549
1645246267789 0 11.607019000000008 0 195858 0.0742 0.00006976744186043549
1645246271852 0 11.599790000000013 0 119665 0.0465 0.00006976744186043549
1645246275885 0 11.593227000000013 0 108667 0.043 0.00006976744186043549
1645246279754 0 11.583796000000007 0 64782 0.026500000000000003 0.00006976744186043549
1645246283703 0 11.819637999999998 0 87523 0.034699999999999995 0.00006976744186043549
1645246287897 0 11.418786000000011 0 155607 0.059699999999999996 0.00006976744186043549
1645246291899 0 11.550599999999974 0 100404 0.040100000000000004 0.00006976744186043549
1645246295700 0 11.793708999999978 0 183614 0.06989999999999999 0.00006976744186043549
1645246299558 0 11.787314999999978 0 197686 0.0755 0.00006976744186043549
1645246303980 0 11.529642000000024 0 217520 0.08249999999999999 0.00006976744186043549
1645246307592 0 11.77151200000003 0 132353 0.051500000000000004 0.00006976744186043549
1645246311959 0 11.515038000000004 0 199853 0.07680000000000001 0.00006976744186043549
1645246315916 0 11.508684000000017 0 225614 0.0857 0.00006976744186043549
1645246319596 0 11.753636000000029 0 150477 0.058199999999999995 0.00006976744186043549
1645246323662 0 11.749175999999977 0 117995 0.046700000000000005 0.00006976744186043549
1645246327611 0 11.742451000000017 0 86503 0.035199999999999995 0.00006976744186043549
1645246331479 0 11.983337000000006 0 67335 0.027100000000000003 0.00006976744186043549
1645246335593 0 11.722714999999994 0 132169 0.051500000000000004 0.00006976744186043549
1645246339664 0 11.714649000000009 0 118800 0.0468 0.00006976744186043549
1645246343726 0 11.705960000000005 0 116618 0.0458 0.00006976744186043549
1645246347675 0 11.697046999999998 0 222296 0.0847 0.00006976744186043549

