1645239301754 1 3.999999 1729 346799 0.16240000000000002 -7.434699999999999
1645239302949 0 6.820735 0 213385 0.10029999999999999 0.00017441860465117198
1645239303712 0 10.059058 0 141806 0.0668 0.00006976744186043549
1645239305836 0 11.983949 0 112578 0.0518 0.00006976744186043549
1645239309816 0 11.978283 0 80671 0.0371 0.00006976744186043549
1645239314262 0 11.721233999999999 0 68729 0.034499999999999996 0.00006976744186043549
1645239318032 0 11.960795999999998 0 137895 0.0666 0.00006976744186043549
1645239322189 0 11.703851 0 114138 0.055900000000000005 0.00006976744186043549
1645239325900 0 11.945680000000003 0 126013 0.0608 0.00006976744186043549
1645239330043 0 11.935894000000001 0 217236 0.1041 0.00006976744186043549
1645239334195 0 11.677124 0 219398 0.1048 0.00006976744186043549
1645239338142 0 11.667227000000004 0 177648 0.08449999999999999 0.00006976744186043549
1645239342047 0 11.902261000000003 0 166856 0.08030000000000001 0.00006976744186043549
1645239346213 0 11.646046000000005 0 223685 0.10629999999999999 0.00006976744186043549
1645239350300 0 11.635850000000005 0 206455 0.098 0.00006976744186043549
1645239353996 0 11.881373000000004 0 121534 0.0591 0.00006976744186043549
1645239358115 0 11.874766000000001 0 105092 0.0505 0.00006976744186043549
1645239362029 0 11.863632000000003 0 63086 0.0308 0.00006976744186043549
1645239366077 0 11.857766999999996 0 87739 0.0437 0.00006976744186043549
1645239370413 0 11.595674000000002 0 152905 0.07289999999999999 0.00006976744186043549
1645239374006 0 11.835638000000003 0 100587 0.0487 0.00006976744186043549
1645239378007 0 11.831793000000005 0 186001 0.0896 0.00006976744186043549
1645239382071 0 11.821854000000002 0 201620 0.0963 0.00006976744186043549
1645239386200 0 11.815613999999997 0 218012 0.1034 0.00006976744186043549
1645239390389 0 11.554705999999996 0 123058 0.058899999999999994 0.00006976744186043549
1645239394449 0 11.548063999999997 0 198856 0.0949 0.00006976744186043549
1645239398129 0 11.787828000000005 0 223061 0.10629999999999999 0.00006976744186043549
1645239402404 0 11.527006 0 143385 0.0669 0.00006976744186043549
1645239406066 0 11.770116000000002 0 117021 0.056100000000000004 0.00006976744186043549
1645239410099 0 11.759449000000004 0 83595 0.041299999999999996 0.00006976744186043549
1645239414038 0 11.751494000000008 0 68011 0.0334 0.00006976744186043549
1645239417790 0 11.994793000000001 0 134264 0.065 0.00006976744186043549
1645239421942 0 11.985175999999996 0 113722 0.0548 0.00006976744186043549
1645239426130 0 11.723574999999997 0 122694 0.058399999999999994 0.00006976744186043549
1645239430252 0 11.718907999999999 0 215146 0.1022 0.00006976744186043549
1645239433876 0 11.961882000000003 0 213339 0.10089999999999999 0.00006976744186043549
1645239438316 0 11.703717000000012 0 176949 0.0829 0.00006976744186043549
1645239442177 0 11.686078000000009 0 158356 0.0758 0.00006976744186043549
1645239446334 0 11.67811900000001 0 219852 0.1056 0.00006976744186043549
1645239449886 0 11.917553999999996 0 196864 0.09509999999999999 0.00006976744186043549
1645239454026 0 11.908630000000016 0 116610 0.0541 0.00006976744186043549
1645239458150 0 11.652231 0 107223 0.0521 0.00006976744186043549
1645239462064 0 11.896389999999997 0 64332 0.0312 0.00006976744186043549
1645239466102 0 11.887907000000013 0 88753 0.0435 0.00006976744186043549
1645239469948 0 11.880316999999991 0 153489 0.0737 0.00006976744186043549
1645239474047 0 11.869439 0 101805 0.0497 0.00006976744186043549
1645239478048 0 11.862063000000006 0 186822 0.09 0.00006976744186043549
1645239482107 0 11.853816999999992 0 200149 0.09559999999999999 0.00006976744186043549
1645239486230 0 11.594751000000002 0 215305 0.1021 0.00006976744186043549
1645239489959 0 11.834014999999994 0 128759 0.0626 0.00006976744186043549
1645239494023 0 11.826461999999992 0 199367 0.0957 0.00006976744186043549
1645239498177 0 11.814802000000014 0 220759 0.10469999999999999 0.00006976744186043549
1645239501996 0 11.803911 0 149511 0.0717 0.00006976744186043549
1645239506172 0 11.794873999999993 0 118879 0.05739999999999999 0.00006976744186043549
1645239510189 0 11.784605999999997 0 85418 0.0414 0.00006976744186043549
1645239514130 0 11.777976999999993 0 68807 0.0346 0.00006976744186043549
1645239518377 0 11.519599999999997 0 132565 0.0638 0.00006976744186043549
1645239522050 0 11.760836000000012 0 117262 0.05669999999999999 0.00006976744186043549
1645239526210 0 11.750293999999997 0 116418 0.05550000000000001 0.00006976744186043549
1645239529880 0 11.992086999999998 0 223024 0.1069 0.00006976744186043549
1645239534016 0 11.986699000000016 0 214538 0.10300000000000001 0.00006976744186043549
1645239537966 0 11.980196000000007 0 178191 0.08499999999999999 0.00006976744186043549
1645239541840 0 11.967084 0 161454 0.07730000000000001 0.00006976744186043549
1645239545958 0 11.959086000000013 0 212225 0.1011 0.00006976744186043549
1645239549991 0 11.954886000000016 0 195858 0.09280000000000001 0.00006976744186043549
1645239554161 0 11.694346999999993 0 119665 0.056799999999999996 0.00006976744186043549
1645239558291 0 11.682929999999999 0 108667 0.052700000000000004 0.00006976744186043549
1645239562211 0 11.671819000000028 0 64782 0.0316 0.00006976744186043549
1645239566246 0 11.661808000000008 0 87523 0.0426 0.00006976744186043549
1645239570088 0 11.829095999999993 0 155607 0.074 0.00006976744186043549
1645239574177 0 11.644290000000012 0 100404 0.0485 0.00006976744186043549
1645239578159 0 11.639026999999999 0 183614 0.0875 0.00006976744186043549
1645239582200 0 11.629407000000015 0 197686 0.094 0.00006976744186043549
1645239586347 0 11.623529000000019 0 217520 0.1042 0.00006976744186043549
1645239590077 0 11.863275999999985 0 132353 0.0634 0.00006976744186043549
1645239594141 0 11.857383000000027 0 199853 0.0963 0.00006976744186043549
1645239598319 0 11.597913000000005 0 225614 0.1076 0.00006976744186043549
1645239602142 0 11.815856999999994 0 150477 0.0725 0.00006976744186043549
1645239606311 0 11.558265000000006 0 117995 0.056999999999999995 0.00006976744186043549
1645239610338 0 11.554258000000004 0 86503 0.0422 0.00006976744186043549
1645239614279 0 11.544435000000021 0 67335 0.034 0.00006976744186043549
1645239618021 0 11.789924999999982 0 132169 0.0633 0.00006976744186043549
1645239622199 0 11.782700999999975 0 118800 0.057499999999999996 0.00006976744186043549
1645239626369 0 11.525770000000023 0 116618 0.056299999999999996 0.00006976744186043549
1645239630032 0 11.766421999999977 0 222296 0.1061 0.00006976744186043549

