1645235120088 1 3.999999 1357 346799 0.1236 -5.8351
1645235121495 1 6.633916 0 363755 0.13 0.00017441860465117198
1645235122891 1 9.237173 0 362842 0.1298 0.00017441860465117198
1645235124358 1 11.770138000000001 0 384791 0.1367 0.00017441860465117198
1645235128430 3 11.873553999999999 0 804438 0.28690000000000004 0.000174418604651283
1645235132500 3 11.866242999999999 0 828659 0.29569999999999996 0.00043023255813956496
1645235136457 3 11.853202 0 937332 0.33290000000000003 0.00043023255813956496
1645235140337 3 11.846620999999999 0 776416 0.2773 0.00043023255813956496
1645235144609 3 11.584914000000001 0 1025687 0.3672 0.00043023255813956496
1645235148629 3 11.571719000000002 0 815426 0.2911 0.00043023255813956496
1645235152393 3 11.806718000000004 0 884625 0.3161 0.00043023255813956496
1645235156735 3 11.550356 0 904952 0.324 0.00043023255813956496
1645235160249 3 11.878896000000005 0 954418 0.3413 0.00043023255813956496
1645235171122 3 5.007994000000004 0 910446 1.0742 0.00043023255813956496
1645235172690 1 7.4386360000000025 0 374050 0.1365 0.00043023255813956496
1645235174094 1 10.034815000000002 0 367058 0.1301 0.00017441860465117198
1645235176547 1 11.729664 0 377983 0.1349 0.00017441860465117198
1645235180615 3 11.694890000000001 0 828263 0.29569999999999996 0.000174418604651283
1645235184240 3 11.888174000000006 0 981175 0.3507 0.00043023255813956496
1645235188218 3 11.932570999999996 0 939007 0.3358 0.00043023255813956496
1645235192325 3 11.911642 0 841370 0.3009 0.00043023255813956496
1645235196324 3 11.903697000000008 0 947658 0.33849999999999997 0.00043023255813956496
1645235201737 3 10.392914000000005 0 828958 0.5272 0.00043023255813956496
1645235204421 1 11.878878 0 401133 0.1471 0.00043023255813956496
1645235208598 3 11.615001000000007 0 847215 0.3033 0.000174418604651283
1645235212203 3 11.929552999999999 0 978032 0.3491 0.00043023255813956496
1645235216669 3 11.580976000000007 0 934237 0.33340000000000003 0.00043023255813956496
1645235220451 3 11.821643000000009 0 889600 0.31789999999999996 0.00043023255813956496
1645235224603 3 11.568714999999997 0 988774 0.35419999999999996 0.00043023255813956496
1645235230232 3 9.920844000000002 0 808061 0.5476 0.00043023255813956496
1645235232413 1 11.795122000000006 0 394452 0.1439 0.00043023255813956496
1645235236825 3 11.537483000000009 0 924757 0.3295 0.000174418604651283
1645235240821 3 11.530209999999997 0 808228 0.2894 0.00043023255813956496
1645235244564 3 11.571556000000001 0 1014212 0.362 0.00043023255813956496
1645235248686 3 11.506794000000014 0 845218 0.30169999999999997 0.00043023255813956496
1645235252541 3 11.749603000000008 0 910767 0.325 0.00043023255813956496
1645235256379 3 11.98428100000001 0 901777 0.3224 0.00043023255813956496
1645235260442 3 11.723255999999992 0 967347 0.346 0.00043023255813956496
1645235264396 3 11.963470999999998 0 935273 0.3352 0.00043023255813956496
1645235268277 3 11.955941999999993 0 916928 0.32789999999999997 0.00043023255813956496
1645235272239 3 11.944200999999993 0 940743 0.3359 0.00043023255813956496
1645235276485 3 11.676305000000013 0 877888 0.3134 0.00043023255813956496
1645235280587 3 11.67007799999999 0 839766 0.3008 0.00043023255813956496
1645235284188 3 11.940080999999992 0 976062 0.3478 0.00043023255813956496
1645235288728 3 11.648376000000013 0 958353 0.3432 0.00043023255813956496
1645235292319 3 11.88850500000001 0 836268 0.2981 0.00043023255813956496
1645235296385 3 11.875171999999992 0 968967 0.34609999999999996 0.00043023255813956496
1645235300443 3 11.86561900000001 0 825839 0.2955 0.00043023255813956496
1645235304541 3 11.605215000000015 0 974212 0.34809999999999997 0.00043023255813956496
1645235308751 3 11.594637000000006 0 867483 0.3105 0.00043023255813956496
1645235312387 3 11.741016000000002 0 987232 0.3532 0.00043023255813956496
1645235316302 3 11.825771000000003 0 921956 0.3294 0.00043023255813956496
1645235320721 3 11.571659000000011 0 913803 0.3269 0.00043023255813956496
1645235324263 3 11.865248000000008 0 958215 0.3422 0.00043023255813956496
1645235328369 3 11.796205000000015 0 832934 0.2982 0.00043023255813956496
1645235332567 3 11.79125400000001 0 1005593 0.3594 0.00043023255813956496
1645235336518 3 11.781281000000007 0 935985 0.33490000000000003 0.00043023255813956496
1645235340500 3 11.776669999999996 0 802415 0.2864 0.00043023255813956496
1645235344199 3 11.93990500000001 0 999009 0.3573 0.00043023255813956496
1645235348421 3 11.75819100000001 0 869418 0.30979999999999996 0.00043023255813956496
1645235352737 3 11.49896799999999 0 897686 0.32120000000000004 0.00043023255813956496
1645235356276 3 11.858908000000014 0 960141 0.3433 0.00043023255813956496
1645235360153 3 11.987368000000004 0 914618 0.3265 0.00043023255813956496
1645235364647 3 11.729859000000005 0 949031 0.339 0.00043023255813956496
1645235368542 3 11.719416999999993 0 919929 0.329 0.00043023255813956496
1645235372467 3 11.712603999999999 0 930570 0.3327 0.00043023255813956496
1645235376267 3 11.958771000000013 0 894188 0.32 0.00043023255813956496
1645235380373 3 11.951287999999977 0 835562 0.2988 0.00043023255813956496
1645235384520 3 11.693450999999982 0 986170 0.3527 0.00043023255813956496
1645235388560 3 11.662599 0 955812 0.3418 0.00043023255813956496
1645235392649 3 11.65300400000001 0 837688 0.2992 0.00043023255813956496
1645235396231 3 11.89669600000002 0 972932 0.34809999999999997 0.00043023255813956496
1645235400730 3 11.642741000000001 0 807690 0.2889 0.00043023255813956496
1645235404292 3 11.83678100000003 0 968173 0.3459 0.00043023255813956496
1645235408518 3 11.620155000000011 0 872734 0.312 0.00043023255813956496
1645235412174 3 11.95584100000002 0 991679 0.35459999999999997 0.00043023255813956496
1645235416620 3 11.603240000000028 0 930061 0.3327 0.00043023255813956496
1645235420386 3 11.845317000000023 0 884740 0.3164 0.00043023255813956496
1645235424449 3 11.838162000000011 0 968599 0.34609999999999996 0.00043023255813956496
1645235428581 3 11.579213999999979 0 848189 0.30310000000000004 0.00043023255813956496
1645235432232 3 11.896802999999977 0 989262 0.3536 0.00043023255813956496
1645235436672 3 11.55350900000002 0 929927 0.3323 0.00043023255813956496
1645235440810 3 11.546962000000008 0 845977 0.3023 0.00043023255813956496
1645235444557 3 11.574356000000023 0 1009703 0.36150000000000004 0.00043023255813956496
1645235448892 3 11.234935000000007 0 861836 0.30779999999999996 0.00043023255813956496

