1645237209203 1 3.999999 1641 346799 0.1505 -7.056299999999999
1645237211633 2 5.563454 0 500350 0.2171 0.000174418604651283
1645237214105 2 7.088533000000001 0 545518 0.2358 0.00027906976744174194
1645237216740 2 8.450911000000001 0 584100 0.253 0.00027906976744174194
1645237219066 2 10.130844999999999 0 512169 0.22200000000000003 0.00027906976744174194
1645237221676 2 11.514947999999999 0 578121 0.2509 0.00027906976744174194
1645237225547 2 11.881232 0 636691 0.27490000000000003 0.00027906976744174194
1645237229409 2 11.869387 0 519743 0.2253 0.00027906976744174194
1645237233358 2 11.856581000000002 0 653153 0.2834 0.00027906976744174194
1645237237771 2 11.594792000000002 0 531618 0.2306 0.00027906976744174194
1645237241427 2 11.834132000000004 0 588952 0.2551 0.00027906976744174194
1645237245520 2 11.820886000000002 0 575427 0.24889999999999998 0.00027906976744174194
1645237249649 2 11.560362000000005 0 582800 0.2523 0.00027906976744174194
1645237253433 2 11.800106 0 619183 0.2683 0.00027906976744174194
1645237257599 2 11.789238000000005 0 592095 0.25630000000000003 0.00027906976744174194
1645237261783 2 11.532923000000004 0 588643 0.25529999999999997 0.00027906976744174194
1645237265503 2 11.773967000000006 0 604781 0.2617 0.00027906976744174194
1645237269794 2 11.516934 0 504428 0.2186 0.00027906976744174194
1645237273528 2 11.756315 0 608117 0.26389999999999997 0.00027906976744174194
1645237277934 2 11.502870000000001 0 645520 0.2794 0.00027906976744174194
1645237281452 2 11.987338000000008 0 557793 0.2413 0.00027906976744174194
1645237285316 2 11.973455000000001 0 635530 0.27549999999999997 0.00027906976744174194
1645237289706 2 11.717583000000005 0 520041 0.2266 0.00027906976744174194
1645237293657 2 11.709457999999998 0 656205 0.2848 0.00027906976744174194
1645237297806 2 11.809398000000002 0 516287 0.24009999999999998 0.00027906976744174194
1645237302158 2 11.539724000000007 0 627180 0.2746 0.00027906976744174194
1645237305889 2 11.783313000000007 0 603841 0.262 0.00027906976744174194
1645237310017 2 11.775548 0 582703 0.2525 0.00027906976744174194
1645237313829 2 11.768273000000008 0 626605 0.271 0.00027906976744174194
1645237318249 2 11.510205999999997 0 535113 0.23159999999999997 0.00027906976744174194
1645237322107 2 11.503352000000007 0 638212 0.2762 0.00027906976744174194
1645237325878 2 11.746451000000008 0 615017 0.2664 0.00027906976744174194
1645237329781 2 11.989294999999998 0 533736 0.2307 0.00027906976744174194
1645237333745 2 11.980832000000007 0 661250 0.28650000000000003 0.00027906976744174194
1645237337721 2 11.969512000000009 0 547682 0.2378 0.00027906976744174194
1645237341887 2 11.712626 0 594286 0.2571 0.00027906976744174194
1645237346085 2 11.704274999999996 0 599508 0.2597 0.00027906976744174194
1645237349783 2 11.949698000000012 0 599347 0.25880000000000003 0.00027906976744174194
1645237354031 2 11.68885800000001 0 609977 0.2643 0.00027906976744174194
1645237357750 2 11.934449 0 604926 0.2622 0.00027906976744174194
1645237361937 2 11.665118000000007 0 594986 0.25830000000000003 0.00027906976744174194
1645237366094 2 11.656104999999997 0 588726 0.2555 0.00027906976744174194
1645237369954 2 11.644971999999996 0 523106 0.22610000000000002 0.00027906976744174194
1645237373739 2 11.889438000000013 0 618775 0.2687 0.00027906976744174194
1645237378115 2 11.63324399999999 0 642262 0.27799999999999997 0.00027906976744174194
1645237382117 2 11.624651999999998 0 553119 0.2398 0.00027906976744174194
1645237385993 2 11.619157000000001 0 640678 0.277 0.00027906976744174194
1645237389907 2 11.86462800000001 0 535087 0.23090000000000002 0.00027906976744174194
1645237393798 2 11.853619000000009 0 645101 0.2794 0.00027906976744174194
1645237397752 2 11.844402000000002 0 542740 0.23490000000000003 0.00027906976744174194
1645237402100 2 11.588637000000006 0 635250 0.27490000000000003 0.00027906976744174194
1645237405831 2 11.830737999999997 0 607370 0.2627 0.00027906976744174194
1645237410037 2 11.57414 0 601045 0.26070000000000004 0.00027906976744174194
1645237413764 2 11.81995599999999 0 605033 0.2629 0.00027906976744174194
1645237418153 2 11.433010999999993 0 530643 0.2294 0.00027906976744174194
1645237422148 2 11.550555000000003 0 652691 0.2827 0.00027906976744174194
1645237425895 2 11.79003800000001 0 609815 0.2643 0.00027906976744174194
1645237429855 2 11.780473 0 544612 0.2358 0.00027906976744174194
1645237434202 2 11.517330000000015 0 632508 0.27440000000000003 0.00027906976744174194
1645237437830 2 11.757852000000014 0 583029 0.2522 0.00027906976744174194
1645237442066 2 11.749988000000002 0 609324 0.2636 0.00027906976744174194
1645237445735 2 11.992964 0 593619 0.25739999999999996 0.00027906976744174194
1645237450000 2 11.733274999999992 0 613859 0.2665 0.00027906976744174194
1645237453743 2 11.974599000000012 0 608720 0.26389999999999997 0.00027906976744174194
1645237457971 2 11.715032000000008 0 606705 0.2624 0.00027906976744174194
1645237461641 2 11.959394000000003 0 593343 0.25680000000000003 0.00027906976744174194
1645237465791 2 11.952641000000028 0 587405 0.2543 0.00027906976744174194
1645237470102 2 11.691636000000017 0 509910 0.2206 0.00027906976744174194
1645237473912 2 11.678489000000013 0 624112 0.2711 0.00027906976744174194
1645237477753 2 11.915503999999999 0 631553 0.274 0.00027906976744174194
1645237481771 2 11.909096999999974 0 558385 0.24159999999999998 0.00027906976744174194
1645237486151 2 11.650993000000028 0 642127 0.2779 0.00027906976744174194
1645237490051 2 11.633533999999997 0 530123 0.2299 0.00027906976744174194
1645237493948 2 11.626635000000022 0 646460 0.2798 0.00027906976744174194
1645237497898 2 11.867342000000008 0 544018 0.2352 0.00027906976744174194
1645237501779 2 11.858832000000007 0 639772 0.2777 0.00027906976744174194
1645237506044 2 11.60198600000001 0 616543 0.2665 0.00027906976744174194
1645237510191 2 11.584987000000012 0 585544 0.2546 0.00027906976744174194
1645237513921 2 11.822884999999985 0 607252 0.2631 0.00027906976744174194
1645237517846 2 11.81341100000003 0 534940 0.23159999999999997 0.00027906976744174194
1645237522211 2 11.557622999999978 0 638300 0.2765 0.00027906976744174194
1645237526029 2 11.790138000000013 0 626429 0.2712 0.00027906976744174194
1645237529969 2 11.78269899999998 0 538866 0.2334 0.00027906976744174194
1645237533836 2 11.769020000000012 0 636237 0.2763 0.00027906976744174194

