1645239722496 1 3.999999 2234 346799 0.2112 -9.6062
1645239723975 0 6.536338 0 213385 0.1289 0.00017441860465117198
1645239724946 0 9.566602000000001 0 141806 0.0868 0.00006976744186043549
1645239726730 0 11.969112 0 112578 0.0683 0.00006976744186043549
1645239730897 1 11.709954999999999 0 339137 0.20659999999999998 0.000069767441860491
1645239734889 1 11.703662999999999 0 393219 0.23889999999999997 0.00017441860465117198
1645239738957 1 11.692829 0 406206 0.24689999999999998 0.00017441860465117198
1645239742904 1 11.689436 0 303135 0.1845 0.00017441860465117198
1645239747026 1 11.674596000000001 0 414092 0.2519 0.00017441860465117198
1645239750691 1 11.916754000000001 0 337705 0.20579999999999998 0.00017441860465117198
1645239755026 1 11.654098000000005 0 366374 0.2232 0.00017441860465117198
1645239758769 1 11.897352000000005 0 352030 0.21389999999999998 0.00017441860465117198
1645239762628 1 11.892417000000002 0 371605 0.22610000000000002 0.00017441860465117198
1645239767090 1 11.629097999999999 0 385670 0.2352 0.00017441860465117198
1645239770970 1 11.623563000000004 0 374050 0.2279 0.00017441860465117198
1645239774806 1 11.868146000000003 0 367058 0.2233 0.00017441860465117198
1645239778723 1 11.856604000000004 0 377983 0.2314 0.00017441860465117198
1645239782817 1 11.849771000000004 0 326924 0.1985 0.00017441860465117198
1645239786773 1 11.836211000000006 0 388939 0.23620000000000002 0.00017441860465117198
1645239790759 1 11.828817 0 392939 0.2387 0.00017441860465117198
1645239795068 1 11.571112 0 362131 0.2204 0.00017441860465117198
1645239799119 1 11.565562999999997 0 402712 0.2454 0.00017441860465117198
1645239802721 1 11.803520000000006 0 327400 0.1993 0.00017441860465117198
1645239806759 1 11.796952000000005 0 401133 0.244 0.00017441860465117198
1645239810797 1 11.791547000000008 0 317452 0.1937 0.00017441860465117198
1645239814770 1 11.777034 0 391753 0.238 0.00017441860465117198
1645239819219 1 11.520111999999997 0 384934 0.2344 0.00017441860465117198
1645239823047 1 11.510677000000001 0 367179 0.2232 0.00017441860465117198
1645239827004 1 11.506085999999996 0 387965 0.23610000000000003 0.00017441860465117198
1645239831134 1 11.498686000000006 0 333821 0.20329999999999998 0.00017441860465117198
1645239834633 1 11.993891000000005 0 394452 0.2399 0.00017441860465117198
1645239838719 1 11.990172999999999 0 409513 0.2485 0.00017441860465117198
1645239842686 1 11.975025000000002 0 307174 0.1865 0.00017441860465117198
1645239846846 1 11.717453000000006 0 420407 0.2556 0.00017441860465117198
1645239851017 1 11.709520999999995 0 340231 0.20659999999999998 0.00017441860465117198
1645239854899 1 11.703451000000001 0 374730 0.22799999999999998 0.00017441860465117198
1645239858638 1 11.946495999999996 0 353022 0.21400000000000002 0.00017441860465117198
1645239862623 1 11.94210000000001 0 393253 0.23889999999999997 0.00017441860465117198
1645239866969 1 11.688407000000012 0 368813 0.2237 0.00017441860465117198
1645239870835 1 11.681926000000004 0 372578 0.22690000000000002 0.00017441860465117198
1645239874717 1 11.926095000000004 0 374507 0.2283 0.00017441860465117198
1645239879085 1 11.66590500000001 0 372824 0.22679999999999997 0.00017441860465117198
1645239882676 1 11.90858 0 326437 0.1985 0.00017441860465117198
1645239887104 1 11.651251000000002 0 383127 0.2334 0.00017441860465117198
1645239890645 1 11.890172000000007 0 400632 0.2435 0.00017441860465117198
1645239894829 1 11.882936 0 342596 0.2085 0.00017441860465117198
1645239898914 1 11.626317 0 407655 0.2481 0.00017441860465117198
1645239903066 1 11.61765600000001 0 337450 0.20529999999999998 0.00017441860465117198
1645239907130 1 11.612566000000015 0 404220 0.2465 0.00017441860465117198
1645239910753 1 11.854324999999989 0 331794 0.202 0.00017441860465117198
1645239914731 1 11.84837300000001 0 390086 0.23700000000000002 0.00017441860465117198
1645239918697 1 11.841671999999988 0 387516 0.2364 0.00017441860465117198
1645239923020 1 11.584365999999989 0 365827 0.22210000000000002 0.00017441860465117198
1645239927019 1 11.575980000000015 0 392579 0.2399 0.00017441860465117198
1645239931179 1 11.567443999999995 0 337939 0.20590000000000003 0.00017441860465117198
1645239934758 1 11.811302000000012 0 406896 0.248 0.00017441860465117198
1645239938729 1 11.80474799999999 0 390582 0.2367 0.00017441860465117198
1645239942828 1 11.797054000000003 0 328479 0.2003 0.00017441860465117198
1645239946850 1 11.790715000000006 0 399016 0.2428 0.00017441860465117198
1645239951220 1 11.50022899999999 0 370990 0.2259 0.00017441860465117198
1645239954587 1 11.980323999999996 0 371149 0.22610000000000002 0.00017441860465117198
1645239958982 1 11.712152000000003 0 372261 0.227 0.00017441860465117198
1645239962977 1 11.704106999999993 0 394237 0.2399 0.00017441860465117198
1645239966810 1 11.945234 0 368311 0.2231 0.00017441860465117198
1645239970721 1 11.933982000000015 0 381418 0.23159999999999997 0.00017441860465117198
1645239975066 1 11.676148000000012 0 368451 0.2245 0.00017441860465117198
1645239978933 1 11.667651999999975 0 371908 0.227 0.00017441860465117198
1645239983031 1 11.66114600000003 0 328352 0.1993 0.00017441860465117198
1645239986949 1 11.654423000000008 0 379027 0.22949999999999998 0.00017441860465117198
1645239991042 1 11.644599000000028 0 407465 0.2479 0.00017441860465117198
1645239994673 1 11.881852999999978 0 333046 0.20299999999999999 0.00017441860465117198
1645239998819 1 11.874834000000021 0 416856 0.2548 0.00017441860465117198
1645240002963 1 11.618113999999991 0 335171 0.20390000000000003 0.00017441860465117198
1645240007004 1 11.614435000000014 0 401613 0.2434 0.00017441860465117198
1645240010659 1 11.858473000000004 0 337330 0.2062 0.00017441860465117198
1645240015142 1 11.601477999999986 0 391244 0.238 0.00017441860465117198
1645240019152 1 11.583624999999984 0 387864 0.23700000000000002 0.00017441860465117198
1645240022982 1 11.544741999999985 0 363813 0.22149999999999997 0.00017441860465117198
1645240026976 1 11.783859000000007 0 391839 0.2379 0.00017441860465117198
1645240031130 1 11.520057000000008 0 336898 0.2043 0.00017441860465117198
1645240035043 1 11.504998 0 381135 0.23149999999999998 0.00017441860465117198
1645240038992 1 11.747254999999996 0 386654 0.2344 0.00017441860465117198
1645240042714 1 11.98720800000001 0 347396 0.2121 0.00017441860465117198
1645240046712 1 11.97703100000001 0 392538 0.23889999999999997 0.00017441860465117198

