1645233287870 1 3.999999 1463 346799 0.1351 -6.2909
1645233288920 0 6.957688 0 213385 0.0834 0.00017441860465117198
1645233289576 0 10.300961000000001 0 141806 0.05600000000000001 0.00006976744186043549
1645233292112 0 11.964478 0 112578 0.0438 0.00006976744186043549
1645233296055 0 11.960244 0 80671 0.034300000000000004 0.00006976744186043549
1645233299951 0 11.953987999999999 0 68729 0.029699999999999997 0.00006976744186043549
1645233304121 0 11.942104 0 137895 0.05669999999999999 0.00006976744186043549
1645233308203 0 11.682333999999997 0 114138 0.0479 0.00006976744186043549
1645233312332 0 11.667791000000001 0 126013 0.052700000000000004 0.00006976744186043549
1645233316312 0 11.658541000000003 0 217236 0.088 0.00006976744186043549
1645233320302 0 11.650661 0 219398 0.0885 0.00006976744186043549
1645233324124 0 11.893986000000005 0 177648 0.0722 0.00006976744186043549
1645233328406 0 11.633607000000005 0 166856 0.06820000000000001 0.00006976744186043549
1645233332428 0 11.62659 0 223685 0.0903 0.00006976744186043549
1645233336387 0 11.618045000000002 0 206455 0.0833 0.00006976744186043549
1645233340506 0 11.610780000000005 0 121534 0.0508 0.00006976744186043549
1645233344039 0 11.855406000000002 0 105092 0.0428 0.00006976744186043549
1645233348413 0 11.595548 0 63086 0.027500000000000004 0.00006976744186043549
1645233352381 0 11.587722 0 87739 0.0373 0.00006976744186043549
1645233356122 0 11.829002000000003 0 152905 0.0623 0.00006976744186043549
1645233360154 0 11.821927000000002 0 100587 0.0427 0.00006976744186043549
1645233364510 0 11.563637999999997 0 186001 0.0752 0.00006976744186043549
1645233368430 0 11.552754000000007 0 201620 0.08199999999999999 0.00006976744186043549
1645233372410 0 11.548200000000008 0 218012 0.0881 0.00006976744186043549
1645233376518 0 11.537261 0 123058 0.0505 0.00006976744186043549
1645233380435 0 11.531620000000004 0 198856 0.081 0.00006976744186043549
1645233384527 0 11.521910000000005 0 223061 0.0903 0.00006976744186043549
1645233388217 0 11.763489000000007 0 143385 0.059399999999999994 0.00006976744186043549
1645233392303 0 11.754547000000002 0 117021 0.0485 0.00006976744186043549
1645233396262 0 11.746047000000004 0 83595 0.035699999999999996 0.00006976744186043549
1645233400164 0 11.739567000000008 0 68011 0.0298 0.00006976744186043549
1645233404310 0 11.735239000000007 0 134264 0.055200000000000006 0.00006976744186043549
1645233408381 0 11.727315000000004 0 113722 0.047099999999999996 0.00006976744186043549
1645233411995 0 11.966802000000001 0 122694 0.0511 0.00006976744186043549
1645233415961 0 11.96261100000001 0 215146 0.0869 0.00006976744186043549
1645233419925 0 11.953284999999994 0 213339 0.0864 0.00006976744186043549
1645233424255 0 11.688843999999989 0 176949 0.07239999999999999 0.00006976744186043549
1645233428011 0 11.932380999999992 0 158356 0.06570000000000001 0.00006976744186043549
1645233432010 0 11.921448999999996 0 219852 0.08940000000000001 0.00006976744186043549
1645233436417 0 11.51405299999999 0 196864 0.08030000000000001 0.00006976744186043549
1645233440005 0 11.912721000000005 0 116610 0.048299999999999996 0.00006976744186043549
1645233444050 0 11.902428000000015 0 107223 0.0444 0.00006976744186043549
1645233448428 0 11.647740999999996 0 64332 0.027600000000000003 0.00006976744186043549
1645233452417 0 11.641487000000012 0 88753 0.0372 0.00006976744186043549
1645233456158 0 11.88662500000001 0 153489 0.0638 0.00006976744186043549
1645233460179 0 11.881954000000007 0 101805 0.0424 0.00006976744186043549
1645233464039 0 11.872702000000004 0 186822 0.0764 0.00006976744186043549
1645233468453 0 11.618426 0 200149 0.0817 0.00006976744186043549
1645233472423 0 11.608944000000008 0 215305 0.0869 0.00006976744186043549
1645233476055 0 11.856290000000001 0 128759 0.0533 0.00006976744186043549
1645233480458 0 11.60198299999999 0 199367 0.0801 0.00006976744186043549
1645233484451 0 11.59475900000001 0 220759 0.0887 0.00006976744186043549
1645233488171 0 11.835307999999998 0 149511 0.0618 0.00006976744186043549
1645233492269 0 11.824314000000015 0 118879 0.0491 0.00006976744186043549
1645233496246 0 11.819375000000008 0 85418 0.0373 0.00006976744186043549
1645233500147 0 11.809578000000016 0 68807 0.0294 0.00006976744186043549
1645233504301 0 11.79960299999999 0 132565 0.0546 0.00006976744186043549
1645233508396 0 11.534583999999995 0 117262 0.048799999999999996 0.00006976744186043549
1645233512480 0 11.524462 0 116418 0.0484 0.00006976744186043549
1645233516480 0 11.51478800000001 0 223024 0.09040000000000001 0.00006976744186043549
1645233520451 0 11.506484999999998 0 214538 0.0868 0.00006976744186043549
1645233524279 0 11.748436999999996 0 178191 0.0731 0.00006976744186043549
1645233528042 0 11.988672000000008 0 161454 0.06570000000000001 0.00006976744186043549
1645233532002 0 11.983666 0 212225 0.0858 0.00006976744186043549
1645233535903 0 11.977444999999989 0 195858 0.0799 0.00006976744186043549
1645233539997 0 11.97029599999999 0 119665 0.0492 0.00006976744186043549
1645233544049 0 11.961244000000022 0 108667 0.0454 0.00006976744186043549
1645233547928 0 11.954309000000023 0 64782 0.027700000000000002 0.00006976744186043549
1645233552399 0 11.700358999999992 0 87523 0.0372 0.00006976744186043549
1645233556137 0 11.94327400000003 0 155607 0.0643 0.00006976744186043549
1645233560149 0 11.938139999999976 0 100404 0.041499999999999995 0.00006976744186043549
1645233563991 0 11.932005000000004 0 183614 0.0744 0.00006976744186043549
1645233568399 0 11.672886000000005 0 197686 0.0806 0.00006976744186043549
1645233572375 0 11.668542000000002 0 217520 0.0879 0.00006976744186043549
1645233576017 0 11.910469999999975 0 132353 0.05450000000000001 0.00006976744186043549
1645233580425 0 11.65609999999998 0 199853 0.0806 0.00006976744186043549
1645233584434 0 11.650994000000026 0 225614 0.091 0.00006976744186043549
1645233588151 0 11.892203999999992 0 150477 0.0617 0.00006976744186043549
1645233592245 0 11.63628399999999 0 117995 0.049 0.00006976744186043549
1645233596215 0 11.875563999999997 0 86503 0.0369 0.00006976744186043549
1645233600105 0 11.866211000000021 0 67335 0.0289 0.00006976744186043549
1645233604252 0 11.856531000000018 0 132169 0.0548 0.00006976744186043549
1645233608342 0 11.600324 0 118800 0.0491 0.00006976744186043549
1645233612429 0 11.592955000000018 0 116618 0.0484 0.00006976744186043549
1645233616437 0 11.490685999999982 0 222296 0.08990000000000001 0.00006976744186043549

