1645238604593 1 3.999999 983 346799 0.0854 -4.2269
1645238608028 4 4.573143999999999 0 1312552 0.32280000000000003 0.000174418604651283
1645238611534 4 5.0635460000000005 0 1383123 0.3399 0.000662790697674609
1645238615214 4 5.386619000000001 0 1451767 0.357 0.000662790697674609
1645238618532 4 6.065382999999999 0 1308083 0.31989999999999996 0.000662790697674609
1645238621830 4 6.767520999999999 0 1299338 0.3195 0.000662790697674609
1645238625509 4 7.0903269999999985 0 1453833 0.35710000000000003 0.000662790697674609
1645238628753 4 7.843297999999997 0 1280990 0.3145 0.000662790697674609
1645238632826 4 7.775274000000003 0 1612910 0.39649999999999996 0.000662790697674609
1645238635916 4 8.686684000000003 0 1213987 0.29860000000000003 0.000662790697674609
1645238639416 4 9.182014000000002 0 1380918 0.3393 0.000662790697674609
1645238642804 4 9.797747000000001 0 1334467 0.32789999999999997 0.000662790697674609
1645238646532 4 10.066872000000004 0 1463126 0.3597 0.000662790697674609
1645238650138 4 10.460708000000004 0 1421742 0.35 0.000662790697674609
1645238653777 4 10.825133000000001 0 1436771 0.3533 0.000662790697674609
1645238657382 4 11.214760000000005 0 1425347 0.35059999999999997 0.000662790697674609
1645238660836 4 11.761792 0 1366001 0.3355 0.000662790697674609
1645238665090 4 11.608856000000003 0 1281785 0.3149 0.000662790697674609
1645238668933 4 11.666308999999998 0 1514044 0.3719 0.000662790697674609
1645238673053 4 11.593412 0 1432783 0.35150000000000003 0.000662790697674609
1645238676599 4 11.998058 0 1401397 0.34409999999999996 0.000662790697674609
1645238680770 4 11.82673100000001 0 1450362 0.35609999999999997 0.000662790697674609
1645238684983 4 11.813490999999999 0 1266375 0.3113 0.000662790697674609
1645238688768 4 11.829047000000003 0 1497932 0.3684 0.000662790697674609
1645238695235 4 9.362779000000003 0 1308773 0.6362 0.000662790697674609
1645238697993 3 10.603588000000002 0 978032 0.2473 0.0006627906976743869
1645238700881 3 11.782485000000008 0 934237 0.2293 0.00043023255813956496
1645238705174 3 11.518093000000007 0 889600 0.2185 0.00043023255813956496
1645238709224 3 11.508204000000006 0 988774 0.2445 0.00043023255813956496
1645238712818 3 11.999482999999998 0 808061 0.199 0.00043023255813956496
1645238717073 4 11.741743 0 1480768 0.3635 0.00043023255813956496
1645238720806 4 11.794962999999996 0 1473992 0.3625 0.000662790697674609
1645238725123 4 11.717105000000004 0 1306146 0.32080000000000003 0.000662790697674609
1645238729078 4 11.521369000000007 0 1565699 0.3849 0.000662790697674609
1645238732801 4 11.948180000000008 0 1268922 0.3121 0.000662790697674609
1645238736866 4 11.93530100000001 0 1406335 0.3456 0.000662790697674609
1645238740866 4 11.927084000000008 0 1381377 0.3399 0.000662790697674609
1645238745097 4 11.664984000000004 0 1475162 0.3625 0.000662790697674609
1645238748724 4 11.87360000000001 0 1430482 0.3517 0.000662790697674609
1645238752879 4 11.898153000000008 0 1439994 0.354 0.000662790697674609
1645238756931 4 11.889006999999992 0 1405476 0.34500000000000003 0.000662790697674609
1645238760934 4 11.88086100000001 0 1382866 0.33940000000000003 0.000662790697674609
1645238764749 4 11.87030200000001 0 1303196 0.3207 0.000662790697674609
1645238768632 4 11.968488000000008 0 1538814 0.3781 0.000662790697674609
1645238773233 4 11.601123000000001 0 1423261 0.3497 0.000662790697674609
1645238776731 4 11.866969000000012 0 1377859 0.3387 0.000662790697674609
1645238781265 4 11.57755499999999 0 1396488 0.3431 0.000662790697674609
1645238784980 4 11.820098999999999 0 1265878 0.31120000000000003 0.000662790697674609
1645238788706 4 11.895859000000002 0 1474721 0.3626 0.000662790697674609
1645238793150 4 11.549445999999989 0 1357016 0.3339 0.000662790697674609
1645238796975 4 11.621803 0 1508969 0.3708 0.000662790697674609
1645238801079 4 11.518796000000009 0 1420161 0.34900000000000003 0.000662790697674609
1645238804615 4 11.982067999999998 0 1394798 0.3435 0.000662790697674609
1645238808899 4 11.754233999999997 0 1499654 0.3681 0.000662790697674609
1645238812759 4 11.997286000000003 0 1323592 0.3255 0.000662790697674609
1645238816986 4 11.734448000000015 0 1477260 0.3629 0.000662790697674609
1645238820710 4 11.885790000000014 0 1474833 0.36269999999999997 0.000662790697674609
1645238825013 4 11.722466999999995 0 1299401 0.31930000000000003 0.000662790697674609
1645238829044 4 11.553934999999996 0 1595638 0.392 0.000662790697674609
1645238832811 4 11.955534 0 1282380 0.3147 0.000662790697674609
1645238836861 4 11.948735999999997 0 1402228 0.3446 0.000662790697674609
1645238840926 4 11.683819 0 1404885 0.3462 0.000662790697674609
1645238844598 4 11.99942200000001 0 1453425 0.3574 0.000662790697674609
1645238848779 4 11.90186 0 1453998 0.35819999999999996 0.000662790697674609
1645238852877 4 11.893449000000004 0 1424197 0.35009999999999997 0.000662790697674609
1645238856944 4 11.884889000000015 0 1409895 0.3458 0.000662790697674609
1645238860942 4 11.850093000000015 0 1381516 0.3392 0.000662790697674609
1645238865228 4 11.607549000000006 0 1298461 0.319 0.000662790697674609
1645238869090 4 11.506590000000017 0 1530017 0.3759 0.000662790697674609
1645238872733 4 11.86860200000001 0 1437352 0.353 0.000662790697674609
1645238877141 4 11.581983999999977 0 1344879 0.3298 0.000662790697674609
1645238880907 4 11.689846999999986 0 1490910 0.3665 0.000662790697674609
1645238885114 4 11.553844000000026 0 1264017 0.311 0.000662790697674609
1645238888823 4 11.782647999999995 0 1458446 0.3587 0.000662790697674609
1645238893282 4 11.53639800000002 0 1366050 0.3357 0.000662790697674609
1645238897165 4 11.433880999999985 0 1540108 0.3785 0.000662790697674609
1645238900759 4 11.837936000000013 0 1421303 0.3493 0.000662790697674609
1645238904707 4 11.98329799999999 0 1359213 0.3342 0.000662790697674609
1645238909029 4 11.719379000000004 0 1514199 0.37229999999999996 0.000662790697674609
1645238912822 4 11.958157000000028 0 1296661 0.3187 0.000662790697674609
1645238916724 4 11.957574000000022 0 1340186 0.3296 0.000662790697674609
1645238920962 4 11.699340000000007 0 1478975 0.3635 0.000662790697674609
1645238924862 4 11.940046999999993 0 1342511 0.32999999999999996 0.000662790697674609
1645238928739 4 11.858678999999995 0 1527618 0.3766 0.000662790697674609
1645238933027 4 11.671446000000003 0 1297467 0.3187 0.000662790697674609

