1645253090659 1 3.999999 830 346799 0.07089999999999999 -3.569
1645253093541 4 5.132254 0 1312552 0.26739999999999997 0.000174418604651283
1645253096464 4 6.209745000000001 0 1383123 0.2821 0.000662790697674609
1645253099531 4 7.146577000000001 0 1451767 0.2958 0.000662790697674609
1645253102302 4 8.370900999999998 0 1308083 0.267 0.000662790697674609
1645253105048 4 9.624419999999999 0 1299338 0.2652 0.000662790697674609
1645253108123 4 10.550736999999998 0 1453833 0.29700000000000004 0.000662790697674609
1645253110843 4 11.830265 0 1280990 0.26139999999999997 0.000662790697674609
1645253115248 4 11.530811000000003 0 1612910 0.3289 0.000662790697674609
1645253119329 4 11.522754000000003 0 1213987 0.24700000000000003 0.000662790697674609
1645253123243 4 11.517747 0 1380918 0.28159999999999996 0.000662790697674609
1645253127065 4 11.756161000000006 0 1334467 0.272 0.000662790697674609
1645253131151 4 11.740152000000002 0 1463126 0.2983 0.000662790697674609
1645253135156 4 11.735683000000002 0 1421742 0.2902 0.000662790697674609
1645253139190 4 11.728595000000006 0 1436771 0.2931 0.000662790697674609
1645253143199 4 11.718655000000005 0 1425347 0.2904 0.000662790697674609
1645253147088 4 11.714431000000005 0 1366001 0.2786 0.000662790697674609
1645253150805 4 11.953455000000005 0 1281785 0.2616 0.000662790697674609
1645253154990 4 11.696503000000007 0 1514044 0.3085 0.000662790697674609
1645253159019 4 11.685450000000003 0 1432783 0.2922 0.000662790697674609
1645253162982 4 11.928562 0 1401397 0.2858 0.000662790697674609
1645253167049 4 11.670406 0 1450362 0.29569999999999996 0.000662790697674609
1645253171233 4 11.660564000000008 0 1266375 0.25830000000000003 0.000662790697674609
1645253174888 4 11.902192 0 1497932 0.3049 0.000662790697674609
1645253179170 4 11.647293000000005 0 1308773 0.2672 0.000662790697674609
1645253182861 4 11.890768000000008 0 1516715 0.3089 0.000662790697674609
1645253186855 4 11.883628000000002 0 1407805 0.2883 0.000662790697674609
1645253190808 4 11.870975000000001 0 1394624 0.2847 0.000662790697674609
1645253194985 4 11.865520000000004 0 1502056 0.3066 0.000662790697674609
1645253199187 4 11.604503000000008 0 1276395 0.26030000000000003 0.000662790697674609
1645253203302 4 11.600119000000007 0 1480768 0.3016 0.000662790697674609
1645253206918 4 11.83891700000001 0 1473992 0.3004 0.000662790697674609
1645253211185 4 11.574381000000002 0 1306146 0.2667 0.000662790697674609
1645253214984 4 11.818151999999998 0 1565699 0.3196 0.000662790697674609
1645253219173 4 11.558438999999993 0 1268922 0.2591 0.000662790697674609
1645253223176 4 11.550150000000002 0 1406335 0.28690000000000004 0.000662790697674609
1645253227101 4 11.78596300000001 0 1381377 0.282 0.000662790697674609
1645253231217 4 11.523401000000007 0 1475162 0.3008 0.000662790697674609
1645253235238 4 11.518619999999999 0 1430482 0.2919 0.000662790697674609
1645253239274 4 11.510138000000012 0 1439994 0.29369999999999996 0.000662790697674609
1645253243243 4 11.507346000000013 0 1405476 0.2858 0.000662790697674609
1645253247166 4 11.750948999999991 0 1382866 0.2823 0.000662790697674609
1645253250924 4 11.993236999999993 0 1303196 0.26539999999999997 0.000662790697674609
1645253255166 4 11.735593999999992 0 1538814 0.31389999999999996 0.000662790697674609
1645253259170 4 11.724176999999997 0 1423261 0.2903 0.000662790697674609
1645253263082 4 11.720186000000012 0 1377859 0.2815 0.000662790697674609
1645253267037 4 11.708210000000008 0 1396488 0.2848 0.000662790697674609
1645253270731 4 11.951426999999995 0 1265878 0.2585 0.000662790697674609
1645253274846 4 11.941463999999996 0 1474721 0.3009 0.000662790697674609
1645253279228 4 11.685717000000011 0 1357016 0.2774 0.000662790697674609
1645253282913 4 11.923934000000003 0 1508969 0.3079 0.000662790697674609
1645253286934 4 11.908065999999991 0 1420161 0.2891 0.000662790697674609
1645253290882 4 11.902038000000005 0 1394798 0.2844 0.000662790697674609
1645253295049 4 11.641256999999996 0 1499654 0.3059 0.000662790697674609
1645253298853 4 11.885170000000016 0 1323592 0.2701 0.000662790697674609
1645253302976 4 11.873272000000014 0 1477260 0.3014 0.000662790697674609
1645253307083 4 11.619703000000015 0 1474833 0.3006 0.000662790697674609
1645253310833 4 11.862033999999994 0 1299401 0.2651 0.000662790697674609
1645253315198 4 11.604056000000014 0 1595638 0.3255 0.000662790697674609
1645253318918 4 11.844150000000013 0 1282380 0.2618 0.000662790697674609
1645253322894 4 11.83875900000001 0 1402228 0.2863 0.000662790697674609
1645253326858 4 11.82759200000001 0 1404885 0.286 0.000662790697674609
1645253330918 4 11.820701000000014 0 1453425 0.2964 0.000662790697674609
1645253334997 4 11.811472000000009 0 1453998 0.2968 0.000662790697674609
1645253339002 4 11.803680000000014 0 1424197 0.2905 0.000662790697674609
1645253342978 4 11.788707000000016 0 1409895 0.2878 0.000662790697674609
1645253346898 4 11.776566000000003 0 1381516 0.2819 0.000662790697674609
1645253351152 4 11.759612000000004 0 1298461 0.2651 0.000662790697674609
1645253354879 4 11.999000000000024 0 1530017 0.3123 0.000662790697674609
1645253358916 4 11.992652000000021 0 1437352 0.2933 0.000662790697674609
1645253365439 4 9.233873000000017 0 1344879 0.642 0.000662790697674609
1645253367837 3 10.84079300000002 0 972932 0.2072 0.0006627906976743869
1645253371079 3 11.668693000000019 0 807690 0.1647 0.00043023255813956496
1645253375209 3 11.659441000000015 0 968173 0.2008 0.00043023255813956496
1645253379168 3 11.655110999999977 0 872734 0.186 0.00043023255813956496
1645253382813 3 11.897847000000013 0 991679 0.2045 0.00043023255813956496
1645253386817 4 11.891642999999988 0 1421303 0.28969999999999996 0.00043023255813956496
1645253391199 4 11.631991000000028 0 1359213 0.2773 0.000662790697674609
1645253394888 4 11.877118999999993 0 1514199 0.3085 0.000662790697674609
1645253399216 4 11.616469999999993 0 1296661 0.2731 0.000662790697674609
1645253403059 4 11.86048199999999 0 1340186 0.2732 0.000662790697674609
1645253407192 4 11.599355000000003 0 1478975 0.3019 0.000662790697674609
1645253411031 4 11.845375999999987 0 1342511 0.274 0.000662790697674609
1645253415262 4 11.584831000000008 0 1527618 0.3121 0.000662790697674609
1645253419010 4 11.826166 0 1297467 0.2649 0.000662790697674609

