1645250611930 1 3.999999 2156 346799 0.2031 -9.2708
1645250615075 2 4.869569 0 500350 0.2935 0.000174418604651283
1645250618371 2 5.5707 0 545518 0.31920000000000004 0.00027906976744174194
1645250621907 2 6.035882000000001 0 584100 0.3432 0.00027906976744174194
1645250625020 2 6.923423999999999 0 512169 0.2999 0.00027906976744174194
1645250628511 2 7.4326599999999985 0 578121 0.3386 0.00027906976744174194
1645250632366 2 7.582383 0 636691 0.3721 0.00027906976744174194
1645250635517 2 8.424744 0 519743 0.3049 0.00027906976744174194
1645250639456 2 8.486540000000002 0 653153 0.3841 0.00027906976744174194
1645250642685 2 9.256584000000004 0 531618 0.3127 0.00027906976744174194
1645250646234 2 9.708632000000001 0 588952 0.3448 0.00027906976744174194
1645250649702 2 10.239215000000002 0 575427 0.3368 0.00027906976744174194
1645250653218 2 10.724213000000006 0 582800 0.3413 0.00027906976744174194
1645250656952 2 10.990624000000004 0 619183 0.36269999999999997 0.00027906976744174194
1645250660534 2 11.409321000000006 0 592095 0.34750000000000003 0.00027906976744174194
1645250664085 2 11.857296000000005 0 588643 0.3446 0.00027906976744174194
1645250668235 2 11.783967000000004 0 604781 0.3536 0.00027906976744174194
1645250672286 2 11.773347000000001 0 504428 0.2949 0.00027906976744174194
1645250675961 2 11.980216999999996 0 608117 0.3574 0.00027906976744174194
1645250680351 2 11.752166000000003 0 645520 0.3789 0.00027906976744174194
1645250684223 2 11.740542000000005 0 557793 0.3271 0.00027906976744174194
1645250688052 2 11.889071999999999 0 635530 0.3726 0.00027906976744174194
1645250692201 2 11.962396999999996 0 520041 0.305 0.00027906976744174194
1645250696161 2 11.782140999999996 0 656205 0.3859 0.00027906976744174194
1645250700288 2 11.69596 0 516287 0.30179999999999996 0.00027906976744174194
1645250704070 2 11.871752999999998 0 627180 0.3681 0.00027906976744174194
1645250708223 2 11.929561000000007 0 603841 0.3548 0.00027906976744174194
1645250712241 2 11.921990000000008 0 582703 0.3415 0.00027906976744174194
1645250716037 2 11.904864000000003 0 626605 0.3669 0.00027906976744174194
1645250720289 2 11.654517999999996 0 535113 0.313 0.00027906976744174194
1645250724137 2 11.804764000000006 0 638212 0.3733 0.00027906976744174194
1645250728341 2 11.631135 0 615017 0.3601 0.00027906976744174194
1645250732075 2 11.871516999999997 0 533736 0.313 0.00027906976744174194
1645250736052 2 11.889662999999999 0 661250 0.38730000000000003 0.00027906976744174194
1645250740364 2 11.60849300000001 0 547682 0.3211 0.00027906976744174194
1645250743947 2 11.99426600000001 0 594286 0.3487 0.00027906976744174194
1645250748567 2 11.596795000000014 0 599508 0.3517 0.00027906976744174194
1645250752186 2 11.755153000000007 0 599347 0.3519 0.00027906976744174194
1645250756369 2 11.574809000000016 0 609977 0.3585 0.00027906976744174194
1645250760028 2 11.91399899999999 0 604926 0.3549 0.00027906976744174194
1645250764620 2 11.562112000000013 0 594986 0.3496 0.00027906976744174194
1645250768180 2 11.762574 0 588726 0.34609999999999996 0.00027906976744174194
1645250772354 2 11.791962000000012 0 523106 0.3069 0.00027906976744174194
1645250776084 2 11.858734999999996 0 618775 0.3628 0.00027906976744174194
1645250779967 2 11.974767000000014 0 642262 0.3771 0.00027906976744174194
1645250784318 2 11.773931000000005 0 553119 0.3245 0.00027906976744174194
1645250788175 2 11.766670000000005 0 640678 0.3752 0.00027906976744174194
1645250792416 2 11.759908999999993 0 535087 0.3141 0.00027906976744174194
1645250796310 2 11.63798700000001 0 645101 0.3785 0.00027906976744174194
1645250800097 2 11.993953000000005 0 542740 0.31829999999999997 0.00027906976744174194
1645250804415 2 11.733621 0 635250 0.3714 0.00027906976744174194
1645250808090 2 11.854659999999996 0 607370 0.3567 0.00027906976744174194
1645250812217 2 11.972054000000014 0 601045 0.3527 0.00027906976744174194
1645250816384 2 11.713875999999999 0 605033 0.3556 0.00027906976744174194
1645250820090 2 11.949805999999995 0 530643 0.3103 0.00027906976744174194
1645250824015 2 11.92769899999999 0 652691 0.38239999999999996 0.00027906976744174194
1645250828203 2 11.912169000000006 0 609815 0.3581 0.00027906976744174194
1645250832500 2 11.665680000000009 0 544612 0.3194 0.00027906976744174194
1645250836320 2 11.625536000000011 0 632508 0.3706 0.00027906976744174194
1645250840341 2 11.646769000000006 0 583029 0.3417 0.00027906976744174194
1645250844021 2 11.925630000000012 0 609324 0.35750000000000004 0.00027906976744174194
1645250848112 2 11.88056499999999 0 593619 0.34900000000000003 0.00027906976744174194
1645250852318 2 11.871268000000015 0 613859 0.3601 0.00027906976744174194
1645250855988 2 11.955660999999992 0 608720 0.3565 0.00027906976744174194
1645250860143 2 11.851876000000004 0 606705 0.3557 0.00027906976744174194
1645250864228 2 11.841262 0 593343 0.3479 0.00027906976744174194
1645250868265 2 11.83135900000002 0 587405 0.3437 0.00027906976744174194
1645250872369 2 11.575623000000007 0 509910 0.2998 0.00027906976744174194
1645250876129 2 11.81305100000003 0 624112 0.36619999999999997 0.00027906976744174194
1645250880435 2 11.561689000000001 0 631553 0.3706 0.00027906976744174194
1645250884309 2 11.805988000000013 0 558385 0.3266 0.00027906976744174194
1645250888166 2 11.776245000000017 0 642127 0.3753 0.00027906976744174194
1645250892384 2 11.787014 0 530123 0.31120000000000003 0.00027906976744174194
1645250896282 2 11.660420999999985 0 646460 0.3794 0.00027906976744174194
1645250900565 2 11.517133999999999 0 544018 0.3184 0.00027906976744174194
1645250904432 2 11.51015000000001 0 639772 0.3756 0.00027906976744174194
1645250908154 2 11.78947599999998 0 616543 0.3607 0.00027906976744174194
1645250912187 2 11.985850000000028 0 585544 0.3428 0.00027906976744174194
1645250916361 2 11.731310000000008 0 607252 0.357 0.00027906976744174194
1645250920095 2 11.976444000000015 0 534940 0.31320000000000003 0.00027906976744174194
1645250924511 2 11.676612999999975 0 638300 0.3746 0.00027906976744174194
1645250928284 2 11.657010000000014 0 626429 0.3672 0.00027906976744174194
1645250932060 2 11.901511000000028 0 538866 0.3167 0.00027906976744174194
1645250936387 2 11.637651000000005 0 636237 0.3724 0.00027906976744174194

