1645242855295 1 3.999999 8129 346799 0.7957 -34.954699999999995
1645242860560 0 4.330004 1591 213385 0.4878 -6.841125581395349
1645242863953 0 4.929238000000001 0 141806 0.324 0.00006976744186043549
1645242866632 0 6.249943 0 112578 0.2521 0.00006976744186043549
1645242868551 0 8.331060999999998 0 80671 0.17980000000000002 0.00006976744186043549
1645242870232 0 10.649873999999999 0 68729 0.1562 0.00006976744186043549
1645242873514 0 11.369166999999997 0 137895 0.31589999999999996 0.00006976744186043549
1645242877272 0 11.624851 0 114138 0.2638 0.00006976744186043549
1645242881311 0 11.618048000000002 0 126013 0.2919 0.00006976744186043549
1645242886440 0 10.443065000000004 0 217236 0.5001 0.00006976744186043549
1645242891726 0 9.160291 0 219398 0.5003 0.00006976744186043549
1645242895914 0 8.967604000000001 0 177648 0.4043 0.00006976744186043549
1645242899873 0 9.008466000000006 0 166856 0.3798 0.00006976744186043549
1645242905158 0 7.724542 0 223685 0.5122 0.00006976744186043549
1645242910151 0 6.730675000000005 0 206455 0.47190000000000004 0.00006976744186043549
1645242913075 0 7.807389000000001 0 121534 0.2759 0.00006976744186043549
1645242915592 0 9.291069 0 105092 0.23610000000000003 0.00006976744186043549
1645242917155 0 11.731338000000001 0 63086 0.1399 0.00006976744186043549
1645242921280 0 11.759203999999997 0 87739 0.2 0.00006976744186043549
1645242924913 0 11.968607000000006 0 152905 0.3518 0.00006976744186043549
1645242929353 0 11.742840999999999 0 100587 0.2319 0.00006976744186043549
1645242933754 0 11.128945000000002 0 186001 0.4277 0.00006976744186043549
1645242938513 0 10.368756000000005 0 201620 0.46399999999999997 0.00006976744186043549
1645242943633 0 9.24862300000001 0 218012 0.49989999999999996 0.00006976744186043549
1645242946711 0 10.17074000000001 0 123058 0.27999999999999997 0.00006976744186043549
1645242951395 0 9.488211000000007 0 198856 0.45199999999999996 0.00006976744186043549
1645242956634 0 8.249111 0 223061 0.5077 0.00006976744186043549
1645242960156 0 8.72702600000001 0 143385 0.3241 0.00006976744186043549
1645242962953 0 9.928905 0 117021 0.26389999999999997 0.00006976744186043549
1645242964952 0 11.930491000000004 0 83595 0.184 0.00006976744186043549
1645242969133 0 11.89443 0 68011 0.1518 0.00006976744186043549
1645242973319 0 11.634447000000009 0 134264 0.308 0.00006976744186043549
1645242977036 0 11.880234000000002 0 113722 0.2601 0.00006976744186043549
1645242981454 0 11.621075000000005 0 122694 0.2801 0.00006976744186043549
1645242986476 0 10.408322999999996 0 215146 0.49189999999999995 0.00006976744186043549
1645242991714 0 9.170023000000015 0 213339 0.48789999999999994 0.00006976744186043549
1645242995914 0 8.96887000000001 0 176949 0.404 0.00006976744186043549
1645242999669 0 9.212168999999989 0 158356 0.3599 0.00006976744186043549
1645243004876 0 8.008112000000011 0 219852 0.5039 0.00006976744186043549
1645243009637 0 7.244844999999998 0 196864 0.4478 0.00006976744186043549
1645243012391 0 8.490778000000006 0 116610 0.2637 0.00006976744186043549
1645243014952 0 9.929141000000016 0 107223 0.24 0.00006976744186043549
1645243017551 0 11.543334000000016 0 64332 0.144 0.00006976744186043549
1645243021215 0 11.786259000000001 0 88753 0.20400000000000001 0.00006976744186043549
1645243025330 0 11.771242 0 153489 0.3518 0.00006976744186043549
1645243029254 0 11.768547000000012 0 101805 0.23210000000000003 0.00006976744186043549
1645243033635 0 11.247803000000005 0 186822 0.42779999999999996 0.00006976744186043549
1645243038355 0 10.527594999999991 0 200149 0.4601 0.00006976744186043549
1645243043396 0 9.488280000000003 0 215305 0.492 0.00006976744186043549
1645243046672 0 10.210081000000002 0 128759 0.29209999999999997 0.00006976744186043549
1645243051353 0 9.529583000000002 0 199367 0.4519 0.00006976744186043549
1645243056555 0 8.328847999999994 0 220759 0.5038 0.00006976744186043549
1645243060233 0 8.650966000000011 0 149511 0.3398 0.00006976744186043549
1645243063072 0 9.810844000000003 0 118879 0.2719 0.00006976744186043549
1645243065153 0 11.729086999999993 0 85418 0.19190000000000002 0.00006976744186043549
1645243069341 0 11.676851999999997 0 68807 0.1518 0.00006976744186043549
1645243073014 0 11.920240000000007 0 132565 0.3041 0.00006976744186043549
1645243077295 0 11.657789000000008 0 117262 0.2681 0.00006976744186043549
1645243081074 0 11.900529000000006 0 116418 0.2681 0.00006976744186043549
1645243086354 0 10.528483999999992 0 223024 0.516 0.00006976744186043549
1645243091557 0 9.327702000000016 0 214538 0.49189999999999995 0.00006976744186043549
1645243095754 0 9.12898899999999 0 178191 0.4039 0.00006976744186043549
1645243099554 0 9.328958 0 161454 0.3633 0.00006976744186043549
1645243104554 0 8.328524000000016 0 212225 0.484 0.00006976744186043549
1645243109157 0 7.726062000000013 0 195858 0.44820000000000004 0.00006976744186043549
1645243111991 0 8.891116000000011 0 119665 0.272 0.00006976744186043549
1645243114591 0 10.291552000000024 0 108667 0.248 0.00006976744186043549
1645243117151 0 11.813457000000028 0 64782 0.144 0.00006976744186043549
1645243121275 0 11.807488999999975 0 87523 0.2 0.00006976744186043549
1645243124954 0 11.929052000000013 0 155607 0.356 0.00006976744186043549
1645243129352 0 11.54111499999999 0 100404 0.2279 0.00006976744186043549
1645243133671 0 11.21071999999998 0 183614 0.41980000000000006 0.00006976744186043549
1645243138354 0 10.528134000000023 0 197686 0.45599999999999996 0.00006976744186043549
1645243143475 0 9.408900000000017 0 217520 0.49989999999999996 0.00006976744186043549
1645243146751 0 10.131546000000014 0 132353 0.2998 0.00006976744186043549
1645243151472 0 9.410315000000026 0 199853 0.45570000000000005 0.00006976744186043549
1645243156799 0 8.083702000000017 0 225614 0.5162 0.00006976744186043549
1645243160513 0 8.369533999999987 0 150477 0.344 0.00006976744186043549
1645243163354 0 9.528043000000025 0 117995 0.2681 0.00006976744186043549
1645243165437 0 11.445437000000027 0 86503 0.1923 0.00006976744186043549
1645243169072 0 11.934977000000003 0 67335 0.15189999999999998 0.00006976744186043549
1645243173231 0 11.672958999999992 0 132169 0.3033 0.00006976744186043549

